-108
-126
-90
-92
-102
-79
-27
-46
-111
-50
-67
-81
-74
-116
-101
-103
-96
-105
-111
-63
-14
-98
15
-46
-88
-77
-39
-36
31
33
-51
-57
35
-82
-67
-138
34
-112
-80
-116
-110
-144
-142
-130
-110
-110
-87
-109
-95
-82
-106
-87
-142
-72
-109
-112
-80
-96
-2
-112
-73
-108
28
-78
-72
-14
-38
-75
-92
-2
-78
-92
-79
52
52
-25
-36
-112
-65
-2
-92
-78
135
135
146
-32
-78
52
89
49
90
-50
88
-86
78
100
-92
-49
90
52
-82
-82
-18
-56
-81
-92
-92
88
58
-71
-92
90
90
89
52
90
90
41
90
41
90
-92
77
-108
-81
42
-81
41
90
-68
-28
41
-50
72
-58
124
-28
101
41
-50
103
-37
90
41
-4
-92
-50
41
42
113
41
-56
113
42
52
41
113
-51
113
-50
41
-50
-92
-28
77
113
214
42
-50
99
90
103
-38
93
103
42
113
42
113
106
44
42
113
66
42
-50
42
-50
113
126
102
113
114
113
113
42
-4
113
106
121
117
178
126
113
113
120
121
119
121
65
65
113
63
113
42
119
103
30
96
121
113
103
-50
113
103
108
117
103
119
104
126
113
113
115
-50
104
115
117
105
108
103
103
103
117
117
115
106
111
108
107
126
66
103
110
103
126
104
96
126
126
126
126
126
126
106
83
126
103
106
104
117
126
115
114
126
103
126
83
103
103
74
114
35
100
113
117
211
107
113
121
103
103
103
123
96
126
126
103
103
103
119
103
127
184
108
118
103
106
106
116
103
103
-111
104
103
103
116
111
-52
103
117
141
83
110
126
126
126
126
103
126
132
126
126
126
113
113
103
113
102
103
113
103
210
83
83
113
126
116
124
184
126
83
83
104
113
119
114
112
56
126
121
113
99
126
102
149
126
99
112
83
116
103
107
83
83
83
110
83
83
83
308
83
83
114
126
83
168
113
102
83
83
104
83
113
113
74
104
113
126
127
126
103
140
114
83
103
77
137
164
60
96
73
73
98
104
89
89
73
77
127
116
104
113
65
77
110
117
101
104
83
113
111
66
113
118
94
113
113
113
188
73
113
113
113
97
113
102
77
126
116
113
113
113
166
113
113
124
113
113
113
103
96
113
-62
126
113
113
113
113
118
105
113
114
123
116
116
127
197
127
113
109
103
127
140
134
126
93
123
149
128
127
83
126
126
131
129
126
126
95
186
129
116
97
130
126
73
63
101
73
126
114
73
113
73
63
73
108
83
73
73
126
106
-40
106
141
115
104
118
73
104
117
110
66
-52
109
141
118
141
66
130
110
94
80
142
130
104
66
130
105
83
37
101
110
89
83
63
113
137
70
88
113
113
113
83
112
187
102
96
102
83
56
92
103
113
111
176
132
98
83
109
104
96
113
113
66
99
103
113
84
112
113
17
113
103
103
110
111
73
113
96
103
117
83
80
103
149
104
115
83
113
113
74
95
113
77
113
77
113
124
106
77
81
113
83
90
164
126
113
113
83
102
105
191
112
113
113
168
115
149
112
103
117
112
83
93
65
96
197
96
102
149
129
152
111
79
184
110
152
112
111
113
149
136
103
126
110
143
-81
138
95
100
30
127
150
127
116
149
126
149
149
93
126
127
140
228
131
127
-81
147
193
149
229
106
-86
149
102
149
128
109
160
127
149
148
127
149
149
133
-3
152
126
110
126
149
142
149
170
113
122
113
113
136
90
187
170
149
150
127
126
73
170
108
149
126
101
152
131
95
186
136
126
126
139
136
-81
126
149
8
149
149
137
126
130
149
144
149
126
171
149
116
149
214
138
149
109
128
111
109
149
164
113
148
96
131
166
109
154
132
149
93
109
136
149
136
136
136
149
109
144
77
129
129
112
103
109
109
151
156
126
133
-52
84
134
126
137
136
144
158
144
129
149
105
109
90
129
184
109
109
164
149
84
159
109
108
127
109
113
-81
127
149
83
113
56
104
183
109
149
100
155
110
142
109
157
150
100
109
126
111
126
109
102
103
180
131
138
150
120
150
127
109
185
162
143
151
149
149
109
139
141
149
112
127
115
150
54
101
154
143
156
99
130
148
113
83
121
149
167
109
160
86
99
103
124
150
128
136
149
127
149
154
161
120
121
154
129
136
150
149
-82
141
139
150
136
108
137
152
124
150
152
149
150
160
113
154
128
153
149
126
113
149
152
142
110
110
140
138
149
154
249
124
106
99
103
116
128
131
-27
110
127
91
113
116
80
109
130
103
89
114
123
138
99
117
129
130
180
124
103
116
80
150
150
150
124
149
127
256
126
111
99
99
143
128
100
160
129
116
151
77
139
110
110
121
124
125
125
129
136
114
149
126
139
