-59
-26
-116
-111
-113
-27
-83
-104
-101
23
-146
-37
-74
-103
22
-92
-65
-74
-103
-93
-75
-112
-78
-100
-62
-115
-113
22
-57
-86
-51
-139
-49
-59
-20
-59
-79
-72
-61
-47
-68
-69
-77
-49
-50
-147
-83
-104
-95
-39
-51
-81
47
-28
-115
-81
-116
-104
-112
-82
-82
-2
-82
-62
-2
-52
-77
-2
-37
8
-2
-82
-26
-38
-4
83
-50
-56
-38
-38
41
90
-80
-83
-72
-116
-2
-38
113
113
113
74
-83
-82
-72
-82
-79
-82
-62
-62
-38
90
113
-62
-72
-38
-115
113
-38
-72
-50
-2
-92
-38
-38
90
-62
190
-72
-62
-26
-2
104
196
-62
189
-56
-112
-116
24
-126
-121
42
28
59
12
-33
-112
-136
26
-92
-112
-121
-29
-56
-39
-29
51
-92
112
89
113
-92
-92
113
121
226
-92
154
-78
-92
-92
109
-92
175
-115
104
-116
-92
-69
-112
146
-92
-14
186
103
127
-92
41
-52
89
-92
-92
118
89
171
-92
90
-97
-78
-78
-92
-92
-92
124
-92
-50
-92
-92
122
167
-78
-92
-92
-92
-92
-92
104
35
-143
-92
107
-112
96
-92
-78
-50
117
374
164
117
-50
-68
46
-92
-92
124
-78
-36
109
-92
-82
46
-92
158
-92
111
103
-112
103
108
-92
117
-92
-92
-92
-92
117
-92
103
-82
-82
-82
88
-82
-112
-82
45
-82
-82
-82
-82
-82
-92
96
-92
-92
123
-92
-92
103
-92
167
-92
216
300
204
-82
-68
-91
180
-91
167
120
-92
-92
42
120
113
189
173
113
155
194
215
136
208
-82
-82
-82
101
195
166
180
113
159
-92
109
168
-92
186
139
173
159
146
144
142
-4
171
158
199
139
377
240
162
124
178
182
163
102
241
129
182
177
163
128
138
108
96
111
121
122
135
175
185
111
129
105
63
113
75
154
63
112
100
74
123
167
113
171
135
165
108
107
149
90
99
109
41
53
257
159
100
64
150
173
53
194
78
155
-111
89
40
22
100
100
100
132
141
113
73
107
123
100
112
77
159
228
112
111
122
114
192
111
190
89
93
63
101
111
162
144
87
118
-52
63
-17
189
52
42
109
210
111
123
111
96
110
140
113
63
113
204
113
89
53
90
90
177
103
103
32
123
140
42
118
168
103
136
63
74
53
171
-81
144
100
186
113
124
19
90
124
137
113
165
101
-81
113
90
80
-4
148
274
110
63
124
118
30
184
96
168
185
183
100
103
137
103
54
156
113
103
75
113
169
105
237
100
113
100
206
96
115
108
195
114
138
31
186
124
167
142
216
191
111
187
201
114
144
144
159
381
175
114
167
167
238
159
194
199
171
170
114
103
281
155
202
150
225
314
180
189
137
161
189
190
165
148
156
108
175
247
199
165
40
169
144
134
244
149
289
192
385
244
169
288
117
178
153
184
180
199
235
323
182
115
447
208
159
196
135
124
224
282
170
189
172
266
187
150
-71
188
186
113
284
496
169
423
133
420
193
160
6
188
291
19
176
148
220
179
115
180
154
209
166
188
289
198
188
206
223
241
204
134
245
198
138
89
100
138
132
97
196
193
182
255
199
121
333
-61
105
227
199
137
118
123
209
89
130
284
167
208
274
190
191
186
117
138
230
191
292
212
193
187
89
262
122
185
83
77
411
100
254
121
293
119
91
107
178
202
198
294
112
190
198
173
185
197
169
288
138
150
185
66
215
147
145
165
415
195
119
153
311
210
197
202
185
119
194
205
89
139
171
92
1
92
77
175
129
183
124
223
289
170
290
303
154
112
237
217
185
110
112
149
-1
182
187
300
165
113
42
184
195
94
284
232
193
193
256
113
129
194
377
-12
-3
239
186
130
163
98
222
165
141
192
141
238
235
283
308
154
167
196
192
189
193
185
374
324
256
-52
185
338
-52
392
101
166
146
195
191
-52
200
141
189
179
287
281
180
174
196
106
140
195
188
373
122
374
197
188
279
186
121
278
298
179
106
298
164
124
275
279
185
111
366
182
380
182
191
211
172
138
268
135
319
164
162
348
-4
193
189
166
314
324
202
221
144
146
128
253
206
193
166
225
164
221
154
209
161
238
302
167
119
335
152
317
202
336
409
248
322
164
422
198
148
178
355
183
203
143
200
319
261
154
185
140
230
171
208
177
144
191
142
170
189
-57
413
118
139
236
173
181
406
177
185
439
179
207
158
178
233
168
218
209
221
190
284
144
146
290
373
197
146
210
216
207
341
485
226
187
147
113
400
204
139
221
139
183
400
130
252
286
193
311
188
171
182
102
214
-31
173
319
283
396
286
115
171
304
435
110
172
316
110
179
181
185
143
112
182
352
129
296
224
194
391
191
205
124
114
148
307
294
215
229
212
134
204
231
-111
324
144
235
312
372
181
172
257
362
-81
123
243
148
271
136
