-65
-115
-113
-115
-45
-37
-74
-115
-101
-107
-114
-50
-122
-71
-43
-50
-106
-84
-126
-48
-58
-88
-79
-74
-115
-28
-84
-75
-119
-50
-74
-115
-81
-101
-74
-111
-134
-103
-70
-62
-83
-102
-57
-100
-5
-100
-104
-105
31
-143
-53
-50
-65
-65
-46
-133
-83
-68
-116
-137
-44
-38
16
-67
-71
-45
-144
-132
-85
-68
-105
-103
-114
-38
-45
-53
-104
-95
92
-38
-51
-64
-45
-89
-55
-104
-39
-70
-85
-49
-48
-9
-110
-130
-85
-101
-101
-132
-142
-73
-92
-57
-72
-17
-112
-85
-57
-5
-79
-76
-113
-89
-6
-62
-90
-32
-94
-142
-84
-67
-49
-7
-47
-104
-101
16
-144
-144
-38
-63
-93
-39
-1
-15
-93
-52
-91
-22
-17
-94
-27
57
-115
-60
-20
3
-115
-54
-108
15
-41
-73
-36
-52
-112
-33
-115
-93
-143
-74
-105
-57
-41
-50
-20
-76
-45
-38
-57
-24
-15
-69
-93
-47
-105
30
-94
35
-115
-11
-68
-49
10
-30
-54
-69
-71
-104
-105
-104
-145
22
46
-25
-8
-45
-30
-68
2
-20
-104
-77
-116
-48
-79
-95
-23
-13
-64
-105
-96
-13
-56
-111
-93
-60
-143
-28
-58
36
-18
-98
-101
-53
-100
11
-88
-8
-55
34
-81
-132
23
-68
17
-100
31
-104
-130
1
-105
12
-98
-100
36
-111
46
-100
-123
24
41
-49
55
-79
-77
-94
-36
-126
16
-100
-116
47
-82
-125
-26
-108
-111
31
36
-112
113
-40
-37
-61
4
-66
-115
-92
-66
-90
35
-79
-105
-112
-54
-111
-104
-105
110
11
-145
-64
-13
113
-104
-112
69
-112
-104
-116
-9
-92
-111
-111
-116
-112
90
88
46
-105
13
-67
-105
10
-115
-111
77
90
-13
-38
-87
-70
-95
-116
-49
-92
-135
-134
-83
-120
-50
-79
-66
-105
-59
-94
-94
-115
-92
66
41
77
-116
-111
-105
-49
-55
6
106
-39
-105
102
-13
-112
-61
38
66
90
42
-26
-92
-38
38
74
-38
-66
38
41
-38
36
110
-67
-44
41
74
42
-13
40
-48
104
-81
41
-82
101
77
-38
66
106
42
12
42
-64
41
104
41
-79
-55
41
42
-38
-111
-81
104
104
74
77
-55
-27
66
106
-38
-49
-79
-112
67
-38
-38
-116
106
-38
-38
-38
106
-66
-92
12
90
-112
132
78
74
-112
42
26
-112
-92
-92
-112
-112
-38
-112
28
-38
74
28
-53
-112
27
-67
1
106
106
101
61
106
-115
69
-55
-115
-55
-55
-67
106
-112
-49
-53
46
-33
104
74
-21
28
-55
-112
54
26
-33
-72
39
69
26
36
-94
63
36
36
46
-71
-26
101
-8
66
78
54
-55
-42
14
-67
-74
19
33
-15
85
73
-33
-86
102
-24
17
-67
22
-91
74
-66
46
-50
69
-91
-31
-92
63
90
57
-38
49
63
63
-15
-70
-55
73
-62
101
39
77
75
-70
82
39
-50
-55
101
-50
-62
89
36
-70
27
-91
-57
-50
-50
82
104
-23
-90
-91
-91
-50
-91
-91
-54
83
39
-92
-92
55
89
89
-91
-92
90
101
56
-50
-92
73
89
90
53
154
89
106
159
89
102
101
102
-13
126
-51
102
-92
-92
89
-23
34
39
106
-50
102
77
106
74
87
113
56
101
66
126
101
102
102
126
66
-50
89
101
102
101
101
102
102
89
102
77
89
7
113
127
66
101
104
101
101
73
66
-64
-50
113
-50
74
-92
-50
-75
-50
102
74
75
-76
96
191
126
77
74
113
-92
126
102
75
126
127
74
74
77
192
102
66
114
66
38
113
128
73
-75
101
-92
89
38
104
106
38
-64
-64
104
105
101
70
96
89
26
45
38
101
104
242
7
89
66
127
101
66
-6
114
21
96
66
56
26
-64
77
101
178
126
101
89
89
-92
101
38
10
49
-7
-19
38
-64
34
38
89
-68
-18
-92
7
38
-92
-19
-26
-20
104
101
101
107
137
41
89
112
89
101
-92
101
-3
70
89
101
102
89
38
101
141
18
101
49
81
101
1
38
102
101
137
100
92
66
81
89
49
89
100
101
101
101
149
101
101
138
112
77
101
112
107
112
70
100
275
-92
102
89
112
100
101
100
112
100
112
112
88
190
118
101
101
112
100
112
101
89
100
88
89
90
101
29
101
112
100
100
204
100
106
101
112
112
41
101
90
106
101
101
100
117
106
100
137
90
100
138
29
101
89
-39
181
106
29
90
29
106
-1
29
101
18
126
106
29
106
185
101
-81
-39
29
-40
126
11
89
-52
186
101
276
-53
181
29
67
106
89
89
106
-53
89
89
89
89
89
66
38
29
101
181
-53
89
20
90
203
100
177
29
101
101
90
106
126
112
89
126
102
89
113
190
101
-81
89
102
101
16
101
126
90
50
101
89
111
101
101
191
101
89
181
112
38
101
196
101
137
37
101
101
38
101
38
126
41
118
101
101
38
248
91
197
101
101
101
38
44
54
38
182
38
43
101
75
208
101
100
37
34
99
38
111
77
102
101
96
101
197
101
45
111
112
92
49
94
100
182
101
107
126
101
101
101
74
111
126
101
-73
