-38
-51
-116
-61
-101
-81
-109
-96
-93
-105
0
-122
-38
-114
-111
-100
-114
-88
-52
-63
8
-52
-73
-56
-74
-28
-120
-92
-103
-43
-50
-111
-51
-133
-31
-27
-84
-112
-63
-38
-47
-68
-70
-14
-83
-49
-115
-26
-42
-63
-75
-33
-113
-47
-8
-34
-47
-64
-57
-75
-136
-112
-38
-61
-85
-99
-51
-110
-84
15
184
-82
-15
-22
-115
-71
-65
-75
-67
-55
-61
-82
-53
-82
-112
-115
-75
-42
41
-62
-68
-69
-25
-75
-29
-14
-45
-88
-102
-9
-64
-33
-111
-71
-64
25
-108
36
-26
-55
-114
-79
24
-75
-11
-67
-67
-50
-113
-92
-115
-68
-142
-75
-75
-90
-60
-55
-82
-115
-107
0
-86
45
-72
-55
-75
-90
-54
-79
-14
-113
39
-55
-58
-108
-36
-9
12
-115
-62
39
-82
-10
-54
24
-115
-85
-10
-10
-54
-115
-78
-107
-54
-112
-64
-85
-79
-23
-79
-8
-91
-142
69
-55
60
-115
-55
-115
-108
-135
-102
-85
67
-58
-64
-22
-108
-79
80
-115
-54
-54
-54
-69
-67
-24
-60
-54
-115
-115
-111
76
-18
-85
-55
-33
62
-24
-2
-35
-64
-78
-90
-58
-75
-107
-2
49
-112
-113
-113
-24
-67
-113
-115
-20
-67
-2
-108
-62
-90
-62
-78
-79
-96
-61
-24
-24
-90
-120
-75
-49
-24
-24
-69
-69
-78
-67
-62
-78
-78
-79
73
-49
-92
71
-92
-39
-2
-67
-69
-20
-49
-49
-67
-109
-95
-67
-82
-64
-2
-19
-49
-22
-77
44
-19
-67
-2
-2
-32
-49
-49
76
-115
-55
-90
-49
-62
-2
-74
-19
-2
-22
-26
-49
-38
-4
-61
-78
-64
-2
-26
-49
-90
-55
-60
-46
-14
-14
-71
-64
-85
-55
-92
-104
-114
-55
-2
-49
-67
-16
-2
-55
-62
-100
-49
-66
-20
-122
-19
-92
9
-6
-25
-49
-103
-93
-38
-26
-2
-2
-16
-14
-14
-2
-2
-19
-2
-2
-27
-2
-26
-36
-4
-2
-3
-2
9
-43
8
-3
112
-49
-3
-23
-3
-48
-14
108
-15
101
-3
-112
112
-102
-92
112
-18
-14
8
98
-15
-6
98
98
112
40
-3
-14
98
50
90
-34
-72
37
-96
108
101
135
110
112
67
20
118
112
-18
51
-40
112
40
101
181
-7
114
-6
-6
113
100
112
187
90
101
126
112
135
121
129
127
113
73
132
123
89
188
98
112
127
101
162
99
88
206
100
100
110
-92
99
111
122
100
89
112
52
111
88
99
108
101
41
100
100
100
88
88
99
52
63
41
75
53
123
88
101
-111
186
135
29
7
135
99
99
88
123
100
53
53
186
88
108
112
99
112
114
100
53
112
112
63
63
88
77
219
101
218
82
219
112
63
101
52
107
117
121
64
18
42
41
52
190
53
63
74
105
112
42
52
63
135
110
195
63
52
52
119
88
64
63
52
97
52
41
110
99
195
101
38
111
99
175
101
112
188
193
179
110
110
111
-53
225
187
103
101
101
94
100
202
89
256
-81
111
223
213
195
101
104
110
78
191
92
101
185
95
77
146
100
202
175
132
230
101
77
172
218
187
113
188
191
363
98
77
239
195
110
198
237
212
206
393
235
81
101
54
104
233
193
29
255
285
60
98
270
151
263
60
246
223
132
125
29
126
60
60
49
29
92
-63
60
92
129
133
104
88
49
29
139
77
175
82
49
188
29
88
196
99
144
108
96
-92
49
29
70
206
40
126
113
38
345
122
188
87
49
81
49
-92
140
38
49
119
108
58
110
60
124
-92
60
71
114
185
49
99
49
204
-92
60
171
49
204
205
49
181
94
99
199
176
99
-74
156
96
75
49
145
51
232
188
29
275
51
40
97
205
88
97
53
54
88
186
61
92
49
108
110
62
186
42
99
86
97
43
57
67
75
43
99
144
189
40
88
39
194
112
85
48
77
76
119
88
117
77
111
88
126
89
78
240
89
191
164
88
140
107
118
183
96
104
88
77
256
90
182
168
10
130
168
140
172
111
65
72
257
187
117
75
-32
141
152
87
-52
155
-42
98
77
97
184
75
176
185
-50
-52
70
45
162
-52
-32
206
234
104
-32
102
136
97
-34
132
88
163
230
-32
-51
-32
-32
34
-50
178
87
96
104
174
-52
206
-52
34
-51
52
189
177
75
76
-52
-59
99
181
-52
172
87
52
179
34
180
92
96
176
34
99
-52
52
114
184
-32
99
103
34
227
102
-32
184
-32
136
100
75
45
82
184
91
104
175
200
-39
104
98
107
139
253
179
99
220
-52
192
36
0
102
92
271
172
-32
-51
178
36
124
96
174
102
-32
185
33
52
-35
108
176
99
89
175
174
191
99
113
185
219
185
147
192
209
99
104
174
147
94
103
125
175
197
98
176
174
219
239
113
-39
143
189
90
-46
119
204
-28
233
170
90
88
113
206
156
168
254
152
115
122
106
174
271
183
92
112
257
106
90
226
219
100
216
81
176
156
298
192
213
195
98
188
239
235
182
144
118
100
186
187
97
128
