-94
-42
-33
-87
-90
-77
-87
-43
-63
-57
-77
-103
-91
-117
-77
-104
-98
-64
-98
-36
-93
-90
-112
-48
-89
-81
-44
-120
-76
-111
-57
-78
-41
-104
-64
-91
-16
-100
-111
-85
-63
-78
-121
-105
-66
-81
-68
-91
-65
-14
-49
-22
-112
-28
-76
-32
-38
-74
-99
-133
-75
-77
-131
-84
-75
47
-95
-27
-27
-16
13
-64
-30
-45
-52
12
-103
-56
-99
-67
-51
-64
-96
-50
-115
-99
-45
-110
-110
-89
-39
-125
-57
-19
-136
-131
-112
-43
-63
-58
-88
-15
-57
-112
-88
-85
-113
-72
-65
-24
-54
19
-64
6
-81
-25
3
-70
12
-46
-120
-77
-101
-77
-74
-54
-111
-4
41
-76
-55
24
-40
-72
-142
-140
-69
18
-20
-1
-15
-41
-97
24
-49
-67
-124
-25
-115
-38
0
-67
-112
-50
32
41
13
-81
-93
-139
50
-91
29
-96
16
-112
-77
-135
34
-44
-92
-14
-57
-62
-66
-45
-63
6
-142
-8
17
1
16
-141
-40
-20
25
-124
-66
-35
-141
-86
-25
-51
-112
17
15
14
36
-25
-116
22
-112
-73
-149
36
-140
-51
-67
-142
-77
17
-13
-143
-112
-116
-45
-55
-45
-72
-112
-143
-55
-76
-22
-145
-76
49
-145
-144
-55
-116
-141
2
-35
-94
-143
18
-74
-45
42
-55
-47
-90
-21
-101
-92
-74
-108
50
-144
-3
-111
-123
-38
-131
-48
58
46
-119
-142
-75
-77
-2
-37
-69
-38
-2
-2
-2
-92
-61
-112
-2
-91
-111
-38
-116
-38
-26
-78
-66
-36
-38
-111
-86
-38
-120
-96
-38
-60
2
-92
-132
-92
-92
-69
-82
-111
-142
-82
-38
-54
-92
-111
-92
-111
-92
-94
-55
-51
-112
-112
-111
-80
-111
-26
119
-31
-111
-107
-112
69
-70
-111
-78
-112
-111
25
-146
-111
-111
-25
-57
-145
-111
82
-67
-92
-86
-135
-6
-80
-26
-111
-92
-68
-68
-130
22
-26
-112
-92
-38
-92
-38
-92
-82
-92
-111
-55
-2
-38
-24
-111
-108
63
42
-112
-15
-38
-54
2
-81
-7
-112
-50
-92
-111
-92
-38
55
-111
55
-61
2
-35
-111
-111
-111
-92
-39
-112
-100
-2
-2
146
16
42
-81
-110
29
18
-63
-85
42
-91
47
44
-90
-52
-55
-55
55
-74
-3
-90
-87
-55
-45
-98
-3
-2
-31
-60
-56
-32
-128
49
9
-15
-115
-111
-112
-71
-3
-98
53
-48
37
68
-24
71
-74
17
48
-111
-91
-18
-104
-63
-90
-103
-55
-25
-90
-64
-55
-90
-9
52
-90
42
1
-18
58
44
-45
-79
82
56
-82
-90
-91
54
-79
-1
55
-94
60
-94
-108
-17
-61
55
-16
-9
-113
-79
-55
-79
-90
-119
-81
-79
53
-79
-90
-79
-91
-77
-72
-84
23
-94
40
-90
-88
-86
-78
-81
-78
-116
-66
-105
-78
-95
-115
-116
-66
57
43
41
-95
-78
-55
-90
-113
15
41
-89
-74
-20
-116
-4
-102
0
-90
-99
-81
-106
47
-1
-66
-4
-84
-55
-55
-90
-113
-57
-115
46
-115
75
-90
58
-59
-113
58
-19
-89
-51
-79
46
-52
-115
-67
-43
-90
-94
-51
-91
-79
-115
32
-78
-55
-55
-103
58
36
-79
-103
61
-91
-118
-85
-53
30
22
-115
-115
-55
-115
-115
-85
-90
52
94
46
-90
-91
-88
-99
-94
5
-115
-25
-50
-115
47
-67
-78
-85
30
-21
20
-19
-66
-85
46
-31
-55
34
-79
-109
-88
-88
-55
-79
-116
-51
0
-90
46
-115
-95
-115
-78
-89
128
-51
-54
-54
1
-51
-78
-113
-55
34
-62
-78
29
6
-54
-78
-115
-9
-54
-39
-3
-88
-115
-81
-19
-115
58
-115
-55
-66
-92
-66
82
57
-55
71
65
-94
-92
-63
-115
87
-115
-96
-90
38
-55
-70
-115
-115
-115
-60
-115
-58
-15
-115
29
25
-55
2
-90
-79
-79
-103
-78
-49
-39
10
-48
-70
-63
-84
-110
13
-89
69
-113
-113
1
-84
-91
-84
-79
-110
54
-105
-110
-118
52
-40
117
-83
-83
-78
-84
-84
-67
35
-115
-55
-78
-43
-111
34
-84
-66
21
-125
-78
58
-55
-83
-63
-51
-50
-43
10
58
-50
-66
-84
-55
57
-94
35
10
-3
-51
-83
-84
35
24
-58
-83
-94
-55
-83
57
-39
-43
16
46
-84
57
-83
-115
-116
-39
54
-55
93
16
82
-84
-55
-50
-51
-94
41
58
57
64
7
41
35
-15
3
-62
-51
-82
-2
46
29
82
-84
-3
-94
10
47
58
-95
-4
11
-105
-75
30
33
46
82
22
16
-121
-95
-84
60
57
-114
13
22
93
-111
40
-78
-51
23
-111
-73
-84
-3
49
68
-75
34
-84
13
94
-94
45
31
-115
-67
-68
27
-84
24
46
-72
-15
-38
82
-75
45
-4
-94
-78
-18
-64
-64
-3
34
-67
10
46
-115
34
12
136
-84
-30
45
82
45
46
48
-115
-113
57
8
44
57
58
57
58
-55
-4
57
-15
-113
34
-9
34
57
-55
56
44
-93
-14
-56
47
-64
-3
143
143
-6
-93
57
-2
95
-3
41
56
44
-12
22
-49
-66
56
45
45
46
1
57
82
34
-124
-3
-14
-2
-14
-19
68
157
-3
44
68
-64
34
44
22
67
-64
68
-4
47
-93
-129
-93
47
47
47
23
57
-84
34
47
35
69
33
134
-2
72
-15
-100
-14
49
-16
-121
159
75
57
-3
83
9
-3
-54
58
-9
-27
-56
