-72
-90
-113
-15
-104
-112
-53
-111
-76
-112
-142
-133
-101
-117
-72
-52
-62
-64
-62
-41
-94
-100
-81
-116
-65
-86
-104
-121
-67
-138
-100
-77
-98
-54
-142
-90
-49
-112
-105
-67
-111
-83
-133
-60
-20
-57
-142
-105
-81
-66
-101
-92
-100
-36
-52
-105
-55
-62
-85
-55
-104
-68
-67
-62
-142
-121
-101
-40
-121
-116
-109
-53
-65
-142
-133
-113
-103
-146
-119
-78
-107
-116
-48
-112
-101
-26
-102
-120
-132
-113
-101
-101
-103
-142
-73
-94
-103
-95
-143
-132
-93
-120
-120
-78
-104
-117
-103
-27
-80
-68
-119
-52
-138
-87
-93
-46
-55
-93
-120
-132
-95
-114
-89
-82
-100
-76
-120
-71
-117
-73
-97
-48
-45
-84
-102
-68
-105
-105
-97
-112
-57
-115
-50
-94
-80
-73
-115
-65
-100
-64
-121
-30
-75
-116
-51
-69
-22
-45
-67
-66
-121
-138
16
-78
-43
-74
-73
-104
-53
-88
-27
-111
-53
-86
-67
-100
-103
-63
-80
-83
-119
-55
-89
-75
-65
-60
-111
-114
-48
-99
-126
-113
-106
-29
-70
-99
-97
-92
-90
-121
-77
-88
-43
-89
-36
-92
-111
-94
-48
-81
-142
-93
-141
-59
-83
-56
-76
-69
-116
-10
-17
-111
-102
-67
-68
-73
-142
-92
-87
-105
-93
-47
-86
-47
-105
-109
-94
-120
-99
-124
-39
-17
-111
-88
-68
-77
-143
-110
-85
-94
-94
-89
-83
-101
-91
-26
-115
-116
-47
-131
-134
-80
-120
-67
-113
-114
-66
-70
-28
-115
-105
-82
11
-119
-26
-81
-111
-102
-123
-103
-140
-130
-27
-143
-56
-54
-104
-57
-60
-41
-107
-39
-82
-94
-131
-87
-58
-78
-41
-71
-32
-78
-107
-61
-104
-67
-65
-142
-117
-140
-50
-96
-100
-113
-38
-103
-112
-95
-85
-19
-9
-78
-134
-66
-36
-51
-89
-50
-62
-39
-94
-89
-113
-135
-104
-60
-116
-57
-115
-110
-56
-89
-131
-108
-58
-35
-94
-144
-46
-41
-36
-64
-87
-112
-78
-17
-85
-78
-105
-115
-44
-35
-87
-86
-123
-82
-135
-28
-146
-116
-28
-112
-52
-52
-68
-143
-72
-58
-79
-76
-39
-85
-47
-99
3
-85
-53
-54
-68
-77
-105
-78
-112
-86
-121
-111
-46
-67
-33
-112
-65
-66
-101
-81
-88
-121
-70
-132
-109
-47
-68
-84
-54
-133
-142
-55
-25
-33
-80
-92
-26
-64
10
-62
-115
-64
-83
-121
-35
-76
-115
-119
-55
-48
-37
-88
-20
-52
-116
-102
-27
-101
-42
-16
-125
-65
-116
-112
-94
-141
-65
-68
-136
-68
-95
-114
-54
-61
-68
-67
-65
-98
-83
-100
-131
-63
-94
-65
-114
-116
-26
-75
-67
-49
-70
-115
-84
-15
-103
-79
-53
-71
-37
-104
-83
11
-85
-60
-54
-31
-49
-98
-76
-142
-32
-55
-34
-84
-76
-17
-114
-143
-76
-145
6
-116
-82
-100
-88
-45
-98
-34
-79
-109
-2
-52
-101
-10
-44
-28
-10
-82
-55
-99
-104
-84
-99
-80
-115
-111
-62
-65
-75
-39
-62
-69
-113
-77
-73
-104
-82
-113
-131
-90
-94
-23
-91
-99
-113
-35
-57
-69
-37
-17
-121
-89
-119
-116
-63
-64
-103
-34
6
-59
-92
-143
-35
-125
-105
-133
-76
-66
-95
44
-108
-43
-25
-24
-112
-66
-79
-101
-53
-46
-63
-72
-36
-100
-78
-46
-116
-52
-85
-116
-24
-103
-34
-36
-67
-36
-88
-57
-89
-140
-95
-127
-115
-38
-78
-143
-115
-30
-65
-65
-85
-102
-116
-38
-55
-104
-61
-133
-103
-88
-82
-95
-121
-145
-52
-39
-45
-45
-48
-69
0
-93
-54
-114
-115
-53
-131
-10
-27
-20
-61
-114
-63
-84
-100
-92
-77
-87
-115
-39
-62
-75
-105
-73
-99
-113
-14
-78
8
-103
-50
-95
-63
-126
-27
-120
-15
-59
-104
-65
-63
-24
-38
-91
-131
-101
-98
-64
-46
-136
-67
-88
-95
-101
-110
-101
-19
-121
-35
-115
-50
-75
-79
-115
-31
-74
-27
-98
-54
-95
-20
-78
-146
-91
-75
-10
-126
-83
-27
-100
-42
2
-62
-107
-104
-98
-42
-75
-84
-42
-134
-100
-38
-79
-23
-108
-20
-37
-48
-52
-47
-87
-89
-78
-78
-129
-63
-126
-36
-14
-48
-27
-62
-89
-5
-33
-67
-78
-4
-31
-131
-46
-61
-74
-17
-135
-105
-71
-101
-15
12
-73
-51
-77
-50
-54
-74
-89
-17
-122
-99
-130
-76
-34
-8
-131
-55
-9
-14
-62
-62
-126
-55
-136
-115
-71
-91
-51
-104
-77
-93
-133
-84
-75
-47
-11
-112
-79
-53
-76
-89
-64
-84
-119
-27
-34
-134
-48
-104
-45
-112
-56
-66
-73
-29
-68
-112
-35
-53
16
-79
-85
16
-84
-6
-78
-10
-100
35
-10
-133
-55
-1
-42
-17
-78
-22
-122
-38
-81
-73
-60
11
-68
-40
-71
-94
-31
1
-81
-115
-112
-51
-83
23
-71
-101
-76
-115
-103
-21
-115
-93
-48
-67
-141
-53
-98
-81
-78
-74
-3
-60
-35
-50
-112
-46
-67
-80
-104
-17
-8
-144
-16
31
-114
-90
-92
-71
-52
-36
-111
-66
-19
-73
-69
-67
-113
-82
-71
-10
-124
-57
-106
-115
-88
-61
-63
-133
-84
-61
-14
-97
5
-60
-6
-57
0
-27
52
-90
-93
-26
-133
-60
-130
-86
-145
5
4
-29
-62
-24
-91
-95
-68
-70
-63
-130
-21
-8
-74
-67
11
-115
-112
-27
-106
-18
-102
-3
-74
-113
-68
-28
22
-64
-57
-60
-77
-83
-60
-14
-97
20
-120
-32
-119
-69
-121
-18
-9
-40
23
-81
-135
-24
-8
2
-88
-99
-110
34
-57
-90
-79
-50
-64
-68
-38
-14
35
-28
-74
-43
-40
