-57
-57
-89
-84
-119
-142
-106
-16
-115
-116
-103
-78
-78
-109
-93
-84
-79
-143
-56
-79
-74
-70
-102
-99
-103
-72
-119
-64
-68
-65
-133
-57
-124
-93
-33
-62
-55
-101
-126
-88
-105
-75
-98
-79
-48
-70
-78
-142
-46
-90
-87
-77
-47
-74
-62
-141
-89
-102
4
-111
-106
-80
-106
-81
-15
-84
-142
-65
-91
-81
-41
-130
-111
-116
-48
-77
-131
-37
2
-82
-99
-77
-105
-115
-114
-87
-110
-69
-14
-120
-79
14
-107
-111
-113
-134
-91
-64
-46
-87
9
-78
-104
-101
-51
-68
-114
-68
-60
-111
-89
98
-77
-105
-120
-64
-100
-116
-72
-67
-88
5
-114
-25
-43
-101
-83
-77
-104
-123
-80
-91
-88
-78
-141
-143
-117
-78
-62
-61
-113
-42
-77
-65
-54
-45
-56
-36
-123
-112
-44
-53
-104
-128
-92
-57
-76
-138
-143
-104
-14
-88
-96
-77
-56
-25
-120
-58
-144
-134
-97
-64
-18
-33
-112
-82
-144
-110
8
-60
-112
-60
-58
-91
-112
-69
-95
-43
-66
-68
-31
-88
-143
-44
-113
-84
-97
-113
-56
-100
-85
-60
-47
-90
-72
-108
-47
-44
-111
-101
-67
-101
-95
-142
-68
-87
-22
-112
-46
-49
-66
-46
-90
-77
-58
-112
40
-76
-49
-55
-60
-82
21
-101
-47
-86
-53
-56
-75
-50
-65
-48
-135
-39
-110
-110
-47
-67
-143
10
-112
-66
-114
-8
-8
-78
-64
-6
-51
-142
-68
-74
-24
-109
-30
-110
-104
-75
-102
-103
-99
-109
-18
-44
-81
11
-110
-67
-101
-85
-9
-99
-12
-8
-71
-24
54
-17
-38
-72
-85
-58
-105
-65
-27
-113
-35
-144
-21
-66
-64
-64
-60
-6
-69
-38
-10
-96
69
-28
-81
-58
-73
-110
-139
10
-146
-7
-105
-15
-62
-108
-65
-62
-103
-53
-29
-88
-81
-112
29
-67
-48
-49
-111
-57
-76
-51
-96
-76
-61
-116
-73
-54
-65
-25
-77
-67
-77
-141
-64
-83
-112
-18
-20
-45
5
-110
-78
-69
-52
-18
-67
-78
-51
-58
-148
-65
-112
-80
-113
22
-70
-71
-28
-13
-39
-93
-52
-104
-93
-100
-38
-113
-87
-30
-72
-99
-34
-62
-3
-11
-82
-39
-46
-64
-84
-78
-115
16
33
-24
-114
24
-64
-68
-41
-69
-91
-12
-38
-48
-84
-115
-41
-58
-84
-135
-144
-88
-115
-80
-66
10
-110
-63
-79
-65
-30
-103
-78
-77
-39
0
-90
-54
-70
-142
-100
-22
-109
9
-83
-85
-56
-27
-51
-105
21
-110
-29
-84
-28
-104
-57
-78
-56
-26
-86
-77
-11
-112
-73
-22
-93
-30
-39
-115
20
-133
-124
-19
-67
-74
35
-61
-75
-93
-77
137
-29
-83
-81
-47
-7
-85
-23
-56
-53
27
-65
-13
-27
-125
-34
-81
-92
-73
-120
5
79
-115
17
-22
1
-39
-112
-94
-51
-42
-44
-35
-6
-30
-47
159
-80
-42
-34
-28
0
-33
-88
-68
-31
17
-113
-43
-84
-70
-95
20
95
-68
38
-114
-94
-85
-40
-98
28
24
88
-4
-31
-39
0
-27
-106
-23
-51
-101
-72
35
-24
-94
-56
-44
8
11
-70
-33
-99
-83
-93
-87
299
-91
-112
7
-16
-57
-8
-8
-45
-75
-45
-100
-64
-96
19
55
-88
-46
-142
-109
-62
-74
4
47
22
-114
23
-55
1
-7
-5
16
-14
-40
23
-131
-37
-91
15
-100
-53
-78
-78
23
-17
-95
-134
-17
-101
-55
-18
-89
-74
9
-37
-78
-85
-73
-65
-96
-83
-65
24
116
48
-30
-91
-68
-66
-23
30
-41
-91
1
-6
68
-86
55
8
4
-97
-85
-85
-112
-115
2
31
-112
13
-30
-83
-44
24
24
-90
12
-70
-96
-10
-90
-15
45
-126
-37
-26
-33
-55
-27
-27
-116
-99
-17
35
-14
47
68
-4
-5
-5
274
-111
-2
-92
8
-1
-20
-112
-74
11
-112
-33
24
47
-25
-14
-45
-6
-49
-5
-112
-3
49
-83
-74
-35
-110
-112
-91
-83
58
-111
-12
9
-84
47
-13
-73
-36
58
43
-44
-82
-74
-3
-4
9
-24
-90
-48
79
20
68
46
-73
39
-3
72
58
-36
31
58
-14
69
36
9
-32
47
-64
18
-48
9
34
-74
-44
-51
73
-112
16
-14
-42
82
33
-73
-2
-23
7
5
-3
-68
46
47
-23
20
-91
27
47
-61
102
-33
47
-112
-111
24
-70
-64
17
-81
-84
31
-2
29
-112
-113
-1
-82
-82
9
-92
14
-67
-23
42
-100
106
-82
-38
-116
44
6
35
2
17
24
-38
58
-111
47
101
-92
-14
-68
27
-82
-13
-111
-78
-3
-82
-22
-68
-38
21
-60
-81
-92
21
-26
-38
76
-48
-12
0
0
-112
40
-112
-101
-82
-53
-69
-72
-49
2
-14
5
40
-112
-84
-14
-48
166
-81
-14
-82
-111
47
24
38
-26
-112
-61
-16
-32
0
-16
-12
-72
-67
-38
-38
-42
-17
-26
-26
-25
-78
-34
11
-44
-112
-17
-38
-22
-38
87
-14
-52
-101
-25
-92
38
-22
-38
-37
-26
-78
-26
-46
-26
-112
117
-38
-38
-38
-38
-51
-27
-38
-38
16
-92
-13
-26
-26
-84
-38
102
-38
-85
148
-67
-38
77
-69
74
89
-36
-42
-50
-22
-10
89
90
117
88
113
-92
-112
-112
88
43
-61
-60
-4
-91
-22
-92
-22
-23
-92
-22
113
-81
115
-11
2
38
-26
106
38
74
106
58
113
14
101
138
-92
-12
90
106
25
159
21
75
102
46
101
113
106
-92
-83
102
276
