-92
-116
-103
-102
-88
-98
-92
-102
-125
-53
-117
-63
-70
-40
-126
-22
-44
-103
-101
-113
-93
-32
-139
-144
-90
-111
-91
-143
-112
-108
-38
-111
-102
-146
-103
-132
-50
-67
-55
-89
-146
-87
-93
-71
-37
-85
-110
-113
-98
-79
-100
-50
-49
-9
-104
-70
-73
-87
-95
-111
-8
-109
-72
-104
-115
-75
-111
-81
-1
-44
-53
-114
-87
-89
-64
-104
-82
-93
-99
-112
-129
-89
-74
-41
-105
-115
-115
-52
-72
-64
-141
-74
-141
-95
-83
-131
-91
-109
-27
-75
-99
-113
-126
-88
-88
-88
-116
-68
-109
-103
-43
-109
-120
-27
15
-52
-108
-143
-77
-113
-117
-24
-110
-140
-101
-59
-107
-19
-143
-2
-65
-21
-44
-47
-104
-56
-67
-112
-145
-135
-21
-131
-68
-123
-64
-109
-115
-68
-17
-109
-58
-42
-143
-53
-89
-33
-18
-80
-49
-17
-85
-32
-112
-16
-135
-106
-73
-100
-22
-140
-96
-100
-68
-66
-83
-91
-15
-53
-47
-58
-115
-72
-69
-40
-101
-48
-10
25
-96
-128
-33
-65
-29
-67
-90
-115
-59
-20
-95
-64
-99
-57
-99
-63
-85
-87
-12
-28
-104
-84
-42
-133
-22
-25
-79
-122
-39
-31
-144
-101
-101
-52
-82
-112
-63
-14
-113
-56
-143
-54
-53
-75
-8
-142
-52
-64
-39
63
-24
72
29
-144
-64
-45
-63
-68
-74
-131
-75
-76
-64
-50
-50
12
-36
-55
20
-13
1
-30
-50
-1
-57
-89
-58
-31
-78
-38
-83
-110
-98
-55
-135
-33
-64
-63
-56
-48
-18
-73
-64
9
-134
-103
-109
-72
-77
-88
-37
-80
-54
7
-106
13
-56
-88
-66
-53
-56
-49
-135
-138
-60
-18
-39
-116
-77
-131
-14
-66
-93
11
-77
-67
-78
-120
-98
12
-24
-58
15
-64
-121
33
-96
-45
-73
-89
-75
-29
-44
-74
-85
32
-15
-33
-74
-54
23
-66
-25
-29
-28
-13
-73
-120
-5
-78
40
-75
9
-121
-120
-65
-96
-29
-74
-78
10
-142
-65
-66
-96
-66
24
-74
-19
-114
24
-77
-36
-94
-134
7
-90
-23
-116
-111
-8
-64
-71
-56
-15
-120
68
2
36
-104
35
-36
-77
-120
-77
-115
-78
-78
-99
-27
-109
-84
-112
-55
-101
-79
-35
-53
-33
-103
36
-78
5
11
-84
-84
-79
-84
-38
62
58
-79
-56
67
-91
47
57
-43
-74
-58
10
36
-79
-50
-54
-94
-43
-67
-113
-80
-85
-68
-82
-28
-78
1
-84
-73
-56
-142
-116
-31
-55
-21
-84
-115
-85
24
-55
-74
-75
-67
-94
-91
-73
2
58
-44
13
-24
-85
-55
-4
-95
-115
-120
-16
8
-14
114
-21
-54
-57
80
3
-73
58
-77
-48
-14
-106
-75
-115
-57
-6
-15
-16
58
-44
-27
-94
-44
-8
-116
-67
-15
-55
-66
-72
-115
-86
-19
-55
-78
-104
-55
-55
14
-95
-91
-8
-8
4
-18
-91
45
-115
-19
-114
-19
3
-55
-55
-21
-104
-29
-19
-115
69
-49
-55
-55
-8
13
-45
-55
-95
40
-8
-10
1
12
-114
-9
-8
-80
-55
-8
-55
13
-55
-19
-55
14
-75
-75
14
-55
-55
-94
-94
3
-79
-115
3
-55
3
-8
-8
-78
-8
-116
-79
-55
-55
-115
-67
-97
-115
3
-55
12
-55
-55
-55
-54
-49
-54
35
-8
-55
-18
-94
-55
-83
-55
-117
-10
-8
-8
-39
-75
-67
-75
-90
-79
-4
63
-55
-19
103
-10
-47
83
-67
45
60
57
98
-35
-29
102
45
98
13
45
101
3
-78
36
-51
-44
25
-19
37
-24
-49
-83
25
-49
-49
3
14
-31
-55
88
94
-8
43
83
94
-55
-51
94
-38
-37
14
13
-14
14
10
5
-80
-5
-53
-59
-69
-11
88
14
58
-58
-54
64
98
-53
-38
11
101
124
13
108
3
-15
-74
2
-55
14
129
-11
14
-18
14
-20
-20
-78
-23
-54
22
-22
98
68
4
82
-31
-7
95
-8
-28
-10
-8
-17
7
130
37
-9
-28
127
128
11
-74
124
112
-28
117
2
-28
-1
-24
-74
-21
106
-35
-7
112
-18
-71
94
94
-1
126
-6
-1
-59
144
-16
106
106
87
1
-1
3
-1
12
47
-15
50
12
-43
-72
-3
12
-70
-16
24
-6
-8
28
-58
100
145
-14
-8
-16
106
-2
-8
20
-47
100
0
-40
-16
-6
-68
-81
72
14
132
-16
-49
-14
-8
28
-7
-2
-27
52
122
134
34
97
21
-72
-58
-7
-7
-82
-19
35
189
173
77
-19
10
-32
3
-15
-82
-6
158
28
119
-4
-38
-71
-25
-27
-15
21
-49
-46
-38
20
3
-66
-58
108
-15
-51
1
-8
-85
-70
82
99
-15
-39
73
-45
51
64
-55
-7
101
-13
32
107
51
-2
-18
-58
-51
-57
-19
-70
17
-27
-19
14
-72
-27
5
-19
-85
138
-19
94
-35
125
88
-35
114
82
-12
7
95
94
83
159
-5
-11
82
108
82
-38
-19
-29
-55
26
94
-19
69
83
5
98
71
-19
11
17
6
197
-19
94
49
52
56
3
211
69
122
90
109
63
105
89
289
-38
6
-56
108
81
-39
-43
109
-52
-51
-18
-12
-12
11
90
135
78
74
156
118
-32
-18
109
-69
69
-69
-47
108
79
60
-59
218
89
62
56
111
-52
-18
17
134
-14
66
106
-8
-8
88
166
90
57
106
104
-28
-28
219
79
162
-28
72
83
12
79
76
-8
-58
98
