-283.2278158204747
-106.11301774300344
-406.2348490400242
-191.22992200330071
-269.1212150240834
-307.8166412049977
-37.83056478257363
-80.46703037911077
-310.7455832597917
-64.43934099159856
-152.75704617445334
-111.4048996225521
-146.8569621834151
-85.19410356376608
-92.5347950600029
-65.4471662275628
-58.90431538836371
-138.82112914529972
-156.31907660580814
-81.57728182806154
-69.47668960448493
-71.41321231389125
-72.16956075314395
-198.8819620135031
-34.07595056603395
-59.90016585575433
-77.73169831185297
-107.73463412854005
-85.67262926514023
-78.11639467939857
-315.9888193603867
-103.51747288567988
-91.42482082086575
-197.81138949490563
-114.35539307014596
-88.44618243203699
-74.7941075259548
-124.19358579928866
-167.0207866316508
-81.10513187577781
-170.5746500253616
-10.606762222501743
-28.641030304306923
-119.61392756527718
-212.80060120258736
-244.8843839322179
-40.0719331085178
-80.1485260960994
-182.3606177908261
-94.91185665681301
-101.42195256106406
-83.6774763543606
-184.54246814802303
-53.11385928400686
-120.50044234037335
-60.07145596268589
-128.5261553786833
12.1476126952533
-85.86244254208839
-74.56261629513348
-52.79907814134097
-101.64218907034856
-68.10848999560677
-54.443744001388275
-180.66010927133834
-72.59201807049726
-317.24619095540834
-109.64888712946458
-124.66561783298533
-119.4821921620596
-48.78971120785974
-45.80711275384008
-115.26060883575862
-104.09409692310277
-265.89056210629565
-100.11543264065953
-170.82907022997466
-99.4267933601949
-109.61895538428497
-224.69693697908355
-109.1158763838942
-27.57085300135823
-70.25454472244247
-94.89563738298628
-162.8950729325551
-81.11194756258041
-75.45908652267174
-116.31894619213018
-268.56238022899686
-157.2995545165113
-97.84254861761876
-76.79471715281414
-181.175782617411
-108.45329856733484
-132.93727816931693
-90.66604947861774
-47.1049853505681
-95.78545217084383
-64.01023836229854
-25.758296677329156
-57.49954569318234
-160.660121685992
-158.076881644549
-90.90350555759443
-116.79176783770397
15.70835284387121
-81.34122022766756
-96.85243301687831
-114.38684045922237
-61.223807927968
-286.0621788811992
-16.783225705871473
-70.90666567541237
-86.16500688723632
-146.1208165085099
-151.76728311725822
-78.52535129590076
-85.20405312929621
-56.66133587274956
-95.41573246397896
-65.05882561590633
-39.765323362092914
-143.57239606850197
-125.01465450331382
-156.5134604121706
-93.79509404785462
-33.02043444180764
-103.7674566205583
-113.77603710527826
-217.0400036635442
-63.64431061968129
-85.30500586393804
-99.07493483381272
-101.93047310431062
-58.62906840455152
-24.458750339995447
-87.69527783732497
-39.40534389860751
-63.18376235057734
-52.55462377779842
28.657688379991356
-66.20133861436301
-112.3970520398976
-60.577680173794775
-259.8070607059275
-70.08071349720561
-203.86160176371607
-51.0220751927248
-126.24698556208466
-58.28949169409927
-104.9696210199586
-51.75473447198975
-68.7097553712395
-64.55143330306161
-214.60059670639356
-81.05787691837779
-62.26652472084062
-47.38418477539157
-172.28787129136475
-65.19332824208647
-48.28693539290204
-107.33196989039222
-71.1127985271466
-37.78936146247783
-106.17704591759916
-115.95664164549174
-13.46654281537792
-107.89495526594638
-181.95150584761723
-89.79805584167084
-49.90273550467546
-80.90302952331928
-134.55818052708844
-47.93503036364441
-83.45550352196813
-65.22017527281328
-59.30137037210197
-86.72017656094789
-124.67104629435615
11.83554080883603
-9.21592965982218
-69.1204942697841
-46.53814983033066
-5.263871550984092
-47.53512376299997
-43.97552919265263
-135.7319883659264
-120.44162788736078
-33.12603947827316
-86.69452056916205
-88.36219912990397
18.074524022054877
-51.87604844591958
-32.755937431035676
-81.48483451191377
-151.1695687593755
-102.03621312198094
-91.66967530878239
-30.517319812951428
-84.50530480458923
-95.2621537357253
-56.90791034690824
-68.99687603533808
-297.11617539408894
-54.18783927953695
-95.39885946471095
-14.399809432605664
-185.29603014273647
-81.51949706217249
-79.94784032296735
-35.175203794995525
-206.84087348609955
-51.524963124259656
-82.50863394763395
-116.81280756825677
-70.27649787513874
-49.37025971397554
-84.87803626180003
-83.14959387835606
15.989853730044814
-116.23836884254419
-41.59178482433869
-9.904579567643964
-3.5742354147562594
8.107361928474731
-281.0306092753156
-39.12280309637313
-46.60123728287585
-63.26094157446198
-65.51364455227801
-20.757985327633094
-79.07204502645878
-47.24841228301605
-91.52747644391
-85.11328478232736
-27.493891401233157
-90.2994136474456
17.425910456266195
-66.58249306151089
-39.78077574041299
2.2765643572390246
-160.74750599601452
-66.9025991876834
-24.112483955055296
-63.35518693619196
-97.517890991797
-71.01816895132842
7.920508272597928
-72.51521002196847
-33.00866026571113
-81.4259337872952
-29.545409202527892
-23.51455338811776
-184.54027850618033
-113.05501069963964
-105.20532553804665
-71.71114032287035
-123.61657070313719
-227.74908444253043
-93.40375525516242
-162.9544143701649
-73.05252894008395
-46.47536836235561
-23.789163341461233
-46.54134230325239
-5.78948825384478
-53.37626763246758
-80.82856261562205
-13.30454981884732
-57.75992537333644
-52.68091299495341
-43.519984836924095
-35.655639897669516
-29.65316579323401
-39.19331517494912
-85.61665710644645
-62.63898964482554
-77.19050672296083
-48.65134481548765
-31.437590508560945
-40.93022531656034
-40.124884575334036
-14.541149852033115
-198.79861307876394
-60.88001038065936
-46.00781025785508
-105.81675827601288
-63.32556336564397
-14.717518781077118
-97.65322563211357
-40.838095451299466
-48.705126052811124
-96.68019136171444
-44.12754310382303
-88.91395931990454
-78.50945954559799
-74.63232362699449
-194.12946640187573
-44.95700053556434
-69.95894834900272
-10.15274690416392
25.601234446635388
2.994492472314363
-64.25748796007693
-95.81759443570307
-55.150237659034886
-75.84071315177697
-40.015758517731314
-76.7757442156889
-89.47118593011031
-97.09906241736813
-39.82597797490223
-32.63721658503354
-73.05538437681051
-163.80330051635423
-40.47383084673962
-95.62748692813283
-9.841937264490397
-84.59245357125491
-52.49280658003481
-304.30983380239354
-55.62715454533199
-51.704489765284265
-101.8658389245319
-16.16938783541994
-87.72372723302328
-83.17387082332431
-83.67522252356827
-62.258773696502615
-99.52297309869199
-97.71284932848216
-18.011485879267184
-51.75448922023929
-75.30492868257912
-50.1528318186609
-37.91535478680952
-47.82818813603558
-71.83644836170923
-101.39239474230209
-70.41101255468034
-36.78177351065
-39.66807344655173
-53.34454536053458
-163.366397070842
-110.00038400410428
-71.78008015765734
-89.01121191558296
-31.212751595502056
-50.389245249948225
-55.91148558353693
-77.476968731403
-60.14417591519782
-100.55389626488144
-97.65410345721779
-61.51018318909493
-68.60665282270173
-57.064808080662466
-183.95472136069245
-78.59829937932062
-61.2641068611842
-41.64588816573574
-67.69099812497302
-106.23074067197071
-83.81800588333807
-47.169493995128875
-80.14961251440538
-93.11767774366079
-96.66030821493152
-9.54227030118777
-103.2688218313474
-46.082259045383296
-72.56687087053045
-68.8518228460019
-21.0795865267754
-36.34933388598121
-34.09590414386298
23.0290138833726
14.031375461370885
-74.49236374767104
-47.60125388429473
-60.22785642743561
58.08260453289802
-61.16616178164869
-28.973695339142864
-78.06293618472904
-55.188474777849606
28.158377139205015
-44.67751788098964
-31.06096407373188
-99.54623162077337
-159.46882484776467
-139.52417089786962
-16.65342431502286
-156.18647017335104
-34.12207961672718
-65.34270019405918
-49.892807715942524
-60.677089574002075
-70.04530967453802
-45.47243267573037
-30.160517913201673
-15.885234357275493
-6.031791639994751
-54.28596295980041
-39.10205492336529
-52.55415337602075
-24.78608481743113
15.7275325951166
-28.11163406069747
-49.17391857237068
-1.8580315729927577
-41.928006311979516
-69.7774942541569
129.04582844561745
-224.8925025305578
-68.41401963435999
-52.313817812570264
-31.871384889606674
-99.0333031434661
-33.01775089886209
-23.379965133933695
-59.15791335835503
-52.15830667748823
-21.14549861954501
-28.442042080439407
-59.066469932910294
-137.06767380928125
-61.567486789073115
-268.93478826198907
-68.15682209500618
-5.555358589471098
-56.90298640301467
2.2938095424241425
-176.58561948507045
-65.03485938588042
26.029789866691544
-44.89870134305443
-77.51299232187088
-15.819127426783993
-98.49351615760506
-27.450089084858533
26.31918394467229
-38.31307278412966
-46.45736812776345
-54.87404621358539
-27.22042454843705
-163.17461372475742
-94.09530551180563
1.4358692832727087
3.787372412380293
-38.975070522887506
-9.242524537935822
-3.566015054473553
4.640847880653368
3.2505424646406027
-23.982694477150886
-35.18990376161027
2.284763560807761
8.788378492115172
-24.132864456084377
-60.42233400839936
-16.37281004540344
-38.40635106224536
-167.96834891269745
-28.861832870055906
-6.21165491505522
-66.8568720466852
-7.791801382475967
-28.068613525333774
-77.37903123361704
-30.44156322461494
-220.58817685998147
-109.92348035436464
-38.085436645934095
-287.2287650165405
-38.408927756887266
0.7475313717164198
-23.27635991186945
-26.712231685216196
-73.40863442162703
-81.0981255615041
-30.149248062595788
-27.880161548888154
-4.022105300078309
-24.21196823510809
-16.74413818061541
-71.50416713473598
30.373172511936417
-68.23170350892454
-70.9568695316232
83.96991989860278
10.000761487458377
-9.086241068402742
-61.1951167757159
-47.53298580907435
-21.7761550189294
-20.057941943869608
-16.111895749626953
-113.37315582809168
-100.8511605879483
-37.24689617437802
-12.566022047079073
-54.78108167509289
-32.24735986694971
-249.768272813173
-58.03504914032446
-13.94401477688504
-21.131021914170404
-105.81198433196867
18.078932578239105
-42.08512221316904
-32.30204127720141
-49.03584656194309
-34.39696349356295
-4.579925160800556
-83.62790320202846
-0.4920591181401335
-171.00114319644717
-102.68244694138417
-19.622204079297347
-91.46171555930289
11.925966089715985
-32.437671460747865
-109.19167010773313
-18.383699406405924
102.35231709519
0.6398640830896767
-94.23317054156186
-46.493748108359
34.10521882654518
-79.32123682477149
117.17357481683395
-27.30770647738011
11.505017223772455
-54.34208371310015
-113.94055685098974
-34.19099184713221
-34.506453516656265
-62.103104925144876
-25.593207337624875
-81.48660955776374
-61.368278971576984
105.53983759087822
24.885333818961072
-195.85403977797114
-79.77720132672535
-74.74635792354266
-26.562252275714783
-23.434430908931162
-23.994311554763257
-1.1280446205249035
-174.93687480230028
-11.841697102953958
-27.85932660209933
-32.27504754432641
-96.51431516677641
123.8951064678781
-81.07119961379789
4.897578158490816
29.837338991135198
-15.611905407817716
12.051465708589802
-6.402224660929988
-52.39009306825975
-1.1565320439917173
-33.629297997326745
-100.98773273384225
-32.98890926230278
-25.009013498762286
-26.704452145613004
10.946910025942685
-69.23041840084935
-15.947957351982836
-56.674642627312714
-8.388241459349643
-196.4212247644772
-9.408378667368112
-23.362445861963835
-16.501848329356562
9.734620981414821
-100.82812736806261
-82.02609958400403
34.5142268916637
-16.930568566037152
-47.64576292042618
4.669763681142712
-19.142251551267222
-8.887682562047914
-16.571108662776126
-1.2942953084891826
-58.70571507717289
-39.95520672691476
21.741522813437484
-11.698480251835264
-44.04920793412298
-257.0824450724636
-40.27220121140226
82.24556503101742
3.275015294706847
-86.7539745456183
-37.023568981094556
-23.265578711040405
-33.447962137485405
-25.26648475486725
-92.77405219775758
-17.85321919448984
6.140725214090807
-19.852470659628807
-208.29339426366414
-54.46025261870876
35.64206866878595
-13.537345372989776
-110.48896327557372
-59.691888240118914
-54.29364612761778
-42.914560017632795
-22.206082499600384
-22.956026813844474
-10.620810444245194
-14.10325810058761
-22.504262572829234
-73.18779110709188
-19.449899333122232
-82.36190059952446
4.10175831994944
10.256731535601148
-3.468963167183645
-16.53374068385439
-80.45945308034376
-74.6581851640776
-123.39862709877147
-11.862104793401613
-71.91453119571612
-10.896841002529769
-0.9719620552433099
-30.193763344260887
-41.86868916513376
-0.08543165598952385
-62.32997350110006
-52.26821308041468
-63.97670359640691
-1.363629131835026
1.4089192478724044
67.5191722912121
-17.372661831158055
-108.68086209679942
-46.08670620820338
10.213353573813492
-31.98627994913204
-106.82750404323158
-21.748958588104117
112.16088072132885
-20.303979010955572
-4.09240874703687
-19.92854464664785
-174.0198267632424
-1.6250554730407174
-43.8895679261833
-81.03876729237125
-16.60046848586417
29.969040514225185
-38.29310856172789
-24.59636200909995
4.943172224071276
-25.68754553314011
-53.18779231120691
-10.626258070481214
-0.19231645046737356
5.829642967976042
5.629463251070746
36.3767874324524
-39.7250326559041
72.09961326696386
-58.250156846303796
-28.204352078852665
-43.28222409490911
-27.49239636798265
-60.1152601536145
-23.133132126970366
4.4900694410746524
-39.948379792836405
-92.63559760030151
-30.122967812440052
-42.008796408942615
3.8249931190818245
-18.59338634819423
-23.57766494571632
-8.904299907650042
22.48489210120468
-18.6259566053335
-52.956971531900344
-39.411042329677514
-49.412063359644826
20.238216385331086
-65.40090388438261
154.74254605664424
-56.04388333130382
-12.12411161942677
16.0028304817896
-14.231057728967244
-42.973421982041444
-45.86816370511808
6.68995632799961
14.141223513919371
-29.629903372538394
-36.59669999064286
-1.491421919615135
-21.33699412286039
5.243736862116876
-17.28608972412387
-68.7280177036867
6.654986721148276
1.1620075079549679
-91.61369524414657
-32.13884484360506
1.1578551867179243
-44.89384784128353
-120.67503684554575
-19.961187739573333
-26.94189106204793
13.911629402231796
17.71751196753283
-53.062385109430075
-8.361852946395516
21.18912537584542
21.874642106761428
15.336362577574278
-32.2959130450496
110.21136714596088
-73.78632179220472
3.07145075363934
-62.25966424101288
86.88473563210347
-52.90540681520021
2.637666969244563
-0.4736289853622395
-7.755804255955709
147.134261514718
-194.46709609740276
-46.57872447552876
6.621410305077973
-27.383692888760038
-136.35582133340012
4.119854103555255
-28.16920686419388
90.35136781532454
-84.51827677150176
-43.508611225965595
-7.59346207556554
-63.1654484291715
-16.754202149780326
-51.22560259132128
46.84809970973424
-80.5415830291722
26.15327346093359
-12.031587392731922
138.37679388451667
2.384919884930639
37.790361555221324
-10.811807506948455
30.93818003530606
0.3941587004603804
-12.986527090973269
-13.902581828201136
-56.73039337750838
25.003838583114174
119.4386629402303
-24.37997752916
18.113478034115474
111.06257416605524
-28.868331813419232
-13.524833338096144
-10.74399894261488
43.141775345972746
1.7841852590719327
-18.43376971879873
-115.33661651336304
-16.332959834172968
-13.326103404637351
27.75759325883375
-3.932194718614653
31.610927155365744
-126.6595375394892
-64.45806637630409
134.7430421661416
30.961448824473308
-28.413059941219387
10.10848446250678
-17.788231702192206
26.81514178688745
12.089090337098966
-48.00383182106782
123.36844251234194
-62.71673696854438
44.7420354324901
-22.216131158329077
42.61411383786097
32.131236628612584
-11.982990126397297
19.52381719003337
12.900678597779574
-15.82749720961408
-17.024640867003697
10.46625818002228
126.02488357388401
17.42596654308855
-32.86077965401215
-38.4149141615052
25.363555047257037
2.091935012041006
42.317538665665325
-19.03009105743088
118.89906075282522
30.582442578930085
19.929497224064534
-6.0322625219928625
-28.114648321685763
15.220163959836768
-50.437339678271684
119.92992879369439
6.1671450928532465
-31.660175917957105
156.46719112671445
-31.814731722993542
138.52499522777995
-1.7230249782551397
15.70052180900646
-8.943274712113578
21.876453878462854
37.13338643842138
-8.424429350014975
18.177030924106205
-121.82943698665605
-7.545686640622435
-108.36936398395754
-14.843785391166051
-32.0738737329482
-18.69664071431771
-17.09742281156082
9.041929303360277
-52.61720048225398
119.58875174757837
-13.759099225655916
-5.527808559307658
9.828790148631896
-160.1592752660605
103.65435116731723
155.24885155220502
39.16802879013002
92.84378335829315
11.261445168393521
46.187407549204124
-2.2284757214270456
99.4469569774313
13.45238936232191
81.23596653543774
1.7953153943047937
17.238066720751718
-58.07547922817514
114.13444815258887
28.607419528847856
-22.881184181337602
25.13801717119874
109.34291494401886
42.76809230144073
28.113788586330543
13.643844436178767
-0.018632189059886173
106.10127887835262
113.83709239428069
97.7790111207713
93.50793523896192
-164.54021570057608
6.146873973024853
2.5220379092398986
-32.430088766656965
145.07679302079094
-8.68576754488953
156.11661969615048
-158.1710352959354
6.43366524276621
7.041583395465324
156.16583668818646
146.54145288280193
84.62624977180606
130.05036581267598
0.01621349634720559
110.86601608456434
-81.43179224992844
36.89597209326901
-106.18724454326545
121.28734199942865
134.35400966775626
142.71566575871088
102.51064768329324
180.4073015170631
29.190425059142143
20.79092655559775
100.29491833237881
3.863668483863748
97.28776589116698
-21.394822921705043
45.365614119287386
63.975163660908294
157.30162843937845
164.28604835730826
-25.281261901608502
177.0409902985324
69.39465411514439
-382.06738799410465
30.726451012905613
134.73419351352345
162.28492158655175
-28.334603086821886
157.70760279836827
101.80209060467824
-71.82995307449174
-121.21597615162024
99.11926741888018
-49.44166175353804
120.98548855129108
102.1282189940912
104.65249354322663
174.7437974764571
157.5095446006588
-172.625334596147
-90.54385492219276
-152.50773973683263
29.864758352217848
92.50744386703965
118.93400074598759
101.2194636286482
136.4886689369717
62.91062290588475
153.63133488698628
-194.01363632557923
34.2208724850502
-376.7587973260887
-0.21176480766544614
16.921053398421193
160.66303139417747
31.237848143449483
44.35840495755831
-100.68846959991876
138.1884956730368
-112.85119597050257
102.83181337769678
-51.84065330269769
213.2155558474792
9.977566811378537
1.943593929036494
156.9461944296999
31.35083185777442
86.1938902569026
131.48938512189153
121.14965696091716
-90.22594371227429
1.6982956540711598
131.93671940432955
43.95254664134356
28.39765979774042
40.7034546143595
46.968785152860704
119.92161999904316
137.99818942320655
1.5986291680135452
-81.25458860252168
118.29530721530183
117.95542253180386
138.30378566102297
-303.7365683015224
80.99201171711708
145.84129901310442
31.89570897024234
-470.2999000688508
125.44282044303208
82.6575053456494
-499.7538729255563
29.422119287277383
85.3175329365402
59.382255067750904
-88.27086261510253
118.69540492346354
-46.95197708136076
-396.41079569803253
-590.1323932163227
-460.06992079925095
111.26891808142581
158.01153843408713
-719.7678409122125
-113.17283694691615
-667.6552494371873
130.95632882186928
30.253786382780987
-582.3505535142747
-412.34550538364954
-421.4935849884673
66.42367569084999
-54.91747552071124
-411.67522282415797
-449.83009314105936
-461.57766589937705
-693.2716142449971
-441.297357520006
-270.4563278134991
-42.3896131945651
-269.3513146101357
-358.98296279128255
139.71672338076905
-291.4986067387406
-327.25139427449096
-234.13133307738227
-26.910153322198056
-275.45436370933135
99.57605209888115
9.46875532336941
-17.123194434112463
93.68212673632533
138.84661668729697
90.40617908346249
131.54192959698352
-28.37715202006919
-671.886654749883
-66.13562127566041
-658.6809970310107
-461.9277745510419
-418.71555042845245
71.17141469295748
-439.8008484694445
153.74338783476347
146.7398974633192
4.937807988287403
130.67997732758147
129.3354259911068
-25.94129491249673
94.87596828203256
84.0972044971725
-538.1034317635408
-616.163511224778
48.85037447451441
127.53309071011616
151.92523296433836
151.87900152315396
-719.4211369272219
181.2543201158047
-433.9786551816469
69.1238698965386
74.5808269150101
111.99037556460632
191.75953384850249
-362.89770032591616
-614.4215153084709
176.107248576452
-80.33271798592426
121.61057436866108
-20.021619385368126
162.3912744842556
131.3269086706946
135.46835480936016
95.14565806697566
137.48305655706946
120.1314123921445
15.445511102366495
138.70690777391226
123.21979680575483
14.460875496137092
19.880299286669484
154.638307141272
-165.50111797760755
90.30310255410171
126.2301079953208
119.9077784457174
-17.333894880200447
176.77725678805663
103.85276709816324
130.03596777736666
4.138406627762635
85.86773800411754
118.44783892521853
137.13557795162262
102.55209275182452
128.04346317678835
168.93741078258043
178.548443199781
136.3536028942613
-9.613539523812548
121.15897771218191
-123.95864256506009
145.28422559313154
186.62833138902636
23.7092399819649
128.04109850916757
64.71209102532787
140.99572523367684
65.1004316689774
144.42912368930982
142.26068099892854
121.89897973952537
144.06399858467313
186.67897298752362
110.96988610800383
88.22757982693588
75.43894285602822
20.07385409867581
143.32507660551295
37.694593674976346
-18.534115464384342
202.35406338942283
109.34650525972822
112.25981496647917
94.14105765441299
163.28694550827075
114.50875254287548
277.20375371668143
21.474193435371344
-66.63218962909167
205.96806379062147
225.94508616802347
69.81598620433991
101.23650118831337
79.60697349314282
68.33253670464076
229.57712622790518
51.569347378399605
43.88251783410561
18.031133703698416
103.6434200212639
112.24528965314798
61.37803034683736
75.2295975279304
76.49905545406108
95.06033210037097
135.1188093090779
229.86262578175212
195.54547824880663
-3.8849508752880473
-10.208923012013798
224.81624541645073
264.0338597481299
-21.49980952630585
50.71341624868121
222.1883879313133
261.2324211323413
272.87624648097756
43.501882127810774
-42.92916333362689
179.4008882498815
27.80723502234208
199.73052313585873
194.98483589751743
-26.180913956855832
198.3658534258464
219.4907596388466
248.69518440428016
232.52757552602282
131.00254369452585
7.81789295419408
227.79479837564617
36.87167166483716
1.1362175322287138
-23.688169064332495
220.097609515662
73.50464020498937
220.82603737308204
236.54189481417023
-45.148519930807964
183.1667338323711
61.685424301810585
190.7594782335857
81.16111551078703
-41.39978185213775
-3.2213757785346866
259.9263718256082
187.66622680689895
249.3552268072589
182.6689139227321
237.79102549898312
207.7677870960926
20.060602988004476
57.68568368104238
89.50847938400166
-20.214915269972966
99.63562608412296
-9.367370445452359
154.55701457639117
-40.63667149210496
113.26316530711557
238.9274949464765
296.21785527379626
172.38388927932402
36.75383118667647
51.963600489400704
24.93744840015502
-104.24723364197575
29.277091027101083
63.73221442131875
-412.6533299161795
265.85758035093363
41.80838522900571
161.01602660551762
-309.0101572398247
-17.64438891574322
6.312257323910316
-23.766155609734213
237.0838039308018
-48.40838752083681
-350.4281015880247
42.240924755270285
-127.7186441280935
203.9955217878691
-17.640329919400887
198.86460441703787
-55.08714044301657
32.04635037647404
-18.249883023193348
28.598585366141226
-53.67213743351746
7.6301130320269674
35.92680218247095
191.46014502945525
10.114652126525097
20.9148283506483
12.259521306288164
8.834814644664837
35.64439694724618
37.82031908121068
58.33888753452027
-217.67283834779556
205.84502185130071
212.26810238989583
192.86911534902794
247.27137948215034
67.97656818741176
-0.5091167693295233
231.0950851225032
28.12979790248736
193.10938096869376
4.955629806899381
207.03230152773523
-226.24058633846232
258.9195862413521
224.24669325003296
231.22858270965236
-212.22898128205514
226.25253438935303
225.51603590225346
239.9157106471523
208.60339617867663
218.70252816642426
222.37348073761274
198.40802987567315
215.124851446697
247.5544806219125
246.07957978205238
282.5655946202584
226.32896338772903
219.0050232494052
237.1674675147307
261.66427247804603
249.9304443042885
256.7739392846938
266.5533808821527
249.91967162081735
230.29191190308728
262.8532936085225
266.8695398649468
228.1203839917186
269.74596551736914
270.3029332137811
235.87685958675468
264.7396264399047
283.77010082341354
249.05081995815752
239.24968459334573
304.4615974317401
247.14873110282392
276.7947482978715
235.33545313733578
266.02361107486865
214.0000615460632
273.1358042332693
-208.22561220876207
227.0550744491485
283.2239266832696
211.37753836640513
275.2526704677838
250.39786277007863
263.3412989882541
215.45724086781667
273.6568972252467
226.51837011919815
256.03354189938966
216.60496305307532
251.8470499857549
268.8147919160795
273.44593796942627
-98.44579655997597
284.24700050116314
235.24588761512837
253.8523161583465
-143.99911646806106
-44.93311043390048
216.22352152493377
-130.30242265447075
264.4923103394343
252.90138406149958
-14.825918407374843
-258.79111212023884
254.77982267464665
-174.32791050529443
-170.5572562267629
241.64456084101275
-138.18560336793018
259.0498055554757
-92.47227171418388
-201.19102747704125
-186.16010761345905
-202.99867134804302
-250.14139365933966
220.44519674686413
289.41703517279933
252.44107462542593
238.72311791712704
-264.5719842399858
226.5101832142385
244.5167400330594
287.7382764152162
226.8898593839948
268.7906759256131
257.67426035863343
229.95512550644483
242.38217482784302
201.94316279400317
265.95879284373666
303.69940942966866
242.37410491524992
267.6473828284128
238.08379938344905
250.12722867755704
260.30406542952466
243.93645883451805
225.00597192532553
144.8342482225685
140.82251676226485
216.33321962565242
108.5297870791855
234.83085273625014
285.8745265726958
204.97928039081162
125.41918673857265
230.74385124691938
271.992592141929
265.39604862378303
227.33849459305017
257.0334098583977
236.17529492810837
226.24170991218702
230.475351673508
245.76510076531844
257.47215717711606
127.81250321137726
288.9685133082259
249.393466414811
212.4280368333695
242.36496090419797
231.7253950558211
243.94594116596463
-154.23637508252017
232.65416008137728
152.66788742706683
232.26882505728372
222.1589290972143
28.279664612962364
128.2472783546784
52.66658566379185
86.01168809474505
287.9905195043367
209.98052386433943
252.51317108635817
248.0540705013134
120.58618317724996
168.0017031006559
223.70170907684235
310.23325851770426
172.72827237727003
216.4225903149343
129.74584892160337
111.64002962956916
138.36303140073696
21.461460914699146
248.19405576775833
-156.9582127718914
127.1547572244116
229.78349983735575
247.21899439958977
-8.069189260938984
282.16160964006235
47.65575644437061
220.7723366942682
126.03227466227384
189.35321359270807
273.35755313121945
287.6243010111867
-163.70007564746103
213.46296025426068
220.15544402154012
260.2057175176421
269.17945513793154
-41.866248337840105
259.54876272689364
251.69609869886176
245.38075966784925
250.7657048211474
292.4905935581556
-12.05375700350963
251.68606053992679
236.46134846877052
254.29507303847754
270.4646941789024
217.24386908941307
226.92918357628946
148.55845521902125
-44.34606463990937
267.4199710013111
275.4766973650615
253.55274004992114
258.5979571841792
281.7799569362528
253.04694865728155
254.77605328762098
-67.04760021006341
229.55727915059794
299.5302625095943
202.94185904059438
247.01081167847966
239.14501321172085
-154.19301133536436
262.77553266144696
259.27450231644445
274.82313722175064
233.30319436561874
178.71302419315774
246.0018493584743
234.45787237686162
251.9729868699697
277.44742519982907
19.494821223548584
251.93258203160016
222.00344198981242
226.42034331787636
24.59888592341275
260.83280705268646
136.1762357983504
237.84827509900927
252.80954101506578
237.24896401855204
251.11272579995435
265.1511558072663
254.9362930611661
249.77184082066904
230.30349467010222
164.53377672883875
274.80369454406866
232.2874663087125
249.94474939427258
309.04759498979416
244.95084293752186
283.1352892840386
248.73715151600098
71.8902587174615
176.62008293400595
-115.11123904738733
270.73651052804985
-186.53417105172568
246.1572916950153
244.7929454543879
-168.0630525991993
-205.62069452951883
100.9122950114764
254.27575810771222
303.975315719512
-281.0894351229181
245.65277656349735
232.74578703568937
212.69120729590247
250.61114553271983
229.50788661755976
264.39058553917556
233.80433903367356
258.7532134044208
244.20328296106078
-149.3174557459879
217.87731457053584
280.3577832286569
245.92645842042728
217.84186026753116
234.63241948509585
-34.40726452288631
-19.43701437724627
269.6683483014772