-283.227816
-194.670417
-265.191894
-246.701401
-251.185364
-260.623910
-228.796289
-210.255132
-221.420738
-205.722598
-200.907548
-193.448994
-189.864991
-182.388499
-176.398252
-169.463810
-162.960310
-161.619244
-161.340288
-157.352138
-153.167593
-149.451484
-146.091401
-148.291008
-143.722405
-140.498473
-138.173778
-137.086665
-135.313768
-133.407188
-139.296918
-138.178811
-136.762023
-138.557593
-137.866101
-136.493326
-134.825779
-134.545985
-135.378672
-134.021834
-134.913366
-131.953685
-129.551065
-129.325221
-131.180229
-133.652059
-131.660992
-130.587816
-131.644404
-130.909753
-130.331560
-129.434367
-130.474142
-129.041544
-128.886251
-127.657416
-127.672657
-125.261963
-124.594174
-123.760315
-122.597016
-122.259035
-121.399502
-120.353319
-121.281115
-120.543402
-123.479264
-123.275876
-123.296018
-123.241534
-122.192917
-121.132003
-121.051573
-120.822418
-122.756660
-122.458749
-123.086935
-122.783600
-122.616959
-123.892959
-123.710525
-122.538090
-121.908168
-121.586590
-122.072573
-121.596286
-121.065974
-121.012030
-122.669899
-123.054673
-122.777617
-122.277803
-122.911114
-122.757308
-122.864465
-122.529065
-121.751497
-121.486538
-120.905969
-119.954492
-117.697210
-118.242681
-115.761101
-114.757837
-113.234542
-109.999292
-110.434399
-110.598253
-108.634666
-108.602510
-109.935562
-108.989345
-108.229842
-108.239551
-108.775411
-109.638612
-109.834823
-109.298652
-108.302074
-108.440459
-108.396280
-108.079801
-108.793830
-108.055157
-109.279532
-109.618481
-109.171368
-109.131697
-109.412731
-110.801967
-108.278522
-108.096397
-108.172898
-107.214089
-106.656826
-106.016952
-106.145963
-105.298081
-104.259711
-103.974205
-101.981882
-102.537828
-103.375388
-102.785026
-103.255090
-101.507053
-103.144950
-102.853686
-102.292549
-101.926326
-101.961802
-101.642575
-100.484248
-100.598624
-101.539625
-101.749489
-101.086893
-101.682211
-102.546465
-102.452772
-102.407651
-102.464549
-102.494592
-102.328048
-101.583217
-102.016864
-98.979067
-98.961528
-99.534387
-99.237545
-99.248676
-99.599635
-99.792610
-99.231020
-97.406669
-97.057717
-95.942440
-95.815373
-95.965894
-93.600570
-92.601570
-93.017067
-92.779903
-91.883585
-90.729985
-90.358621
-90.961350
-91.002577
-88.648214
-87.942163
-87.847360
-86.898667
-85.605670
-84.848697
-84.334172
-84.939207
-85.488520
-85.447362
-85.112433
-85.699903
-86.077529
-85.040007
-84.149207
-86.211333
-85.585294
-86.696366
-86.026952
-86.911388
-86.582715
-86.769955
-84.261085
-86.161662
-85.967845
-85.931281
-85.638201
-84.823293
-84.531742
-84.528482
-84.793364
-83.679309
-84.191104
-84.209369
-82.872690
-81.658286
-80.012078
-81.884433
-81.945457
-81.373795
-80.868644
-79.353380
-78.924517
-78.862187
-78.343922
-78.239892
-78.504734
-78.535086
-78.561127
-77.992814
-78.026802
-77.899063
-78.162875
-79.108336
-78.653392
-78.288740
-76.324221
-76.598593
-75.270158
-74.680733
-74.143415
-73.890606
-73.655170
-73.433076
-72.981124
-74.181013
-73.165557
-73.407031
-73.501478
-74.263801
-74.818414
-75.100518
-76.247193
-75.904398
-75.658024
-75.518022
-74.921665
-73.819993
-74.219091
-73.948427
-72.261957
-71.941576
-71.969358
-71.595527
-70.606502
-70.423683
-69.981061
-70.185026
-70.218402
-70.123106
-69.362909
-69.795640
-70.112783
-69.822827
-69.502857
-71.438204
-71.571653
-71.591976
-71.292823
-70.721663
-70.537578
-70.647165
-70.171924
-70.839720
-71.287762
-71.401478
-71.475769
-70.749168
-70.475129
-71.499727
-71.644124
-71.498660
-70.647566
-69.822475
-69.102561
-66.773974
-67.190272
-66.787785
-67.402194
-65.949392
-65.901954
-65.997188
-66.616426
-64.946277
-64.757400
-64.662867
-65.132772
-64.834745
-65.297318
-64.546957
-64.561385
-65.246212
-67.126927
-67.267280
-67.685279
-68.668195
-68.910963
-66.977894
-67.418405
-67.789145
-67.779123
-68.119216
-68.888765
-68.278159
-68.323220
-68.160995
-67.811390
-67.915605
-67.490892
-68.383516
-68.731615
-69.037917
-69.428501
-68.217706
-68.082126
-69.474665
-69.941117
-69.683739
-69.863669
-70.255002
-70.033742
-70.262771
-70.223281
-70.529269
-71.299662
-70.430800
-69.915352
-69.549365
-69.402902
-70.006283
-68.514776
-68.193379
-66.980294
-66.926679
-67.524232
-68.124521
-68.130802
-68.874403
-69.271818
-69.430135
-69.392512
-69.847601
-69.781615
-70.072083
-70.404045
-70.318310
-70.289870
-69.774662
-68.917982
-68.005763
-68.264174
-68.425810
-68.618786
-67.636712
-68.102962
-66.404713
-66.576542
-66.668348
-65.328597
-65.142117
-65.305551
-65.324481
-66.510788
-67.418979
-66.618711
-67.739300
-67.191382
-67.059714
-66.812319
-65.477795
-65.728678
-65.483813
-65.683891
-66.098755
-66.189018
-66.089303
-65.522148
-65.496187
-64.985641
-64.428208
-63.941567
-63.538594
-62.586184
-62.607204
-62.978607
-60.957594
-61.568487
-61.847888
-61.414752
-61.635046
-61.779455
-61.584704
-58.775405
-58.810713
-58.815251
-58.008048
-58.130774
-57.844202
-58.383140
-58.162062
-60.228823
-59.915161
-58.993586
-59.382501
-58.842018
-59.854825
-60.003645
-59.364194
-59.334899
-59.391664
-58.535932
-58.816757
-58.723440
-58.063567
-57.913253
-56.744162
-56.192899
-55.747302
-56.488936
-57.117762
-56.599511
-56.002522
-55.617503
-55.108487
-54.138608
-53.115658
-52.468051
-52.021812
-51.803063
-49.940668
-49.066801
-48.695489
-48.883253
-48.370071
-47.691827
-48.533331
-48.350254
-47.610874
-47.348266
-46.459581
-46.644845
-46.385947
-46.229540
-47.709753
-48.120470
-48.290528
-50.799322
-50.842453
-51.065267
-51.438345
-50.960543
-51.218617
-51.427320
-52.309638
-51.976778
-51.727263
-51.188753
-50.804310
-51.800935
-51.050428
-51.422135
-51.136242
-48.701854
-47.206605
-47.130933
-46.181020
-46.315129
-45.879463
-45.581115
-45.135463
-45.568741
-46.122528
-46.193392
-46.160200
-46.647693
-46.427307
-48.533969
-48.588778
-48.480357
-48.848943
-49.625946
-48.953418
-49.355689
-49.259429
-49.052013
-50.686441
-48.483315
-48.635454
-48.117236
-49.508534
-49.545025
-49.411070
-50.091887
-49.381048
-49.183842
-50.064304
-49.963720
-48.349532
-46.972457
-47.299114
-45.074704
-44.052083
-44.789742
-43.048976
-43.344991
-41.464085
-41.357157
-42.756861
-42.649784
-42.219718
-42.682558
-41.953555
-42.493920
-43.370795
-41.932266
-41.218839
-42.628639
-43.154206
-42.269924
-41.594593
-41.843296
-42.121113
-41.742643
-43.399586
-43.482343
-43.807345
-44.162601
-44.887917
-43.297067
-44.130627
-44.169535
-43.629833
-43.181728
-42.897486
-42.577444
-41.421662
-41.144609
-41.418785
-41.760094
-42.012065
-41.981469
-41.474723
-41.060838
-39.547261
-38.607505
-38.793398
-36.004992
-37.585115
-37.686674
-37.687535
-37.585431
-36.753999
-36.951299
-37.470067
-36.846123
-36.975208
-37.209546
-36.995407
-36.471788
-36.864396
-36.347790
-35.651165
-37.077921
-37.577481
-37.269203
-36.774237
-36.739399
-39.092462
-39.294604
-38.311030
-37.144548
-37.003576
-37.001343
-37.108339
-36.895007
-36.825199
-35.255256
-34.853438
-34.652591
-34.639805
-35.664619
-36.390011
-35.612739
-35.425092
-36.039623
-36.292573
-36.789710
-36.382577
-36.599717
-35.119266
-34.198649
-34.143460
-33.453885
-34.305023
-34.175145
-33.906847
-33.681993
-34.602949
-34.644037
-33.867043
-34.206700
-35.294334
-35.735108
-37.025464
-37.471533
-37.695551
-37.161850
-36.324382
-36.401159
-36.056949
-36.059218
-36.325968
-36.150869
-35.550822
-36.592131
-36.165793
-34.380979
-34.670016
-34.383419
-34.015663
-34.101182
-34.929514
-35.135723
-32.264745
-32.349368
-32.111699
-31.988234
-32.763289
-34.018490
-33.646674
-34.506038
-34.970416
-34.514606
-35.018052
-35.199993
-34.626661
-34.871971
-35.067556
-34.163941
-33.835975
-33.527589
-33.204249
-32.949951
-32.654897
-31.774421
-31.790176
-31.988337
-30.456947
-30.637787
-31.005316
-31.071628
-31.124074
-30.515276
-30.621371
-31.267743
-31.518526
-31.003818
-31.236450
-31.280804
-31.280970
-30.890410
-31.063727
-31.006239
-31.000797
-31.712333
-31.392966
-31.606483
-27.488233
-27.645950
-28.589647
-28.462369
-27.737140
-27.796638
-28.022664
-27.621285
-27.227208
-26.595766
-26.783201
-26.859523
-26.874368
-24.738996
-24.367255
-25.410956
-25.209032
-24.092523
-24.411741
-24.190193
-23.749469
-23.976346
-24.953536
-25.046940
-25.175326
-24.811168
-23.902114
-24.238239
-23.498239
-23.327365
-23.211186
-23.023133
-23.180755
-21.274046
-21.265328
-20.000627
-20.504603
-18.916610
-19.336696
-19.300599
-19.003398
-18.662269
-17.190072
-18.511443
-18.454548
-17.748567
-18.008768
-19.386415
-20.020409
-20.128374
-18.138052
-18.522367
-19.059587
-18.815659
-18.379038
-18.329091
-19.962956
-19.291435
-20.055927
-19.595108
-17.975226
-16.575207
-16.112463
-14.924171
-14.866285
-14.856593
-14.469721
-14.353622
-14.542080
-14.852508
-14.070592
-12.769943
-13.011819
-12.888981
-11.834650
-12.487101
-12.225099
-13.053535
-12.039616
-11.739731
-11.491246
-12.369688
-11.931865
-11.833795
-11.601120
-11.240958
-9.998493
-10.963858
-11.188351
-9.879170
-9.383622
-9.431976
-9.241848
-9.644579
-9.190168
-8.539708
-8.625636
-6.897831
-7.727380
-6.625951
-8.395538
-7.408958
-6.966404
-7.246262
-6.908714
-6.349973
-6.049566
-6.286712
-6.323462
-4.766914
-4.226687
-4.540381
-4.711160
-4.509962
-4.316181
-3.205726
-3.462577
-2.285206
-1.063245
-0.542561
-0.614462
-0.446670
0.912282
0.607520
2.076238
1.998793
1.505017
3.600312
3.365783
4.539142
4.303166
4.306807
4.540333
3.656984
4.766181
4.651223
5.455590
3.368448
3.822045
2.711975
2.568273
2.325092
0.666783
2.440480
2.996687
2.404301
3.874025
5.099992
5.003516
5.383496
2.878389
4.760115
6.747690
7.215305
8.775397
9.055554
10.029684
9.538918
11.338804
11.211795
12.144470
10.778655
10.927187
9.968529
11.217991
11.194683
10.961930
11.343176
12.575630
13.570615
13.601715
12.543767
12.787380
13.667258
13.695003
14.961477
16.031804
14.493842
14.123893
14.131272
13.991309
16.595443
16.671915
18.366342
16.507056
16.610714
16.365021
19.193274
21.303270
20.802102
21.792991
22.077284
23.084859
22.448423
22.549232
21.366468
23.059380
23.169236
25.223560
25.801246
27.827480
27.693243
27.579840
28.702619
28.546018
29.389889
29.334215
29.958118
30.493207
30.805974
32.274575
32.350370
34.504929
34.945240
31.103647
30.987736
32.525379
32.959238
32.370067
33.747848
34.826192
34.389039
33.024677
34.520244
32.826528
33.974711
35.312595
34.794448
36.860033
37.049879
35.340856
34.278412
32.842767
32.922650
33.476391
34.749975
35.580400
38.163581
38.868144
41.488151
39.696452
40.359400
36.778778
36.947635
37.026426
39.159228
38.275719
38.856894
37.905288
39.188885
39.661965
39.653740
37.582845
39.323320
38.494658
38.401480
39.509068
39.844861
39.712330
40.892700
41.291837
40.371624
40.216226
42.116348
41.414529
41.412432
42.048278
42.266586
42.372373
43.324674
43.059522
42.110538
43.293677
43.412219
43.656886
39.641730
39.516571
42.620386
42.877874
38.149655
39.728384
39.104191
34.193510
32.926565
35.361451
35.890937
34.937812
34.563108
32.628174
27.817803
20.615976
16.015114
16.019143
18.413576
10.846938
10.777082
2.887657
2.853680
1.729061
-5.119551
-11.047079
-15.553919
-15.097592
-16.649716
-20.805105
-26.276283
-30.678112
-38.064484
-43.117209
-47.394789
-49.461545
-51.902246
-57.262485
-56.559265
-55.653577
-59.233355
-62.922011
-64.813961
-67.285159
-67.866474
-68.789808
-68.242740
-66.093759
-65.696486
-64.298007
-64.192443
-65.497497
-73.262888
-75.671682
-83.833588
-86.726612
-90.008329
-87.771537
-92.468194
-91.855834
-91.577775
-92.540592
-92.598679
-91.934431
-93.730157
-90.841261
-90.342498
-91.955944
-98.115461
-97.796168
-98.127468
-96.920594
-95.845388
-102.032714
-101.602056
-104.813331
-105.150410
-103.886195
-104.898447
-103.080627
-106.729040
-114.442718
-112.995153
-114.660419
-114.759208
-116.170920
-113.644748
-112.348462
-112.313146
-111.801215
-110.710361
-109.916081
-110.231314
-110.043461
-110.191245
-110.062622
-109.051273
-108.687843
-111.522409
-112.002416
-107.702749
-107.313591
-108.945343
-107.496528
-101.755001
-101.709070
-102.494261
-96.638044
-95.747787
-95.229607
-94.797908
-92.634765
-92.132345
-89.877341
-84.549697
-78.744508
-72.932219
-75.284495
-75.411768
-66.347806
-64.978986
-57.022022
-57.684465
-56.577045
-50.102535
-44.534789
-38.897246
-38.342493
-36.352679
-30.369137
-24.761137
-19.263084
-11.575979
-6.962267
-2.824453
-2.023611
0.484561
6.097932
5.794230
9.831814
14.045738
18.019921
19.434110
24.960691
24.179673
23.418663
25.649576
26.972205
26.281899
26.390202
25.870853
26.837950
35.852587
37.029637
44.055272
48.854861
54.078451
54.489190
59.500979
58.715841
58.013432
58.914658
58.959046
59.964318
62.179186
61.191576
60.248515
67.877712
76.679686
75.976184
75.207987
75.910619
77.004153
86.927127
85.549602
89.460097
90.562867
90.095131
90.972533
91.004786
94.371954
102.499827
102.933663
106.223942
107.333112
108.843353
107.297619
108.262298
107.276331
106.336237
104.724525
105.724187
106.304778
107.125969
108.259190
107.663096
109.295961
108.366432
111.929038
111.837618
110.161319
108.930028
111.702630
111.811520
113.266545
113.792874
116.129400
117.348401
116.364528
115.570029
115.439593
113.957009
113.263992
111.384833
111.566868
111.256636
111.177678
114.806540
116.315876
116.173431
116.303877
115.543102
115.145356
112.692926
112.334693
111.527724
105.978584
107.418170
106.395614
106.138984
101.939184
100.880464
100.189197
99.750797
100.688384
99.827354
96.508415
94.907283
92.536632
93.453989
92.336175
92.691952
90.995993
88.544419
88.147178
89.099486
86.503084
84.319934
83.981042
84.883278
84.188355
83.714178
81.541002
81.113657
81.031276
81.229167
80.776122
77.476941
78.921611
80.291996
81.455696
82.977807
82.306384
80.002667
80.358163
80.678311
82.711494
80.512887
79.942872
77.895464
79.977526
79.998109
79.698070
74.847018
76.674525
79.358977
79.964125
81.772087
81.961807
82.235693
84.481582
84.649172
84.929810
84.903654
85.404034
86.357298
88.469169
88.562896
90.810822
93.298764
96.103385
96.567943
98.332093
98.426752
98.689866
101.810047
102.259583
104.340189
105.135623
106.682781
109.744175
112.614089
112.505334
113.021169
113.572232
114.217030
114.607068
114.882744
117.342374
118.905518
120.741791
118.861684
120.135879
123.061792
123.629997
126.788891
128.160238
128.404376
127.596769
128.609499
130.507145
132.547844
134.464519
138.025462
140.420839
142.517977
145.660052
145.843946
147.778321
148.706684
150.356794
150.083907
152.183020
151.117657
151.391742
154.404840
157.760862
154.750541
158.575526
154.792292
153.263122
153.690922
152.859937
155.129972
154.387748
152.089852
150.764972
148.658684
145.798002
146.087853
148.880877
151.196139
153.460775
150.726707
152.635365
154.702329
156.996323
161.441950
162.071407
162.525468
162.896328
162.847436
164.187102
166.851781
167.577825
169.720268
170.465648
172.796929
173.227879
178.093325
177.943494
177.951087
177.087143
180.617658
180.518465
179.348603
179.297754
180.070465
179.933233
178.963690
179.287048
179.855726
180.034141
179.846730
179.591409
179.689872
179.762239
179.695318
179.536326
179.611743
178.322129
178.546280
178.541018
178.362379
178.157496
177.806054
177.964310
173.724487
173.347999
172.515909
172.191201
171.575089
169.367378
168.257354
165.739404
164.128033
164.239991
163.986442
163.851337
164.191877
162.666381
166.428654
166.395121
166.665214
166.278721
165.690420
164.483900
162.966888
162.195946
159.673991
159.890748
155.760831
154.866328
154.645693
154.429735
151.614584
155.420658
153.054745
152.910010
151.631809
154.965333
158.148239
158.862247
158.528271
158.017977
157.690518
160.440834
165.720540
162.754079
167.092846
171.315379
171.352741
175.242254
175.576662
176.380847
180.909618
185.135833
189.708770
194.914831
194.882818
194.257939
193.219113
190.388421
195.708341
196.198006
196.288366
195.996963
196.545864
196.388427
196.359444
193.389417
193.261168
194.237039
193.606870
193.039984
193.007693
188.789289
189.036206
189.127679
189.272870
189.166537
188.703608
189.715284
190.651637
191.008035
192.697211
190.543851
190.204432
190.374673
191.384685
189.323235
189.211637
187.919439
188.024537
187.982298
187.993035
188.241745
188.588503
188.680215
188.603212
189.628122
188.383774
188.637877
188.836471
188.912269
189.685491
189.695540
194.069257
194.230087
193.422310
192.865823
189.493121
191.917690
188.769875
190.704782
192.292595
187.732059
183.576047
182.060038
182.122255
183.956146
179.465235
179.684746
178.909871
179.309500
179.651386
180.649006
182.176512
183.130925
185.503842
185.463935
185.540342
186.447568
186.953311
186.940385
189.199496
188.724204
187.903574
185.501480
186.937841
