-67.0
-113.3
-107.0
-167.0
-148.5
-129.4
-169.0
-181.6
-190.1
-187.1
-182.7
-176.4
-179.2
-177.8
-172.5
-172.4
-174.0
-185.2
-181.1
-191.7
-192.7
-202.1
-205.4
-213.6
-220.3
-230.0
-225.1
-225.4
-209.3
-204.0
-201.4
-196.1
-193.3
-191.0
-185.9
-183.1
-183.6
-180.2
-186.6
-184.7
-179.6
-179.6
-176.0
-172.7
-169.9
-166.0
-168.2
-163.8
-160.3
-158.1
-156.4
-152.9
-150.1
-142.5
-141.6
-138.3
-136.6
-131.2
-130.0
-131.1
-130.5
-128.9
-124.0
-125.0
-124.0
-121.2
-121.3
-120.8
-117.5
-117.6
-117.2
-114.6
-115.0
-114.3
-110.7
-110.0
-111.2
-111.0
-111.0
-107.1
-107.4
-104.5
-104.1
-105.1
-105.0
-105.3
-106.0
-107.7
-108.7
-109.3
-109.4
-108.9
-106.9
-107.9
-108.2
-107.7
-107.2
-107.5
-108.3
-108.0
-108.4
-108.9
-110.7
-107.9
-108.8
-110.6
-106.2
-105.3
-104.5
-104.6
-104.4
-103.7
-101.6
-101.9
-100.4
-98.6
-96.0
-91.4
-89.4
-83.6
-82.9
-76.6
-71.7
-65.6
-59.4
-52.9
-49.8
-45.3
-47.3
-47.7
-47.5
-45.8
-43.5
-40.2
-38.2
-36.7
-33.2
-30.7
-23.7
-23.3
-24.7
-22.3
-21.6
-23.3
-25.0
-26.6
-26.1
-27.6
-27.9
-29.8
-31.4
-31.7
-30.2
-32.0
-32.5
-32.0
-31.4
-36.0
-37.8
-39.0
-40.5
-41.2
-44.2
-43.5
-44.3
-46.8
-46.7
-47.7
-50.4
-51.2
-52.7
-55.6
-56.4
-57.9
-61.5
-63.0
-62.9
-62.9
-61.2
-64.0
-61.7
-61.8
-61.0
-60.3
-61.8
-62.0
-60.0
-59.3
-58.3
-58.1
-55.9
-56.4
-58.2
-56.9
-55.7
-55.3
-56.2
-55.4
-51.8
-51.4
-52.7
-52.2
-51.0
-51.5
-52.1
-52.3
-54.5
-54.3
-53.9
-51.6
-51.2
-52.3
-53.4
-52.9
-54.6
-56.0
-58.0
-60.0
-60.0
-64.1
-63.8
-67.4
-70.6
-75.0
-79.3
-82.0
-83.7
-85.3
-87.8
-88.6
-88.1
-91.5
-95.0
-98.4
-101.7
-101.5
-104.3
-107.7
-111.7
-112.5
-112.5
-114.5
-117.3
-113.7
-112.3
-110.0
-107.7
-106.4
-106.9
-103.6
-102.5
-102.5
-105.1
-106.8
-106.6
-110.3
-111.5
-110.3
-109.1
-107.0
-106.5
-106.4
-103.6
-101.2
-100.9
-97.3
-96.8
-96.0
-93.2
-91.8
-87.8
-85.3
-82.3
-78.4
-74.8
-71.1
-66.9
-65.0
-66.2
-63.3
-62.0
-61.0
-61.4
-59.9
-58.2
-54.4
-52.3
-51.3
-50.8
-50.3
-49.1
-45.8
-46.2
-46.3
-44.4
-45.6
-42.8
-43.1
-45.7
-43.9
-40.4
-37.1
-34.8
-35.9
-33.3
-32.7
-29.5
-27.2
-25.0
-25.2
-25.3
-25.5
-22.6
-23.0
-22.5
-19.4
-18.0
-15.4
-15.8
-12.3
-12.1
-8.9
-5.4
-3.6
-2.3
-2.0
-3.6
-4.7
-0.9
-0.4
-0.7
0.6
1.9
5.2
6.4
4.9
5.4
9.0
9.2
9.8
10.3
13.4
14.3
14.9
17.4
15.5
16.7
15.6
16.7
14.7
17.1
17.9
20.2
20.5
23.0
27.4
29.6
32.9
32.2
32.1
35.6
38.1
38.4
37.0
39.1
37.5
40.1
43.4
40.7
43.2
41.9
43.7
44.0
44.1
44.0
41.1
40.7
38.9
38.1
33.8
30.7
27.1
26.5
24.5
23.7
20.2
20.1
19.4
22.0
21.7
18.8
18.6
19.0
21.6
18.8
19.4
17.3
17.6
20.5
18.8
18.2
18.0
16.2
18.5
20.6
23.4
21.5
20.1
18.7
20.6
22.3
22.8
23.3
26.1
25.7
24.0
23.5
23.6
22.5
23.6
24.4
21.9
19.0
18.9
21.5
23.1
26.0
25.8
26.2
28.5
28.7
29.4
31.0
30.3
29.8
30.2
32.8
30.0
30.6
33.4
34.0
31.4
35.4
34.4
34.8
35.6
32.8
32.9
31.7
31.7
33.0
32.1
30.4
30.1
29.5
29.6
29.6
28.6
29.2
32.5
29.9
27.7
24.5
24.1
22.5
20.7
17.3
16.2
19.9
17.2
15.8
12.7
13.9
11.6
9.4
9.6
6.7
6.2
6.8
8.2
8.3
8.8
8.4
12.4
13.0
13.1
10.1
13.2
10.4
11.7
10.9
10.6
13.4
11.6
13.0
12.8
13.6
15.6
12.7
12.3
12.5
10.5
10.3
12.6
11.6
9.1
11.4
11.4
10.8
7.7
6.3
6.4
3.0
1.4
0.7
2.3
4.6
2.3
2.2
-0.8
-1.9
-2.1
0.2
-0.2
-3.0
-1.9
-4.9
-4.8
-8.0
-10.4
-10.8
-8.6
-9.7
-9.2
-9.5
-10.2
-13.3
-13.4
-13.3
-16.1
-16.7
-16.7
-19.8
-18.8
-22.1
-19.8
-18.8
-19.3
-19.4
-19.1
-19.5
-20.3
-17.4
-14.3
-12.7
-15.2
-17.1
-19.3
-18.4
-21.7
-18.5
-17.9
-14.9
-14.8
-12.5
-11.6
-8.5
-7.8
-10.0
-9.7
-8.8
-5.9
-6.3
-3.8
-0.9
-0.5
0.3
3.8
3.9
6.7
6.6
6.7
10.5
7.8
8.0
10.9
14.2
12.1
12.8
12.4
13.8
11.4
9.1
8.5
7.1
7.6
6.2
6.9
7.8
9.0
7.1
10.3
11.3
8.9
9.8
13.3
11.4
11.9
12.2
14.2
16.8
20.2
20.6
20.7
21.8
19.5
19.9
20.5
20.9
21.5
25.2
28.4
26.8
30.1
32.6
30.1
33.3
35.9
36.3
37.6
38.7
36.5
35.7
32.5
32.5
32.3
35.6
35.5
35.8
36.8
36.9
36.4
36.1
33.4
34.8
34.2
34.7
35.9
35.7
36.6
33.7
33.6
33.1
32.8
29.1
29.2
30.2
32.9
34.8
38.1
38.3
40.4
37.7
40.4
38.1
37.8
38.6
36.3
35.8
36.2
36.1
34.3
31.8
32.0
32.1
32.4
31.8
29.3
29.9
27.7
28.4
28.8
26.2
28.5
31.6
31.9
31.3
33.8
33.9
33.7
33.4
33.1
33.4
33.1
33.6
33.9
37.4
36.6
38.0
37.5
37.1
34.1
33.2
32.7
29.3
26.0
28.6
29.1
31.8
32.5
30.8
29.5
32.5
34.7
33.9
35.1
34.6
34.1
33.5
36.0
33.0
33.0
32.1
29.5
30.1
32.1
29.0
26.8
26.7
28.6
27.7
27.2
29.3
30.8
32.7
35.5
34.7
34.8
36.6
38.4
38.3
41.1
41.4
43.8
42.6
39.8
41.4
42.5
43.4
42.3
45.7
45.8
43.1
40.8
41.1
40.9
38.8
36.7
34.4
33.5
30.9
30.5
33.9
30.8
33.7
36.5
34.4
33.5
36.0
37.8
37.1
36.2
38.9
35.9
32.7
35.3
37.3
37.0
36.4
35.2
35.0
37.1
38.2
35.5
32.3
31.9
31.9
31.9
31.5
31.6
31.4
31.8
31.7
31.8
32.3
34.8
34.7
32.4
30.2
30.1
30.2
30.6
31.1
31.7
31.9
34.8
32.2
33.3
33.5
30.8
29.6
28.1
25.4
22.5
25.2
23.9
21.5
21.5
21.5
18.2
17.6
17.5
17.0
18.9
18.8
16.3
16.9
18.5
20.9
17.7
18.1
17.6
18.0
17.1
17.7
17.7
16.5
18.4
18.5
17.9
18.0
15.9
18.9
16.4
16.3
17.5
18.1
16.2
15.6
18.3
15.2
18.4
18.5
20.8
23.4
26.3
27.3
30.5
31.8
32.5
35.4
35.0
32.6
35.5
35.4
35.2
37.0
39.2
38.2
35.4
35.3
35.3
31.1
31.2
31.2
28.2
27.8
27.1
27.0
26.8
28.5
28.2
25.8
28.0
30.7
29.2
28.0
27.6
30.1
30.1
30.2
30.0
30.0
31.8
31.3
31.5
31.7
34.4
37.0
37.1
39.5
42.2
44.5
44.8
48.0
47.8
50.2
48.1
46.7
50.0
52.5
52.5
54.8
55.3
55.8
56.7
58.9
58.4
61.7
64.3
65.3
62.7
65.8
63.9
62.0
64.9
65.3
63.9
63.5
67.0
67.0
67.2
68.0
67.2
65.0
65.2
67.4
68.2
68.4
69.3
69.0
71.5
71.7
74.1
74.5
73.5
73.6
73.7
76.6
76.9
79.6
79.1
79.3
79.5
79.0
79.0
79.1
79.0
80.4
80.0
76.6
75.8
78.2
75.4
75.7
72.7
70.4
68.8
70.3
71.1
74.4
76.9
78.7
79.0
79.2
81.7
79.9
80.6
83.2
87.0
84.9
82.5
83.4
84.0
81.6
80.3
81.6
80.3
78.0
78.2
80.9
81.0
83.0
81.6
84.7
82.4
80.0
77.6
75.3
75.5
76.2
73.0
72.5
75.4
75.2
74.5
72.9
75.0
77.0
74.5
74.7
74.6
75.0
75.8
73.3
75.3
76.3
77.4
74.0
72.2
74.7
74.2
74.6
74.8
76.4
74.9
77.3
79.0
79.4
78.2
78.5
81.1
81.4
85.4
87.7
88.3
85.7
86.0
84.2
84.2
84.8
85.1
85.0
84.4
85.5
88.8
86.5
86.7
84.5
81.8
79.9
77.8
80.7
80.7
82.1
82.4
85.6
82.8
83.6
81.2
84.5
83.6
81.0
84.2
80.9
84.2
84.2
84.6
82.4
82.4
79.7
80.4
82.6
82.7
82.5
82.8
85.7
86.6
87.2
84.3
87.6
88.1
87.9
88.2
88.9
92.0
90.0
89.2
89.3
91.7
92.0
94.6
95.2
97.6
94.9
94.7
94.7
97.5
97.6
99.7
96.8
97.4
95.4
94.9
94.6
95.2
94.9
93.4
93.5
92.7
90.0
90.8
90.6
89.9
89.9
87.7
84.9
84.7
85.8
85.5
85.4
88.7
86.2
86.2
84.0
83.4
84.0
82.6
80.5
79.6
79.9
77.4
75.0
72.6
70.2
67.6
68.4
65.4
67.4
65.3
65.4
62.7
60.0
58.9
60.8
60.9
60.7
61.4
60.8
61.0
63.2
63.8
61.2
58.9
58.9
56.3
54.1
54.9
52.5
53.7
51.2
53.5
53.5
50.9
54.2
54.0
53.9
53.5
55.7
55.6
57.9
56.5
54.0
56.9
60.0
57.3
57.2
57.0
54.1
57.0
54.1
56.9
59.9
59.9
61.9
61.8
61.8
64.5
66.8
67.1
66.7
64.4
61.7
59.5
59.6
58.2
60.3
60.0
62.5
63.1
65.7
67.8
70.7
70.7
70.9
71.1
73.3
75.4
75.2
78.1
78.6
80.8
81.0
83.4
86.3
85.8
88.4
91.0
90.1
91.2
88.5
85.9
88.1
90.9
94.0
93.9
92.4
94.9
96.9
95.8
95.6
98.8
98.8
98.4
101.4
103.8
105.8
106.5
107.0
108.7
110.5
113.2
116.3
118.7
118.5
118.5
120.0
121.2
120.8
123.3
121.0
122.8
123.2
126.1
126.4
129.2
129.3
130.7
132.9
134.9
136.8
134.8
137.2
137.2
134.7
132.8
133.5
132.9
132.9
135.7
133.7
134.8
135.3
133.1
130.5
133.4
134.2
137.0
137.7
137.4
140.4
137.8
138.4
135.7
135.5
135.6
135.6
135.7
135.2
134.6
132.2
135.0
137.0
139.6
139.5
142.5
140.5
140.0
139.0
138.9
139.2
139.8
137.6
137.1
134.5
132.2
130.0
129.6
129.1
129.5
132.4
132.1
131.9
132.7
132.6
133.6
132.4
129.8
130.3
131.7
131.7
134.2
134.3
134.0
131.4
134.3
135.0
130.4
131.1
132.0
131.7
131.5
131.9
132.0
131.8
131.5
131.4
133.2
130.1
130.7
131.5
131.3
130.9
130.1
130.2
130.1
129.1
130.4
134.0
134.4
134.7
134.8
136.8
136.5
134.1
134.1
133.2
131.1
131.2
131.4
129.7
129.6
129.7
129.5
132.1
134.3
136.5
137.6
134.7
132.7
135.0
133.3
135.2
135.3
138.2
136.1
133.4
130.5
130.0
130.6
130.8
130.4
127.5
130.3
130.6
127.8
130.0
127.3
125.7
123.2
126.2
125.5
126.3
126.2
128.5
126.9
126.4
127.3
128.1
125.4
125.3
125.0
127.5
128.1
128.4
131.3
133.9
133.6
133.7
132.3
132.4
132.4
132.5
128.9
126.2
128.5
127.1
130.0
130.2
128.7
131.4
131.0
128.5
126.4
126.2
123.6
122.3
123.6
123.3
123.5
126.2
126.0
127.8
129.3
127.0
126.2
126.3
124.1
126.6
126.9
126.9
126.9
127.4
125.4
123.0
123.2
122.5
119.8
116.9
116.5
118.7
116.7
117.0
114.5
116.4
116.4
119.1
121.4
121.3
121.0
121.0
123.8
122.4
124.9
122.5
120.2
119.1
121.2
121.0
120.9
118.2
120.1
120.0
122.0
121.6
123.6
126.2
128.7
131.6
130.8
130.5
132.9
133.0
130.7
130.1
130.8
131.0
130.7
130.1
130.8
129.5
127.1
124.3
121.7
121.7
124.1
124.1
122.6
122.8
123.2