-499.436762
-348.774727
-422.199661
-376.384622
-312.655893
-325.941327
-303.231412
-277.192273
-254.414293
-252.380377
-241.495430
-224.433637
-221.484360
-211.541778
-219.153615
-222.122614
-225.070763
-231.582830
-233.074087
-230.227860
-224.710010
-217.796043
-216.963166
-217.013442
-213.845196
-211.619348
-216.275874
-212.762629
-208.914029
-208.114080
-205.476681
-199.740742
-201.028579
-199.338178
-194.945565
-191.454897
-188.376748
-187.038991
-190.117832
-190.998808
-191.510418
-188.031663
-188.417246
-188.152049
-185.080898
-186.866909
-186.212231
-185.978782
-184.893911
-185.646739
-186.114224
-185.269028
-183.009413
-182.901460
-182.422262
-181.276680
-182.467795
-183.465553
-184.683091
-182.745026
-181.967886
-180.242340
-182.727439
-181.241408
-181.883679
-180.816432
-179.150320
-176.352847
-175.100834
-177.130215
-177.050455
-178.616709
-177.016041
-176.171520
-174.087867
-174.103386
-172.990938
-171.185398
-169.599615
-169.748331
-168.591153
-168.310556
-166.576625
-165.143615
-164.645058
-166.195603
-166.928562
-165.857275
-164.475214
-163.043126
-161.830534
-160.808518
-159.842751
-158.664394
-157.724784
-155.983505
-155.237668
-154.251372
-155.363659
-154.243368
-150.996504
-150.244995
-144.565112
-143.050312
-143.129123
-140.543407
-139.283699
-139.637233
-139.569740
-138.528770
-137.707441
-137.862118
-136.846426
-137.026030
-133.950045
-133.047890
-131.500707
-129.447228
-126.748936
-125.677435
-125.180891
-124.324116
-122.572028
-120.848758
-120.142516
-119.371820
-117.277919
-116.599226
-116.826161
-116.671948
-115.801675
-116.229035
-114.034869
-113.002786
-113.143246
-113.247894
-112.789239
-112.250438
-109.326162
-107.121587
-105.417024
-106.222700
-104.948823
-103.424753
-103.750350
-102.624173
-101.450756
-100.241120
-99.498441
-98.058255
-96.886589
-95.633875
-96.077518
-95.223128
-95.269159
-94.718178
-93.625643
-91.916344
-90.290537
-90.749470
-90.226978
-90.200331
-87.042377
-86.788567
-85.185184
-84.352220
-83.491282
-84.747637
-84.609235
-81.794495
-80.941272
-79.147555
-80.116621
-80.737572
-80.858836
-80.017545
-79.747535
-80.122921
-80.350498
-79.836777
-80.007908
-78.454686
-78.072474
-78.175068
-77.446250
-74.644386
-72.748337
-72.784286
-73.154358
-73.147783
-72.388079
-74.234911
-73.766377
-73.616390
-72.958495
-73.423321
-72.949624
-73.241165
-71.569852
-71.496396
-70.796967
-69.726948
-70.474177
-69.602257
-69.674523
-69.017514
-68.794624
-67.884832
-66.997122
-66.300862
-66.897158
-67.360329
-67.189485
-66.520394
-66.450570
-65.369476
-65.855869
-64.830650
-65.328447
-64.528127
-64.368374
-65.428438
-66.895059
-66.557494
-66.625134
-66.083162
-65.219523
-65.043874
-64.868543
-63.590510
-63.631120
-63.465029
-63.642537
-63.383283
-63.739632
-62.771584
-63.267636
-62.304875
-62.635770
-63.228659
-63.181872
-62.556655
-61.967335
-62.466080
-61.660978
-61.139581
-61.361144
-61.333595
-61.474990
-60.897204
-60.610359
-60.976248
-60.526091
-60.366030
-59.554843
-59.076654
-58.598867
-58.036079
-59.468327
-59.075519
-58.022089
-58.370418
-58.949269
-58.650623
-58.276772
-58.241724
-58.970438
-58.264151
-58.095387
-58.656953
-58.211664
-59.012834
-58.053746
-56.618782
-56.649016
-55.863371
-55.497829
-55.196469
-56.448117
-55.612378
-56.820616
-57.201892
-57.710744
-57.634377
-57.798955
-57.603760
-58.015098
-59.727942
-60.009502
-59.622328
-60.092129
-58.631349
-59.134382
-59.367601
-59.295157
-59.552808
-59.828220
-59.206546
-58.687902
-58.609398
-58.204841
-58.317197
-57.462914
-59.396846
-59.164114
-59.174254
-59.749459
-60.226490
-61.221770
-61.286507
-61.031822
-61.776399
-61.816580
-61.969897
-62.178788
-61.972669
-60.654788
-61.145507
-61.399647
-61.449814
-61.547576
-60.769390
-59.457078
-60.177438
-59.522766
-59.475156
-59.488108
-59.356424
-58.911075
-59.012947
-60.672443
-60.436682
-61.382529
-61.722004
-61.248423
-61.672949
-61.285313
-61.594885
-61.451433
-61.272691
-61.755710
-61.869436
-62.387718
-62.110045
-61.685566
-63.406384
-63.579861
-64.426835
-64.123463
-64.620196
-64.588424
-64.710004
-65.084129
-65.120342
-64.698611
-64.892494
-64.774819
-65.575674
-63.391670
-62.560357
-63.552194
-62.529958
-62.095546
-61.990572
-62.273943
-62.619281
-62.406286
-62.323711
-61.834000
-61.323301
-61.530362
-60.171604
-60.577172
-61.136392
-61.254276
-62.920418
-63.044527
-63.410844
-61.736031
-62.141972
-60.539221
-60.848385
-60.829597
-60.530699
-60.834580
-62.613412
-62.524624
-61.975483
-61.055461
-61.728658
-61.648231
-60.947456
-60.347327
-60.305725
-60.838465
-60.799753
-60.824286
-61.214461
-61.157255
-61.502135
-61.321780
-61.785147
-61.608612
-60.166272
-60.045299
-59.878100
-60.041981
-59.635496
-59.829385
-59.402580
-60.472036
-58.788160
-58.701620
-59.155582
-59.028728
-58.867120
-58.501295
-58.470712
-58.040631
-58.705023
-58.591442
-59.166978
-58.791184
-57.878159
-57.976582
-58.504995
-58.280756
-59.955724
-59.311877
-61.220934
-59.607731
-59.391998
-59.510913
-59.213250
-58.830053
-59.621781
-59.782453
-60.523063
-60.716189
-60.060210
-59.334131
-59.117429
-59.151055
-59.524769
-60.270382
-58.266374
-58.044198
-57.305234
-57.278360
-57.759589
-57.524567
-56.773306
-56.038925
-55.507349
-55.299704
-55.608316
-56.356722
-56.078436
-56.504317
-56.949148
-56.443432
-56.973098
-56.776271
-56.366058
-55.982411
-56.492762
-56.072953
-58.961226
-58.799835
-58.783922
-58.392795
-58.079651
-56.887946
-56.648629
-56.672389
-54.894150
-55.369921
-56.202482
-56.966831
-56.750721
-58.626422
-58.511430
-58.512624
-58.510054
-57.450304
-57.122218
-56.665600
-55.159883
-55.583719
-55.234785
-55.148919
-57.106397
-57.279519
-57.226063
-56.886398
-56.761899
-57.076892
-56.724819
-56.410314
-56.515682
-55.836192
-55.629876
-56.441823
-57.554050
-56.907842
-59.447018
-59.005621
-58.652362
-58.191607
-58.058785
-56.458032
-56.488601
-56.239342
-57.150776
-57.708883
-57.536629
-57.430074
-56.867351
-57.228969
-57.013287
-57.738708
-58.802796
-58.930304
-59.287951
-59.551558
-58.657320
-59.152174
-57.714232
-58.376710
-55.968962
-56.140720
-55.789356
-55.062384
-57.577264
-57.573609
-57.055825
-56.160023
-56.220802
-56.003153
-57.270366
-57.488248
-57.105991
-56.728000
-56.143889
-55.625686
-55.615397
-55.544538
-55.731353
-55.449873
-55.345341
-55.245741
-57.063663
-57.125336
-57.399874
-57.131356
-57.219241
-56.103100
-55.919737
-55.885860
-55.531366
-55.981795
-55.828867
-56.380895
-57.610964
-57.734777
-56.977562
-57.651979
-55.316610
-55.265459
-54.806402
-54.808759
-55.037444
-56.342947
-56.798659
-56.460463
-57.415280
-56.684986
-56.865492
-55.959703
-55.638113
-55.474691
-54.817810
-54.139631
-54.208077
-55.054239
-53.685636
-53.562109
-53.496587
-53.414576
-52.536386
-53.770923
-51.783771
-53.154305
-54.691197
-55.318075
-54.760890
-54.020207
-54.764681
-55.087431
-55.554282
-56.048329
-56.133845
-56.430122
-56.622797
-56.469226
-53.343296
-53.529127
-53.722382
-52.940857
-53.120806
-54.419331
-57.257747
-57.210563
-55.409004
-54.848779
-56.924612
-57.561267
-57.485864
-56.884842
-60.707908
-62.689711
-61.766535
-62.907090
-65.042450
-64.703790
-66.018615
-65.441979
-64.855738
-65.258410
-65.988353
-65.549500
-66.888914
-66.707136
-63.757823
-63.680815
-63.319075
-64.250478
-63.287453
-62.981319
-62.216329
-62.079769
-62.227933
-62.248569
-62.073103
-62.520310
-61.562964
-60.872652
-60.270093
-61.195572
-60.396968
-59.774542
-58.302319
-58.730419
-57.936691
-57.540349
-57.280378
-57.902814
-57.672693
-57.411708
-57.691506
-57.266239
-56.906594
-57.078327
-57.056929
-57.044873
-56.674648
-56.053844
-55.915275
-55.875715
-55.559404
-55.782644
-54.711778
-53.482737
-53.000137
-52.896610
-52.425907
-54.477888
-52.262107
-52.561505
-52.082294
-50.864819
-50.315593
-50.877338
-51.758214
-50.267907
-50.165628
-49.830835
-49.478030
-48.493317
-48.704392
-48.656817
-48.231329
-46.505558
-44.746052
-43.885480
-44.560101
-44.867235
-42.670468
-42.415757
-41.247763
-40.989498
-40.033977
-40.112651
-38.316994
-41.366360
-40.705875
-39.582350
-39.324134
-42.212181
-42.760055
-40.785039
-36.780731
-36.202977
-35.751478
-35.140406
-32.974863
-33.257308
-32.738459
-32.353266
-27.384071
-24.546084
-23.409371
-20.985329
-20.784171
-20.435822
-18.585705
-18.453447
-18.558695
-17.249045
-15.646986
-14.337909
-12.515899
-11.222486
-11.250900
-10.422609
-9.102358
-8.025200
-8.456753
-9.039003
-8.760202
-7.256304
-6.542229
-5.304071
-4.536437
-4.082538
-3.551575
-3.721711
-4.064073
-2.674157
-1.723192
-1.499573
-0.597069
0.409022
-0.207021
-0.170031
0.569212
2.430174
4.055603
5.183105
7.825782
8.146492
8.142976
8.590618
10.513663
11.857797
13.428507
14.502970
15.622996
16.443183
17.203587
16.404259
16.516989
17.700161
18.703379
19.995066
20.963751
22.552460
22.582142
23.603138
25.444011
27.656751
27.996344
27.250575
28.752972
29.393882
29.234154
29.432206
30.040165
30.860326
31.740451
34.129111
35.392284
36.618763
37.910350
39.192169
40.891018
42.872516
41.521541
43.075322
44.540136
47.181527
48.660182
50.864703
53.624555
57.673411
56.795260
57.599541
59.015917
62.972198
65.209743
66.309643
66.189030
68.560228
66.887544
67.616466
69.086459
72.532479
73.733376
74.806091
75.496031
76.890112
78.869121
79.342380
82.649668
84.804027
85.408184
84.602252
85.624319
86.539217
85.780461
84.374213
84.946497
84.396166
84.981494
82.955015
82.936259
83.764256
85.995758
87.590607
88.874376
90.080203
90.268180
90.627642
92.479525
93.542686
94.408123
96.232719
98.086419
98.945762
99.505286
101.478246
102.214175
103.633073
106.915263
107.370085
109.591101
110.906688
112.112875
114.035747
114.005404
116.302618
119.041565
122.081763
122.009602
123.530482
124.660513
126.194091
128.468312
130.122145
131.479718
133.590652
134.560506
135.756302
137.672017
138.780540
140.571384
143.500729
145.295873
147.392610
147.793194
149.140679
149.077862
152.890040
154.753259
154.465802
157.072418
159.239167
161.201051
162.261411
163.785244
164.063604
164.166071
165.102655
166.206182
167.180288
167.893433
168.770753
171.352857
171.704506
171.337911
170.043329
170.658168
171.157216
170.781581
171.726289
172.795762
173.964931
174.485261
175.496038
173.906939
174.748272
176.152893
173.376899
176.755185
178.251419
178.981412
178.615758
179.681411
180.868880
181.634180
182.923956
182.905864
183.263659
184.716598
184.599033
185.772182
188.894929
189.024997
190.342868
192.563990
195.329568
196.413804
198.364367
200.005199
203.510244
204.868647
205.959062
206.742198
208.004129
209.430542
209.455674
211.816585
213.073719
212.927149
213.894388
214.605925
215.123584
216.250363
217.394324
218.207449
218.270354
219.704065
220.397349
219.800270
221.025172
220.929772
221.251829
220.762303
220.145434
220.668466
220.178415
219.992580
219.273109
220.555443
219.235080
218.918541
218.516177
218.200255
218.242391
218.150696
219.436611
219.840592
219.952354
219.817425
219.726236
219.968668
219.859830
215.252576
215.055487
214.859475
214.958529
216.425828
214.639533
215.104146
216.515052
215.300569
215.180760
215.023807
215.211141
214.784204
215.949738
216.698613
217.243947
216.533447
216.299724
216.553444
216.645796
216.714169
217.678219
218.948845
220.231543
220.358734
221.089882
221.009062
221.014122
222.804041
222.865400
223.274317
223.432090
226.002108
226.298047
226.688596
229.300721
229.658332
229.534962
228.509799
228.846598
228.961333
228.780922
228.908845
229.606659
229.989250
230.732747
230.668565
230.982303
231.369760
231.435304
232.235412
232.020120
232.168833
232.092481
232.492281
232.842687
232.838151
233.108549
233.080778
233.242371
233.417382
233.383371
233.190525
233.141708
232.763277
232.498894
232.620842
232.992008
233.606044
233.645241
233.932618
234.146206
232.924617
232.950456
232.641353
232.494421
232.930549
233.535545
233.773280
233.711456
234.293358
234.738125
234.543386
235.187966
235.346277
235.750942
236.059593
237.446808
237.450913
237.782588
237.676109
237.396396
237.109536
237.731133
238.111565
238.154196
238.718609
239.028193
239.205412
239.767711
244.769921
245.147056
245.260685
245.068060
245.238262
246.410522
246.539064
246.569455
248.032906
248.354598
248.676240
248.597571
248.603451
248.934349
249.469641
249.566229
250.732705
251.103041
251.525479
251.749795
251.796651
251.884249
252.439800
252.772996
253.031017
251.928175
252.117011
252.525264
252.760623
252.675818
253.043033
252.982631
253.290617
253.506600
253.648220
254.062936
254.391747
254.826260
255.195008
255.628489
255.667667
255.968262
256.474984
256.287159
256.353316
256.563974
256.594986
256.557092
256.774813
257.285800
257.971651
258.052787
257.995812
258.201590
258.173246
258.420952
258.613202
258.568109
258.956261
259.036896
258.903808
259.290482
259.571693
259.805641
259.542094
260.165530
260.109486
260.158606
259.861954
259.869970
260.146666
260.471370
262.019855
262.095272
260.852956
261.402705
261.697241
261.570870
261.551885
261.897174
262.144102
262.231235
262.300626
262.516799
262.619859
263.009217
263.674007
263.941635
264.332301
264.568832
264.929921
265.539161
266.187701
266.288037
266.620528
266.651865
266.873678
264.451624
264.337439
264.323902
264.044531
263.979428
264.453005
264.421844
264.304725
264.778124
264.653218
264.956003
264.909404
264.980669
264.991675
265.300185
265.614593
265.196727
265.339702
265.103683
265.459544
265.624973
265.909466
266.210274
266.723951
266.306044
265.742284
265.383196
265.407483
266.742679
267.217658
267.072721
266.970659
267.230810
267.353398
267.702019
267.876266
267.676072
267.176243
266.719232
266.785556
266.587247
267.980631
267.469500
267.392549
267.113959
266.826615
266.872570
266.644803
266.411380
266.334742
266.336075
265.684121
265.233453
265.503249
266.055588
264.266524
264.360466
264.434146
264.557239
264.500427
264.811761
264.360420
264.383630
264.520542
264.519025
264.555257
264.402747
264.397652
264.413637
264.095509
264.124774
264.384526
264.591914
264.475545
263.863681
264.063824
264.122162
265.380518
265.036227
264.534704
264.845740
264.969889
264.861514
264.820398
264.775861
264.833554
264.873740
265.000485
265.106052
264.906440
264.659893
264.688115
264.709349
263.415631
263.351958
263.223021
263.391378
263.510027
263.250761
262.842894
265.074091
265.296277
265.068076
265.171710
264.875151
264.548411
265.116938
263.801086
263.562069
263.455279
263.120647
263.408345
263.527014
263.408283
263.346742
263.318618
263.563603
263.303806
263.191774
263.190252
263.092326
262.722897
262.491692
261.987965
262.544959
262.779508
262.875022
262.815905
260.561017
260.169451
260.176643
260.217381
260.250169
259.871465
259.715341
259.286038
259.218934
259.516400
259.973338
259.894898
259.659247
259.567697
259.943614
260.112853
259.982433
259.707262
259.429006
259.346834
259.616008
259.691599
259.658301
259.804015
260.144176
259.928883
259.740667
261.844464
262.062858
261.593166
261.231571
261.644863
261.448761
261.718856
261.912070
262.004621
262.026920
262.061055
262.215700
262.295327
260.845647
261.037155
260.840594
260.504228
260.611338
260.441623
261.089936
261.284864
261.000691
260.720774
260.643240
260.573626
259.765342
259.594579
259.856083
259.438196
259.497660
257.447910
257.598167
257.445478
257.364039
257.064970
257.338149
257.374164
255.128717
256.530343
256.403670
256.482718
256.291505
255.992703
256.404168
256.955034
257.580801
257.174617
257.056861
257.242300
254.801354
254.950122
254.345328
255.944945
255.962066
256.126933
256.421571
255.933431
255.651787
255.597265
255.466042
255.181579
255.453769
255.517703
255.584831
255.196128
255.321125
255.834099
255.729156
255.979127
255.617914
255.741191
256.027940
256.047804
258.191657
258.214247
257.674812
257.183260
257.338771
257.582309
257.853799
255.747173
255.792067
255.512896
255.116235
255.266010
255.272295
255.320927
255.199370
255.348941
255.848536
256.235038
254.331435
254.204159
253.599240
253.901989
253.935570
253.848027
251.166924
251.092576
251.421479
251.562093
248.248025
248.610918
248.613216
248.073035
245.492599
245.223256
245.134709
244.805287
244.654582
244.400107
244.318011
244.619701
245.866299
246.263255
246.775247
246.695195
246.508286
244.016997
243.846746
243.595425
243.681987
244.161381
244.569561
244.797872
244.548996
244.696116
244.468176
244.766563
244.686519
246.406020
242.907331
243.285395
243.557723
243.229766
243.244552
242.972665
244.584438
244.406100
244.340199
244.213533
244.144041
239.532290
239.483092
239.244913
238.972214
238.917691
238.949404
238.960877
241.284592
241.372582
241.420714
241.251981
241.513041
241.357508
241.446056
241.670990
241.743119
242.205270
242.187181
242.880757
242.415574
242.229591
242.012796
242.404101
242.419226
242.326908
242.036769
242.005038
241.786298
241.644590
