-100
-142
-88
-115
-102
-74
-124
-112
-117
-73
-90
-85
-8
-142
-33
-47
-142
-68
-133
-57
-36
-144
-78
-69
-142
-62
-75
-49
-135
-121
-132
-68
-71
-142
-142
-143
-104
-8
-75
-19
-19
-19
-47
-49
-19
-19
-19
-75
-75
-19
-19
-19
-75
-115
-8
-135
-66
-121
-143
-78
-106
-115
-8
-69
-19
-69
-75
-75
-64
-75
-75
-29
-75
-75
-75
-75
-75
-18
-8
-115
-18
-106
-18
-106
-146
-133
-143
-143
-135
-106
-121
-146
-143
-144
-135
-146
-135
-143
-143
-143
-142
-143
-143
-143
-143
-142
-143
-143
-143
-144
-143
-135
-132
-143
-143
-143
-143
-143
-143
-142
-143
-144
-143
-143
-143
-143
-144
-146
-135
-106
-143
-131
-55
-15
-105
-116
-104
-116
-55
-29
-104
-106
-144
-135
-101
-144
-144
-143
-143
-143
-143
-143
-143
-111
-104
-18
-116
-116
-116
-104
-116
-116
-116
-116
-116
-116
-116
-116
-38
-116
-116
-116
-116
-115
-90
-55
-116
-116
-116
-116
-104
-81
-55
-55
-19
-39
-75
-75
-75
-19
-63
-39
-121
-75
-75
-75
-75
-19
-39
-75
-8
-19
-19
-67
-116
-116
-104
-116
-116
-116
-79
-55
-55
-19
-81
-55
-29
-75
-135
-115
-106
-75
-75
-75
-75
-19
-55
-55
-55
-19
-39
-75
-135
-75
-144
-144
-135
-75
-75
-135
-75
-75
-19
-19
-67
-19
-75
-75
-75
-75
-75
-75
-75
-75
-75
-19
-19
-69
-19
-116
-116
-115
-116
-104
-55
-67
-67
-116
-116
-116
-116
-116
-79
-51
-67
-116
-116
-116
-116
-104
-116
-116
-116
-116
-116
-105
-116
-105
-55
-115
-79
-116
-104
-91
-81
-116
-104
-81
-116
-115
-55
-55
-116
-104
-115
-56
-69
-55
-55
-55
-116
-116
-116
-116
-116
-78
-55
-79
-81
-104
-116
-116
-116
-135
-115
-66
-92
-81
-67
-116
-116
-81
-67
-115
-69
-104
-116
-67
-55
-104
-116
-116
-104
-94
-70
-58
-67
-67
-55
-67
-104
-78
-55
-55
-90
-55
-55
-55
-55
-55
-67
-79
-66
-66
-55
-55
-55
-66
-67
-55
-55
-71
-114
-116
-104
-66
-66
-79
-79
-67
-79
-116
-104
-115
-115
-107
-80
-66
-67
-67
-55
-67
-66
-67
-67
-67
-66
-56
-57
-59
-69
-70
-80
-94
-80
-83
-67
31
-94
-94
-94
-94
-83
-67
-83
-94
-81
-122
-122
-115
-118
-122
-122
-71
-122
-67
-81
-67
-66
-43
-57
-43
-91
-78
-55
-55
-55
-67
-55
-55
-55
-102
-55
-55
-55
-55
-66
-67
-55
-66
-55
-55
-55
-55
-55
-55
-55
-55
-55
-55
-55
-55
-67
-56
-67
-83
-81
-29
-66
-58
-66
-59
-55
-59
-57
-56
-61
-91
-56
-66
-56
-56
-55
-55
-95
-90
-55
-90
-55
-91
-90
-66
-79
-55
-55
-55
-66
-61
-91
-61
-81
-72
-61
-59
-58
-58
-61
-72
-72
-58
-67
-59
-58
-58
-91
-61
-61
-90
-90
-90
-90
-69
-90
-61
-67
-54
-61
-91
-55
-90
-91
-67
-90
-54
-54
-54
-67
-90
-54
-54
-91
-58
-91
-71
-58
-44
-60
-61
-60
-60
-91
-105
-59
-70
-57
-55
-54
-54
-43
-43
-43
-43
-43
-54
-43
-43
-43
-43
-54
-55
-54
-67
-55
-54
-54
-91
-90
-72
-83
-61
-90
-55
-54
-55
-91
-55
-54
-91
-90
-67
-91
-91
-72
-72
-83
-115
-91
-83
-72
-72
-72
-91
-90
-61
-90
-54
-54
-54
-54
-54
-54
-54
-43
-54
-55
-54
-67
-55
-54
-43
-90
-91
-91
-90
-67
-67
-90
-55
-55
-55
-54
-43
-43
-67
-90
-90
-54
-54
-43
-54
-54
-43
-55
-54
-54
-54
-54
-43
-43
-43
-54
-114
-54
-43
-43
-43
-43
-43
-43
-51
-43
-43
-43
-43
-43
-43
-43
-43
-43
-43
-43
-43
-43
-43
-54
-43
-43
-43
-43
-54
-54
-55
-43
-115
-97
-67
-55
-54
-54
-54
-43
-43
-43
-43
-43
-43
-43
-43
-43
-43
-54
-54
-54
-43
-43
-54
-54
-43
-43
-43
-43
-43
-54
-43
-43
-43
-43
-43
-43
-43
-43
-43
-43
-43
-54
-54
-43
-54
-43
-43
-69
-43
-43
-54
-54
-54
-67
-54
-54
-55
-55
-54
-54
-43
-43
-43
-43
-43
-54
-55
-67
-55
-90
-67
-43
-43
-66
-43
-43
-43
-54
-43
-43
-51
-43
-43
-43
-43
-43
-51
-43
-54
-43
-43
-43
-43
-51
-54
-43
-43
-43
-43
-43
-43
-43
17
17
17
28
17
-123
-55
-55
-55
-55
-55
-55
-55
17
-51
-28
-39
28
-51
-51
-51
-51
17
-51
-50
-39
-39
-28
-51
28
17
-51
-51
-51
-51
-51
-51
-51
-39
-39
-51
-50
-51
-51
-112
-51
-51
-51
17
-51
-51
-51
-39
-39
-39
-51
-51
-39
-39
-51
-51
-39
-39
-39
-39
-39
-51
-39
-51
-51
-51
28
28
-55
-55
-55
-55
-55
-55
-55
17
28
-32
-20
-61
-61
-61
-51
-61
-72
-51
-61
-51
-51
-51
-39
-39
-51
-51
-39
-39
-39
-39
-39
-39
-39
-39
-39
-39
-39
-39
-39
-39
-39
-39
-39
-39
-39
-40
-39
-39
-39
-39
-39
-39
-39
-39
-39
-39
-39
-50
-61
-51
-51
-61
-51
-39
-39
-39
-50
-39
-39
-29
-39
-39
-39
-39
-61
-61
-61
-29
-39
-39
-39
-27
-39
-39
-39
-39
-39
-39
-39
-39
-38
-39
-39
-39
-39
-39
-39
-29
-95
-39
-39
-50
-39
-39
-39
-61
-39
-50
-39
-39
-39
-39
-39
-39
-39
-39
-61
-50
-50
-50
-20
-39
-39
-39
-39
-39
-39
-39
-39
-29
-38
-39
-39
-61
-61
-61
-61
-61
-39
-39
-39
-39
