-115
-93
-81
-92
-53
-71
-89
-96
-109
-48
-100
-101
-103
-91
-98
-111
-88
-117
-97
-63
-92
-142
-14
-111
-63
-59
-132
-29
-61
-60
-83
-71
-140
-141
-90
-40
-60
-55
-84
-15
-86
-37
-57
-60
-70
-142
-60
-92
-92
-28
-38
-85
-38
-2
-26
-52
-38
-38
-14
-52
-32
-82
-82
-82
-82
-82
-82
-82
-82
-82
-82
-82
-82
-82
-120
-82
-82
-82
-82
-82
-32
-62
-62
-2
-2
-14
-38
-38
-38
-96
-96
-38
-92
-96
-112
-112
-112
-112
-112
-112
-112
-112
-112
-81
-112
-112
-81
-96
-38
-14
-2
-50
-81
-80
-80
-79
-62
-80
-79
-62
-62
-52
-2
-32
-50
-2
-2
-2
-32
-50
-2
-2
-2
-26
-14
-33
-38
-92
-96
-92
-92
-92
-92
-92
-96
-96
-38
-38
-38
-38
-38
-92
-34
-92
-96
-96
-14
-2
77
41
62
-2
-2
-2
-2
-2
-2
51
-33
-32
-32
-62
-62
-62
-82
-82
-82
-62
-2
-2
-2
-2
-2
-38
-38
-96
-38
-38
-92
-85
-57
-38
-38
-26
-14
-2
-40
-14
-38
-13
-38
-38
-92
-14
-39
-2
-14
-2
70
-92
-74
70
-38
-92
-96
-92
-92
-96
-112
-112
-112
-96
-85
-74
42
110
110
113
113
-50
-51
124
113
113
-62
-62
-62
-62
-62
-62
-62
-120
-62
-82
-82
-62
-62
-50
-50
-50
-50
-62
-62
113
113
113
-62
-50
42
-50
-50
-50
113
113
105
-92
-22
-78
-112
36
-142
-143
-143
-143
-143
-115
-115
-142
-135
-108
-55
-78
-111
-112
-112
-112
36
36
-116
-89
-59
-99
-59
-89
-112
-112
-112
-112
-80
-112
-112
36
-80
-80
113
113
-80
-80
36
113
113
113
-92
-92
-91
-91
-92
-80
-112
-55
-80
36
36
-112
-112
-112
36
22
-112
-78
-112
-112
-112
-112
-22
-80
-80
-80
-81
-80
36
-116
-115
36
-104
-99
-99
-99
-89
-116
-116
-19
-9
-116
-115
-116
-116
-116
-116
-116
-116
-116
-117
-104
-9
-9
-29
-39
-104
-19
-79
-9
-19
-116
-116
-9
36
-104
-112
-112
-80
-79
36
-9
36
-112
36
-79
-104
-79
-79
-99
-79
-79
-39
-79
-116
-39
-79
-114
-119
-112
-79
-98
-119
-119
-79
-114
-116
-113
-104
-116
-116
-116
-116
-116
-116
-116
-79
-68
-113
-116
-116
-116
-116
-113
-116
-89
-119
-113
-116
-113
-116
-116
-116
-116
-116
-99
-79
-79
-79
-113
-119
-119
-99
-99
-79
-99
-39
-99
-39
-39
-19
-116
36
36
-99
-120
-99
-99
-99
-99
-39
-87
-80
-80
-80
-80
-80
-97
-81
-80
-91
-80
-112
36
36
-116
-113
-116
-115
-115
-116
-116
-113
-116
-116
-112
36
36
36
-116
-115
-112
-78
36
-116
-113
-116
-116
-116
-113
-113
-116
-116
-116
-116
-116
-116
-116
-116
-116
-116
-116
-113
-116
-116
-115
-116
-116
-116
-116
-114
-116
-113
-114
-114
-115
-116
-114
-113
-114
-116
-114
-113
-114
-114
-114
-79
-113
-68
-114
-113
-113
-79
-114
-113
-113
-114
-114
-113
-113
-116
-114
-116
-113
-114
-114
-115
-115
-115
-115
-115
-115
-115
-103
-123
-123
-115
-103
-104
-116
-104
-116
-78
-123
-122
-115
-58
-116
-93
-93
-93
-116
-116
-116
-116
-116
-116
-116
-116
-116
-116
-116
-115
-115
-115
-115
-115
-116
-116
-46
-116
-115
-115
-115
-116
-115
-104
-115
-115
-105
-105
-116
-116
-116
-116
-116
-116
-116
-105
-115
-116
-116
-116
-93
-115
-93
-93
-93
-93
-93
-115
-135
-115
-105
-93
-104
-115
-93
-120
-93
-105
-116
-116
-123
-120
-126
-46
-116
-46
-46
-46
-46
-105
-33
-46
-95
-112
-112
-78
-112
-112
36
-112
-46
-33
47
36
-78
-70
-112
-112
-112
-112
36
47
36
-95
36
-78
-78
-78
-55
-146
-119
-120
-119
-116
-116
-120
36
36
36
-112
-28
-92
-92
113
-55
-53
16
-112
-53
-46
-120
-120
-119
-104
-120
-104
36
-120
-119
-119
-119
-116
-116
-116
-108
20
-112
-1
-112
-112
-28
-22
-70
-23
-92
-92
-92
-92
-92
-92
-92
-92
-92
-53
-53
-112
-112
-28
-28
-42
-55
-28
-17
-53
16
-112
25
24
103
-112
-53
-53
-92
-92
-92
-92
113
113
113
-92
113
-92
-62
-92
113
113
124
-68
124
113
-67
-82
-36
213
99
17
100
-82
-82
-62
-66
41
-77
-67
-82
-82
-82
-72
-67
-68
113
113
113
171
-28
99
88
90
138
-84
-53
-53
123
107
130
84
113
113
113
-92
-92
-92
-92
-92
-92
-28
-28
113
-92
-44
-55
-55
-42
-55
-55
113
113
113
113
-50
113
176
-92
113
135
-50
124
113
113
113
124
135
124
-50
-62
124
-67
-69
135
-50
124
113
-92
113
113
113
-50
-50
113
-50
-50
-82
-72
-72
-62
163
-50
-50
173
175
-92
-92
-92
-92
-92
-53
127
-92
-92
182
167
113
-62
-62
-62
-72
-82
-82
-82
-82
-82
-111
-82
-82
-82
-82
-82
-82
-82
-82
-82
-82
-82
-82
-82
-82
-72
-72
-82
-82
-82
-82
-82
-82
-82
-82
-82
-72
-72
-72
-62
-62
-62
-66
-62
-62
-62
-16
108
149
42
42
159
96
101
98
88
-76
-62
-78
137
93
88
107
102
135
96
-62
-79
-62
-62
-62
-62
-72
-82
-82
-82
-82
-82
-72
-62
-111
-72
-72
-62
-62
-37
-82
-82
-62
-62
-47
-62
-82
-82
-82
-82
-82
-82
-82
-82
-82
-62
-62
-62
-77
-77
-37
-37
-75
92
98
96
101
-66
