-51
-113
-111
-111
-108
-77
-105
-107
-99
-98
-60
-132
-103
-102
-68
-21
-111
-91
-140
30
-111
-103
-112
-100
-115
-103
-76
-114
-67
-119
-94
-57
-38
-57
-115
-49
-112
-117
-73
-115
-113
14
-112
-69
-67
-26
-63
-123
-95
-101
-115
-84
-110
-112
-115
-15
-47
-112
-111
-88
-112
-101
-78
-53
-72
-66
-114
-75
-113
-116
-47
-63
-54
-83
-75
-100
-64
-57
-71
-90
-114
-46
-98
-130
-105
-110
-110
-11
-82
-87
-52
-101
-98
-69
-86
-62
-111
-37
-81
-106
-99
-111
-109
-100
-112
-93
-87
-81
-80
-102
-44
-62
-118
-71
-112
-76
-39
-97
12
-56
-66
-75
-51
-120
-119
-94
-57
-124
-32
-69
-69
-48
-120
-51
-105
-42
-68
-65
-132
-81
-112
-68
-66
-76
-74
-31
-102
-67
-74
-57
-99
-100
-67
-59
-75
-73
-58
-98
-143
-30
-57
-83
-63
-35
-27
-14
-84
-81
-112
-120
-101
-77
-93
-77
-74
-39
-75
-47
-6
-96
-66
-53
-70
-50
-37
-74
-85
-81
-94
-142
-75
-69
-67
-89
-58
-146
-110
-21
-45
79
-86
-57
-58
-113
-74
-68
-57
-48
-26
-58
-68
-111
-61
-47
-37
-144
-115
-89
-57
-37
-81
-86
-92
-69
-144
-70
-58
-55
-59
-48
-71
-70
-62
-85
-48
-58
-145
-46
-85
-95
-62
-58
-70
-74
6
-81
-81
-143
-8
-50
-126
-84
-143
-73
3
-60
-124
36
-18
-143
-71
-143
-146
-47
-104
-84
-73
-94
-124
-114
-26
-20
-116
37
-49
-49
-116
-58
-75
-56
-64
-75
30
-113
-10
-79
-105
-105
-105
-102
-104
-105
-49
-116
-39
-50
-75
-105
-69
-105
-74
-63
-19
-104
-75
-53
-59
-55
-19
-116
-61
-104
-105
-61
-105
3
-143
-141
-110
-143
-113
-143
-132
-142
-91
-132
-117
-143
-116
-121
-104
-104
-116
-104
3
-116
-142
-142
19
-104
-104
-143
-143
-144
-142
36
-143
-144
-143
-116
-135
-135
-116
-116
-116
-90
-143
-143
-104
-142
-143
-143
-143
-142
-143
-143
-143
-143
-143
-142
-143
-143
-142
-91
-143
-116
-116
-106
-142
-116
-116
-104
-116
-116
-135
-104
-61
-90
-143
-142
-143
-143
-143
-143
-116
-116
-116
-116
-143
-143
-143
-143
-143
-143
-143
-143
-146
-111
-143
-143
-143
-143
-143
-143
-143
-143
-111
-91
-91
-116
-135
-104
-105
-55
-19
-19
-19
-116
-19
-111
-116
-91
-116
-104
-143
-143
-142
-111
-106
-116
-116
-104
-116
-111
-91
-111
-104
-142
-143
-143
-146
-143
-143
-91
-91
-85
-110
-143
-143
-87
-77
-87
-55
1
13
-112
-75
-86
-143
-143
-111
-91
-116
-116
-143
-143
-142
-146
-143
-143
-143
-143
-143
-142
-143
-143
-140
-141
-141
-142
-141
-143
-143
-143
-143
-143
-143
-144
-143
-143
-143
-144
-143
-143
-144
-143
-144
-143
-142
-141
-142
-143
-143
-143
-143
-143
-143
-143
-142
-144
-143
-143
-142
-143
-143
-143
-142
-144
-143
-143
-143
-140
-110
-108
-74
-85
-1
-112
-112
35
-126
-104
-75
-10
-86
-22
-75
-104
-91
-118
-19
-104
-135
-116
-116
-116
-19
-19
-19
-75
-19
-19
-91
-111
-115
-19
-19
-9
-91
-91
-91
-8
-100
-142
-116
-100
-143
-143
-111
-116
-134
-105
-116
-143
-143
-143
-142
-144
24
-144
-87
-143
-87
-87
-91
-91
-112
-114
-113
-19
-75
-111
-114
-19
-105
-19
-19
-19
-91
-91
-58
-114
-91
-142
-91
-116
-115
-61
-104
-142
-144
-143
-143
-116
-116
-84
-19
-75
-19
-75
-116
-19
-19
-117
-19
-19
-19
-75
-114
-55
-19
-55
-55
-19
-19
-19
-19
-19
-19
-91
-135
-8
-124
-116
-19
-104
-115
-104
-75
-19
-19
-39
-49
-19
-75
-116
-19
-30
-34
-116
-19
-105
-116
-116
-80
-101
-91
-121
-143
-101
-80
-91
-105
-61
36
-61
-116
-78
-19
-19
-19
-116
-19
-49
-50
-116
-19
-126
-91
-91
-58
-113
-114
-19
-19
-49
-115
-116
-135
-19
-19
-19
-19
-105
-19
-75
-135
-116
-125
-80
-91
-114
-91
-91
-90
-113
-126
-114
-124
-19
-19
-8
-19
-19
-19
-114
-19
-19
-19
-19
-19
-19
-19
-104
-87
-91
-90
-91
-113
-19
-19
-19
-36
-104
-19
-75
-113
-19
-99
-113
-49
-67
-88
-19
-11
-80
-88
-135
-104
-107
-147
-144
-116
-91
-104
-126
-135
-88
-69
-88
-90
-126
-75
-126
-126
-126
-113
-19
-19
-72
-90
-89
-90
-91
-91
-125
-39
-114
-19
-19
-115
-19
-19
-19
-19
-9
-19
-19
-19
-91
-103
-115
-78
-19
-19
-19
-105
-53
-115
-72
-114
-113
-105
-91
-91
-90
-79
-135
-91
-90
-106
-121
-91
-42
-116
-116
-19
-116
-19
-78
-116
-75
-116
-115
-105
-33
-67
-79
-115
-95
-115
-109
-19
-88
-79
-88
-67
114
-33
-67
-67
-32
-79
-32
-83
-114
-115
-115
-115
-75
-115
-19
-19
-72
-112
-115
-75
-75
-19
-19
-64
-22
-22
-22
-22
-105
-22
-22
-27
-19
-112
-19
-75
-112
-115
-115
-64
-113
-44
-113
-115
-75
-44
-75
-19
-45
-19
-19
-19
-19
-22
-91
-50
-43
-43
-43
-91
-98
-44
-32
-98
-28
-75
-75
-75
-22
-43
-44
-115
-43
-75
-115
-116
-72
-22
-27
-43
-43
-91
-91
-43
-32
-91
-91
-91
-43
-43
-123
-91
-91
-79
-51
-110
-91
-51
-43
-32
-67
-75
-32
-43
-32
-55
-20
-61
-75
-111
-43
-51
-91
-91
-32
-32
-32
-67
-75
-95
-32
-75
-43
-75
-91
-75
-88
-135
-79
-91
-43
-61
-67
-43
-43
-69
-91
-51
-43
-91
-67
-43
-61
