-50
-109
-53
-90
-96
-71
-47
-81
-61
-92
-130
-131
-111
-99
-130
-78
-113
-97
-92
-126
-93
-88
-110
-66
-60
-102
25
-68
-120
-56
-52
-108
-72
-55
-107
-57
-109
-132
-104
-104
-66
-90
-112
-62
-92
-111
-95
-56
-132
-115
-69
-133
-50
-115
-83
-68
-105
-123
-115
-72
-123
-80
-72
-26
-103
-94
-74
-113
-67
-114
-105
-41
-89
-54
-74
-132
-91
-73
-68
-65
-132
-119
-101
-59
-62
-81
-68
-111
-74
-111
-131
-123
-58
-132
-53
-115
-74
-64
-72
-104
-98
-144
-101
-95
-90
-51
-67
-115
-98
-45
-81
28
-109
-121
-66
-143
-122
-111
-111
-113
-101
-139
-89
-47
-115
-144
-105
-104
-87
-54
-56
-116
-81
-113
-64
-112
-109
-95
-15
-41
-56
-150
-107
-100
-63
-98
-19
-74
-88
-85
-112
-79
-141
-111
-81
-75
-92
-120
-74
-113
-93
-87
-57
-59
-96
-85
-88
-109
-61
-75
-111
-131
-115
-115
-113
-46
-109
-52
-84
-83
-22
-89
-112
-134
-89
-37
-78
-62
-88
-63
-111
-104
21
-60
-78
-92
-53
-100
-63
-31
-98
-104
-52
-85
-143
-124
-95
-143
-77
-67
-102
-77
-78
-137
-44
-140
-93
-137
-26
-57
-99
-60
-48
-100
-79
-112
-109
-76
-67
-70
-99
-31
-59
-42
-44
-47
-17
-36
-68
-18
-87
-75
-47
-60
-100
-132
-122
-62
-108
-85
-89
-101
-23
-25
-90
-103
-77
-64
-63
-37
-58
-95
-80
-142
-71
-79
-128
-83
-97
-93
-56
-75
-78
-80
-85
-132
-74
-97
-70
-27
-49
-47
-48
-115
-31
-56
-103
-41
-70
-11
-30
-109
-55
-144
-91
-61
-96
-78
-78
-101
-100
-47
-59
-115
-49
-63
-83
-74
-56
-28
-84
-143
-142
-42
-93
-87
4
-41
-63
-70
-86
-51
-42
-40
-88
-57
34
-47
-74
-104
-114
-50
-73
-81
-37
-21
-38
-90
-62
-92
-24
-99
-58
-77
-84
-37
-47
-60
-105
-112
-81
-44
-36
-60
-49
-29
-13
-50
-85
-40
-10
-69
-73
-84
-58
-90
-46
-38
-47
-70
-81
-120
-75
-101
-21
-140
-88
-114
-40
-144
-30
-64
-55
-47
-47
-100
-64
-40
-93
-73
-62
-64
-111
-148
-57
-73
-38
-34
-124
-89
-132
-36
-104
-38
-72
-57
-116
-93
-93
-112
-69
-70
4
-76
-59
-80
-105
-39
1
-57
-83
-100
24
-36
-85
-95
-50
-79
-131
-28
-83
-31
-47
-65
-25
-113
-76
-41
-58
-112
-93
-64
-88
-47
-77
-39
-58
-53
23
-24
-40
-58
3
21
-132
-51
-111
-146
-29
-13
-124
-57
-56
-32
-100
-58
-10
-90
-109
-13
5
62
-95
-49
-143
-57
-104
-120
41
-44
-53
-41
-48
-90
-129
-143
3
-144
-67
-69
-96
-67
-21
41
-55
-141
-23
-56
-70
-114
-58
-90
-11
-84
-91
-30
-135
-66
7
-76
-67
-93
13
-88
-29
-116
-8
-27
-54
-143
-24
-100
-65
-76
-77
-142
-53
-57
1
-54
-120
-69
-17
-27
12
-83
-57
-91
35
-43
-18
25
56
-94
-47
-82
-79
-23
34
-64
-32
32
24
-81
-57
-8
-77
-40
-112
35
-15
-115
-146
-145
-43
-48
-31
-84
-100
7
-38
-20
-92
-143
-58
-68
-68
-51
-125
-8
3
-68
-76
-29
-67
-55
35
-121
-82
-57
-61
-73
-88
-39
-142
-76
-94
-143
13
22
-143
-48
-57
-14
-90
-143
24
-68
-18
-124
-116
-94
-101
-58
-28
-120
-83
-87
2
-120
-22
-93
-100
-28
0
-18
-89
-9
24
-142
-67
25
-68
-58
-9
-57
-58
-133
-54
-71
-66
-64
0
-10
-101
-47
-78
-89
-49
23
-68
-31
-114
-111
-89
-147
-72
-112
-115
24
-8
-58
-22
-111
-73
-58
-147
-75
-115
-44
-57
35
-134
-110
-142
-143
-64
-88
-77
-37
-112
-120
-37
-71
62
21
-68
-82
-71
37
36
17
-8
99
-29
-110
-30
-100
40
-7
-85
-71
-68
-116
-46
-100
75
34
22
-115
-111
-75
-68
-145
-78
-142
-58
-68
-33
-78
-126
-76
-57
-147
-8
-136
-126
-117
-77
-121
-68
-111
-63
0
24
-82
-126
-100
-145
36
-68
-31
-125
14
-95
-51
-124
-111
-24
10
36
-40
-68
-68
-111
-116
-116
35
-105
-111
-77
-119
-115
36
-68
-51
-44
-105
-115
47
-111
-72
-119
23
-76
22
-68
35
-104
-111
-102
-111
-8
-44
-135
-110
23
-116
36
47
23
-110
-45
-79
-103
-111
-111
23
-111
0
-76
-99
-70
-68
-122
11
-81
-104
-111
-99
-68
-104
-77
-111
-111
0
-68
-58
24
-21
-111
-58
-132
-57
12
-33
-48
-101
-90
-101
-114
-103
-147
-130
-81
-9
-92
-101
-111
-124
36
-8
-93
-92
-111
-126
0
-115
-68
-103
-80
-115
-119
-111
-68
-57
-28
-111
-101
-29
-111
-24
-35
-105
-41
-40
36
-126
-115
-104
-103
-77
-94
-133
-146
-111
-111
-23
0
-110
-8
80
-8
1
-111
-93
-111
-95
-84
-111
-27
-68
-105
-115
-111
36
-111
-49
47
-65
-111
-101
-82
24
-113
-8
-101
-50
-145
1
-105
-68
-38
-111
-39
-111
-119
-111
-64
-144
3
-93
-8
-101
-93
64
-72
-111
-95
-111
-111
-101
-69
-116
-41
-119
-142
-142
-111
-119
-93
-111
-71
12
-119
-142
13
-111
-93
-84
13
-113
-116
-135
-135
0
-95
-119
-111
-119
-143
-132
-143
-107
-101
-119
-142
-89
-68
-143
-143
-101
-85
-95
-82
-121
-101
-113
-133
-111
-142
-143
-143
-142
-143
-132
-89
-144
-142
-111
-83
-95
-116
-120
-120
-63
-82
-115
-115
-93
