-65
-101
-50
-4
-129
-74
-75
-11
-94
-62
-135
-89
-50
-132
-69
-94
-120
-137
-118
-69
-110
-94
-113
-83
-103
-115
-129
-130
-85
-43
-69
-111
-74
-122
-33
-68
-81
-84
-50
-49
-132
-104
-116
1
-111
-25
-144
-140
-51
-104
-112
-143
-128
-74
-95
-57
-109
-116
-101
-54
-103
-94
-146
-60
-11
-99
-99
-94
-134
-89
-69
-101
-60
-116
-103
-78
-137
-141
-144
-39
-73
-28
-132
-91
-41
-123
-76
-142
-53
-93
-145
-95
-93
-101
-95
-80
-79
-36
-113
-64
-105
104
-113
-64
-111
-51
-80
-77
-45
-20
-58
-115
-93
-116
-39
-52
-80
-102
-94
-64
-78
27
-99
-50
-72
-113
-77
-94
-60
-109
-6
-82
-28
-78
-102
-29
-4
-34
-65
-95
-82
-64
36
-113
-64
-141
-53
64
-102
-72
-133
-39
-47
-94
-110
-140
-33
-67
-110
-68
-17
-94
-76
-114
-116
-28
-88
-50
-145
-78
56
-73
-93
-64
-76
-77
-41
-109
-74
-128
12
-18
-78
-145
12
-71
-123
-73
-43
-47
-76
-93
-116
-100
-45
-52
-115
-116
-116
-12
-95
27
-92
-29
-93
22
-61
-129
-41
36
13
-96
-11
-55
-42
-77
-114
-100
-32
-143
-81
-61
-97
-133
-85
-135
-89
-112
-56
-38
-112
-34
-51
-28
-7
-15
-74
-90
-39
-48
-11
-111
-140
-74
-8
-101
-17
-78
-142
-68
-39
-141
-39
-112
-92
-146
-100
-100
-78
1
-142
-113
-58
-84
-96
-80
-27
-111
-77
-48
-40
-55
-144
-64
-78
-68
-58
-101
-58
-20
-91
-50
-85
-67
-75
-78
-76
-14
-68
-113
-114
-58
-69
-142
-61
-32
-85
-50
-144
-100
-47
-143
-142
-58
-11
-142
-78
36
-68
-142
-64
-48
-142
-40
36
-84
-107
46
19
1
-98
12
-93
40
-82
2
-144
-104
-123
-142
-90
-31
-20
1
-107
-131
35
-23
11
-61
-48
4
-68
-121
-77
-89
-21
-60
-88
-81
-68
-67
-68
0
-96
-143
-142
-68
-22
-120
-91
-10
-135
24
-116
-68
-141
-76
-100
-41
-49
-47
-32
-142
-143
35
-31
-46
10
-143
40
-47
57
-81
-57
12
51
-143
-131
-4
-142
-103
25
50
-68
-40
-121
-132
-81
-142
-132
-26
36
-142
-95
-92
-30
0
-68
-24
-132
29
-65
-84
-144
-71
-85
-95
-141
-144
-116
-144
-64
-140
-143
47
-144
0
-74
-141
-141
-68
-132
47
25
-68
-142
35
-143
-120
-68
3
36
-103
-144
-142
30
-143
-70
-142
-121
-143
-68
-142
0
-87
-68
-143
-144
36
-143
-96
-81
-91
-143
-146
-60
-111
-111
-104
-135
-104
-111
-104
-116
-105
-116
-116
-135
-121
-142
-142
-143
-143
-116
-105
0
-116
-111
-31
-143
-143
-143
-121
-116
-101
-135
-125
-104
-116
-95
-116
-116
-116
-116
-8
-104
-116
-116
-116
-116
-116
-116
-104
-116
-95
-115
-95
-115
-114
-113
-113
-114
-95
-95
-116
-111
-143
-111
-143
-111
-111
-116
-116
-116
-116
-116
-105
-115
-116
-116
-116
-116
-116
-116
-116
-111
-111
-116
-116
-116
-116
-116
-116
-105
-116
-116
-113
-116
-116
-116
-111
-116
-116
-116
-115
-116
-116
-116
-116
-116
-115
-114
-115
-115
-114
-113
-110
-121
-135
-111
-111
-111
-111
-111
-104
-111
-143
-111
-114
-114
-114
-104
-115
-115
-116
-114
-104
-114
-115
-114
-114
-95
-146
-115
-114
-115
-95
-77
-95
-116
-116
-116
-116
-116
-116
-116
-116
-115
-121
-125
-116
-116
-115
-110
-116
-115
-113
-121
-101
-95
-114
-104
-115
-95
-116
-116
-116
-116
-116
-95
-95
-95
-95
-95
-115
-95
-116
-105
-116
-95
-95
-115
-114
-114
-114
-113
-114
-121
-115
-115
-116
-116
-105
-105
-116
-116
-116
-116
-116
-116
-116
-116
-116
-116
-105
-116
-116
-116
-114
-122
-115
-114
-115
-95
-95
-115
-95
-115
-95
-104
-115
-115
-114
-114
-114
-114
-113
-114
-113
-113
-113
-113
-113
-113
-113
-113
-113
-114
-114
-114
-114
-114
-114
-115
-114
-114
-114
-114
-114
-114
-104
-105
-105
-133
-66
-105
-105
-105
-116
-116
-116
-116
-116
-116
-105
-116
-116
-116
-94
-50
-66
-67
-75
-91
-55
-61
-79
-91
-104
-105
-94
-94
-94
-116
-116
-116
-116
-94
-94
-55
-55
-67
-66
-67
-91
-90
-71
-126
-66
-125
-91
-55
-91
-55
-55
-66
-116
-116
-115
-116
-116
-116
-116
-116
-83
-60
-55
-67
-91
-67
-65
-55
-60
-66
-60
-116
-116
-116
-116
-116
-91
-60
-60
-116
-115
-115
-115
-115
-61
-115
-115
-116
-116
-116
-116
-116
-115
-115
-115
-115
-115
-61
-116
-116
-55
-55
-55
-85
-126
-126
-126
-107
-126
-126
-85
-55
-55
-55
-85
-85
-85
-85
-116
-65
-55
-126
-55
-78
-108
-85
-107
-126
-126
-108
-126
-55
-55
-54
-55
-55
-63
-85
-55
-54
-55
-85
-56
-55
-55
-55
-55
-85
-55
-126
-54
-126
-54
-55
-97
-79
-105
-55
-126
-55
-85
-55
-55
-55
-55
-67
-126
-55
-55
-55
-65
-116
-116
-116
-116
-67
-85
-54
-55
-54
-55
-107
-146
-107
-107
-126
-126
-126
-54
-91
-85
-55
-67
-87
-54
-126
-54
-95
-55
-54
-54
-54
-55
-54
-55
-85
-54
-55
-54
-55
-126
-95
-126
-126
-54
-55
-74
-67
-44
-67
-116
-116
-116
-116
-116
-51
-66
-54
-126
-126
-54
-66
-126
-106
-126
-126
-126
-126
-55
-54
-55
-126
-106
-126
-54
-85
-55
-85
-55
-85
-85
-85
-54
-126
-55
-55
-54
-126
-95
-55
-55
-55
-55
-55
-55
-55
-67
-44
-116
-116
-116
-116
-116
-116
-116
