-90
-7
-112
-131
-97
-73
-70
-94
-143
-102
-115
-110
-112
-132
-77
-105
-75
-49
-105
-116
-114
52
-72
-38
-82
-85
-53
-74
-112
-75
-97
-62
-95
-106
-99
-77
-24
-39
-79
-70
-65
-54
-120
-93
17
-104
-57
-90
-115
-71
-103
-115
-89
-94
-69
-32
-44
-67
-98
-74
-115
-112
-51
-65
-41
-83
-95
-50
-56
-46
-85
-144
-137
-81
-40
-101
-75
-132
-46
-34
-58
-118
-42
-58
-85
-91
-131
-101
-57
-66
-65
-48
-38
-94
-12
-85
-41
-83
-66
-72
-79
-92
-121
-86
-129
-142
-142
-46
-47
-59
-44
-71
-130
-70
-67
-143
-98
-131
-111
-112
-50
-89
-100
-52
-85
-105
-115
-68
-58
-65
-85
-90
-143
-143
-57
-60
-9
-133
-76
-145
-10
-70
-48
-61
-74
-65
-46
-58
-143
-83
-51
-69
-44
-147
-57
-95
-112
-96
-89
-85
-85
-58
-45
-54
-67
-80
-51
-115
-55
-142
-58
-95
-73
-112
-143
-85
-62
-71
-144
-95
-110
-69
-110
-144
-68
-74
-143
-143
-49
-57
-116
-104
-74
-16
-27
-38
-39
-56
-75
-105
-28
-29
-28
-46
-75
-115
-48
-58
-104
-116
-142
-93
29
-104
-143
-142
-143
-41
-68
-93
-67
-106
-77
-142
-141
0
-116
-144
63
-143
-4
-15
-81
-143
-60
-143
-68
-116
-116
-143
-143
-32
-111
-44
-42
-19
-8
-19
-52
-94
-39
-115
29
-116
-143
-142
-111
-115
-115
-115
-104
-68
-116
-143
-143
-116
-62
-116
-39
-39
-39
-39
-39
-39
-39
-39
-19
-39
-39
-39
-39
-75
-115
-116
-111
-143
-142
-142
-111
-68
-115
-39
-116
-116
-142
-111
-116
-39
-93
-39
-115
-115
-58
-116
-19
-19
-19
-19
-39
-39
-39
-65
-104
-39
-116
-111
-68
-115
-116
-115
-115
-115
-116
-68
-88
-111
-19
-49
-55
-19
-19
-19
-39
-75
-116
-116
-111
-143
-88
-142
-116
-143
-143
-143
-143
-143
-144
-143
-143
-111
-143
-111
-143
-143
-143
-143
-142
-143
-143
-143
-143
-143
-116
-116
-143
-143
-143
-143
-143
-143
-143
-143
-142
18
17
-112
-112
-108
-62
-82
-62
-112
-108
-62
-82
-32
-50
-2
-2
-112
-140
-110
-141
-143
-143
-143
-143
-132
-142
-143
-141
-112
-112
-143
-143
-112
-111
-112
-111
-116
-143
-141
-143
-106
-116
-143
-143
-143
-143
-143
-143
-143
-143
-111
-115
18
-115
-75
-116
-142
-111
-111
-111
-142
-143
-116
-143
-143
-143
-103
-142
-143
-142
-143
-116
-143
-116
-116
-116
-8
-115
-115
-75
-115
-115
-115
-111
-111
-135
-116
-111
-111
-143
-143
-146
-143
-143
-106
-143
-143
-143
-143
-104
-111
-108
-85
-60
-140
-102
-116
-142
-143
-142
-142
-126
-78
-143
-146
-143
-143
-143
-144
-143
-143
-143
-110
-112
-112
-60
-141
-141
-141
-143
-146
-132
-142
-142
-143
-143
-111
-143
-143
-132
-143
-143
-143
-143
-121
-111
-142
-142
-116
-105
-142
-84
-116
-112
-84
-111
-116
-116
-143
-111
-143
-142
-116
-143
-143
-130
-121
-84
-84
-142
-141
-142
-141
-84
-129
-145
-143
-143
-143
-143
-143
-132
-143
-143
-143
-144
-143
-143
-143
-143
-143
-129
-141
-143
-143
-143
-142
-60
-141
-143
-143
-142
-143
-142
-143
-116
-143
-143
-143
-143
-147
-142
-143
-143
-143
-140
-143
-141
-110
-72
-142
-143
-142
-143
-141
-141
-60
-141
-141
-141
-141
-143
-60
-131
-108
-108
-108
-108
-84
-143
-142
-142
-129
-143
-143
-143
-143
-143
-142
-144
-143
-132
-143
-143
-132
-121
-131
-130
-94
-141
-141
-120
-143
-145
-68
-143
-130
-143
-83
-136
-143
-143
-143
-143
-142
-143
-143
-145
-144
-144
-130
-144
-145
-144
-143
-143
-144
-143
-143
-143
-143
-143
-143
-132
-129
-140
-126
-143
-143
-135
-115
-116
-111
-111
-111
-111
-111
-143
-111
-82
-111
-142
-111
-111
-142
-143
-111
-143
-142
-143
-143
-111
-116
-111
-116
-142
-143
-111
-143
-126
-143
-143
-142
-116
-20
-143
-126
-142
-143
-143
-116
-142
-111
-135
-104
-111
-131
-91
-72
-110
-84
-84
-110
-141
-141
-143
-143
-141
-141
-140
-141
-141
-72
-84
-110
-74
-121
-60
-72
-141
-141
-141
-141
-141
-72
-143
-142
-141
-143
-142
-143
-111
-111
-111
-111
-111
-135
-116
-116
-135
-116
-111
-111
-111
-111
-111
-111
-143
-116
-116
-143
-145
-142
-142
-72
-111
-145
-145
-130
-116
-126
-111
-120
-111
-116
-111
-111
-116
-135
-125
-135
-111
-142
-116
-111
-142
-111
-142
-111
-116
-116
-116
-116
-116
-142
-111
-116
-142
-111
-111
-116
-116
-104
-111
-142
-116
-111
-142
-111
-111
-111
-116
-116
-105
-116
-116
-125
-135
-135
-116
-104
-111
-116
-116
-135
-135
-116
-111
-111
-116
-116
-105
-116
-116
-116
-91
-116
-90
-135
-116
-116
-135
-111
-111
-111
-111
-116
-116
-111
-135
-104
-116
-116
-116
-116
-90
-116
-105
-105
-116
-116
-103
-111
-142
-143
-105
-111
-142
-143
-109
-135
-110
-117
-113
-118
-116
-105
-114
-114
-117
-118
-117
-108
-104
-126
-118
-135
-104
-87
-87
-96
-117
-117
-93
-116
-96
-86
-49
-42
-30
-84
-30
-72
-131
-131
-108
-88
-100
-108
-76
-126
-88
-59
-93
-88
-59
-93
-86
-91
-87
-126
-91
-86
-98
-108
-93
-117
-116
-116
-113
-95
-103
-126
-114
-49
-117
-74
-117
-114
-114
-113
-114
-114
-126
-113
-104
-145
-105
-116
-115
-100
-118
-126
-98
-96
-96
-91
-120
-90
-90
-135
-135
-91
-125
-115
-125
-125
-90
-118
-93
-99
-115
-113
-107
-104
-104
-104
-117
-118
-104
-96
-91
-90
-86
-126
-91
-93
