-66
-93
-58
-104
-104
-96
-110
-101
-101
-113
-67
-115
-110
-115
-65
-141
-39
-59
1
-27
-87
-84
-78
-78
-104
-115
-113
-94
-94
-64
-146
-89
-27
-40
-79
-91
-49
-84
-44
-49
4
-16
-104
-28
-104
-90
-94
-82
-65
-61
-143
-71
-59
-69
-64
-70
-85
-57
-68
-21
-58
-126
-94
-39
-61
-84
-59
-114
-56
-52
-102
-17
-93
-45
-75
-38
-49
-105
-112
-8
-96
-112
-74
24
-143
-121
-99
-106
-69
-49
-67
-75
-17
-95
-95
-106
-100
-143
-143
-68
-85
-25
-142
-143
-143
-142
-143
-143
-144
-91
-126
-44
-91
-106
-106
-75
-37
-75
-75
-75
-49
-104
-104
-116
-116
-116
-116
-75
-75
-91
-126
-106
-95
-91
-104
-67
-104
-116
-116
-19
-106
-126
-106
-143
-143
-143
-142
-143
-143
-142
-144
-144
-144
-20
-105
-104
-116
-116
-116
-116
-116
-116
-116
-104
-116
-116
-104
-116
-116
-116
-116
-104
-116
-116
-116
-61
-79
-67
-75
-8
-19
-19
-126
-75
-75
-67
-33
-75
-28
-65
-106
-19
-104
-67
-49
-53
-56
-55
-75
-75
-106
-126
-75
-75
-75
-75
-75
-55
-35
-75
-55
-46
-75
-55
-67
-75
-67
-55
-54
-106
-143
-142
-143
-144
-143
-143
-144
-55
-75
-39
-75
-115
-18
-75
-75
-47
-67
-49
-116
-116
-116
-116
-104
-104
-55
-126
-56
-19
-55
-104
-116
-116
-116
-54
-67
-55
-61
-79
-79
-50
-75
-19
-115
-17
-115
-106
-75
-75
-19
-114
-19
-38
-38
-75
-75
-75
-75
-75
-19
-19
-79
-19
-61
-79
-104
-91
-19
-75
-95
-19
-19
-38
-79
-61
-116
-116
-116
-116
-116
-116
-116
-90
-19
-75
-75
-75
-19
-73
-116
-104
-116
-116
-55
-67
-104
-61
-116
-116
-116
-116
-116
-116
-104
-116
-54
-47
-39
-19
-19
-19
-19
-75
-75
-18
-75
-58
-40
-75
-19
-19
-19
-59
-116
-55
-55
-54
-116
-67
-67
-29
-48
-20
-75
-75
-19
-67
-91
-55
-67
-19
-55
-19
-19
-55
-79
-79
-116
-116
-55
-61
-61
-104
-116
-116
-104
-116
-116
-116
-116
-116
-116
-55
-19
-51
-19
-74
-79
-116
-55
14
-115
-67
-79
-67
-104
-104
-104
-55
-43
-67
-91
-8
-19
-67
-19
-75
-8
-55
-91
-66
-55
-55
-55
-55
-104
-55
-91
-67
-67
-19
-126
-143
-143
-143
-146
-78
-19
-19
-126
-28
-106
-75
-8
-39
-75
-75
-75
-75
-19
-19
-19
-79
-79
-55
-55
-55
-67
-55
-67
-36
-19
-44
-55
-55
-55
-55
-55
-55
-55
-55
-58
-55
-67
-104
-104
-79
-55
-55
-55
-55
-55
37
-80
-55
-95
-116
-55
-55
-69
-55
-55
-55
-55
-55
-55
-55
-55
-90
-67
-91
-59
-55
-66
-55
-55
-91
-19
-91
-55
-79
-67
-91
-67
-91
-91
-90
-91
-91
-90
-67
-55
-67
-67
-69
-19
-91
-55
-91
-58
-51
-44
-67
-55
-55
-91
-90
-50
-55
-67
-19
-19
-50
-39
-19
-59
-50
-19
-91
-55
-55
-55
-91
-67
-42
-50
-55
-114
-55
-55
-55
-79
-39
-39
-50
-47
-43
-55
-55
-66
-56
-66
-55
-55
-55
-55
-55
-91
-91
-55
-91
-90
-91
-90
-55
-55
-43
17
-67
-90
-69
-55
-67
-67
-67
-91
-79
-123
-114
-114
-104
-113
-91
-79
-80
-91
-94
-83
-83
-83
-83
-70
-72
-61
-90
-91
-60
-91
-91
-91
-61
-61
-60
-55
-55
-91
-91
-61
-61
-61
-60
-60
-55
-90
-90
-55
-55
-55
-44
-66
-55
-55
-90
-91
-90
-79
-91
-91
-55
-91
-43
-43
-43
-91
-55
-55
-55
-55
-55
-55
-55
-91
-43
-90
-91
-67
-43
-51
-59
-43
-91
-67
-43
-43
-67
-43
-39
-19
-19
-39
-39
-41
-90
-91
-55
-91
-91
-55
-55
-90
-90
-55
-55
-55
-55
-55
-55
-55
-55
-55
-55
-91
-90
-55
-43
-90
-43
-55
-91
-55
-91
-91
-55
-90
-43
-67
-91
-91
-43
-91
-43
-43
-44
-91
-90
-43
-43
-43
-90
-43
-43
-39
-39
-39
-39
-39
-39
-43
-90
-67
-43
-90
-90
-90
-43
-43
-43
-43
-43
-54
-43
-43
-43
-43
-43
-43
-43
-43
-91
-43
-39
-43
-44
-43
-39
-39
-43
-43
-43
-39
-39
-22
-43
-43
-43
-55
-90
-91
-90
-90
-43
-51
-90
-54
-91
-43
-43
-66
-42
-90
-43
-43
-54
-43
-43
-90
-90
-91
-90
-90
-43
-90
-72
-91
-90
-90
-79
-67
-79
-91
-91
-91
-74
-85
-90
-91
-90
-43
-90
-90
-91
-116
-91
-79
-91
-91
-90
-90
-54
-43
-43
-90
-67
-43
-54
-91
-90
-90
-91
-43
-43
-43
-43
-43
-51
-43
-43
-90
-43
-43
-43
-90
-54
-54
-43
-90
-43
-54
-43
-43
-43
-43
-43
-79
-90
-90
-91
-90
-54
-54
-90
-90
-90
-90
-43
-43
-43
-114
-43
-43
-43
-43
-43
-43
-43
-90
-66
-43
-90
-90
-43
-43
-43
-43
-19
-19
-51
-43
-43
-43
-43
-43
-43
-43
-43
-43
-114
-43
-43
-43
-43
-43
-43
-51
-43
-43
-50
-43
-43
-43
-43
-50
-43
-43
-43
-43
-43
-43
-43
-51
-43
-43
-43
-43
-50
-115
-43
-51
-51
-19
-43
-43
-43
-43
-43
-135
-43
-43
-43
-43
-43
-43
-43
-19
-19
-19
-29
-39
-39
-29
-51
-19
-51
-51
-51
-43
-51
-39
-29
-19
-29
-29
-19
-51
-51
-19
-29
-29
-29
-19
-43
-51
-50
-43
-43
-43
-51
-19
-19
-39
-43
17
-51
17
-51
-51
-29
-39
-39
-39
-39
-29
-19
-51
-29
-29
-29
-29
-29
-29
-29
