-132
-69
-111
-91
-133
-90
-103
-34
-87
-115
-81
-140
-120
-115
-93
-82
-114
-141
-63
-105
-76
-112
-67
-142
-92
-83
-101
-80
-70
-113
-128
-82
-94
-47
-98
-93
-29
-115
-112
-105
-94
-112
-82
-51
-83
-88
-119
-112
-95
-68
-113
-104
-95
-49
-87
-108
-85
-113
-131
-22
-144
-67
-115
-73
-48
-8
-62
-102
-132
-68
-102
-85
-81
-94
-108
-90
-131
-93
-97
-101
-100
-113
-111
-137
-112
-103
-23
-105
-113
-93
-39
-97
-133
-109
-116
-95
-105
-123
-76
-78
-114
-60
-109
-99
-109
-111
-69
-85
-115
-63
-102
-139
-74
-95
-72
-73
-135
-23
-104
-98
-99
-89
-110
-92
-77
-110
-89
-10
-110
-131
-114
-128
-112
-67
-53
-135
-113
-103
-112
-100
-84
-99
-125
-105
-77
-110
-81
-74
-47
-54
-116
-112
-50
-133
-84
-132
-76
-80
-61
-131
-112
-73
-114
-127
-36
-50
-64
-81
-67
-102
-63
-104
-71
-106
-26
-112
-44
-110
-52
-41
-112
-102
-113
-53
-27
-94
-94
-99
-101
-111
-84
-129
-84
-100
-65
-41
-56
-92
-37
-93
-40
-83
-53
-109
-139
-43
-89
-96
-67
-145
-138
-118
-30
-84
-143
-121
-69
-74
-113
-22
-99
-107
-69
-72
-79
-120
-44
-11
-52
-86
-57
-109
-8
-38
-115
-143
-29
-61
-76
-79
-81
-133
-144
-63
-111
-84
-101
-120
-81
-63
-138
-30
-122
-112
-109
-56
-89
-101
-121
-115
17
-112
-116
-79
-57
-89
-73
-34
-59
-32
-103
-132
-24
-126
-115
-65
-72
-104
-15
-88
-18
-63
-98
-66
-50
-16
-75
-114
-139
-108
-143
-74
-51
-106
-67
-57
-113
-80
-89
-143
-101
-69
-115
-144
-89
-34
-45
-84
-78
-75
-46
-73
-75
-95
-89
-142
-109
-98
-115
-91
-116
-88
-71
-63
-84
-45
-1
-114
-37
-67
-43
-100
-93
-124
-49
-143
-99
-115
-78
-64
-62
-88
-131
-52
-144
-120
-116
-132
-131
-46
-99
-4
-51
-113
-115
-30
-114
-108
-134
-53
-147
-63
-57
-112
-65
-137
-10
-147
-130
-70
-48
-114
-70
-48
-114
-58
-67
-71
-78
-49
-84
-104
-89
-141
-63
-105
-98
-105
-108
-100
-77
-101
-77
-98
-119
-48
-102
-49
-104
-88
-104
-62
-67
-119
-58
-85
-61
-62
-53
-18
-111
-78
-119
-71
-100
-84
-64
-84
-37
-126
-74
-74
-54
-66
-104
-39
-66
-80
-144
-85
-82
3
-100
-100
-89
-115
-75
-38
-128
-71
-59
-101
-48
-84
-112
-64
-110
-81
-99
-101
-120
-95
-91
-127
-131
-144
-112
-130
-92
-57
-70
-108
-109
-69
-116
-70
-84
-49
-70
-102
-63
-63
-91
-36
-102
-70
-30
-72
-54
-114
-89
-144
-122
-110
-137
-78
-29
-113
-68
-22
-90
-26
-99
-64
-28
-46
-64
-74
-94
-28
-65
-49
-58
-144
-20
-65
-105
-112
-93
-60
-33
-50
-132
-63
-112
-20
-95
-98
-61
-102
-73
-63
-79
-84
-65
-111
-112
-68
-120
-74
-49
-85
-4
-92
-38
-36
-88
-92
-99
-67
-77
-58
-112
-89
-72
-62
-86
-76
-99
-125
-85
-86
-121
-100
-75
-112
-121
-61
-44
-93
-42
-78
-106
-111
-88
-58
-133
-133
-15
-114
-52
-112
-64
-75
-104
-33
-66
-76
-74
-67
-44
-74
-31
-69
-102
-80
-38
-98
-100
-65
-82
-80
-102
-21
-91
-95
-44
-50
-98
-28
-56
-60
-75
-113
-81
-52
-62
-60
-102
-114
-115
-7
-111
-110
-93
-104
-29
-64
-69
-74
-82
-89
-85
-118
-62
-38
-63
3
-131
-143
-49
-105
-82
-100
-59
-67
-88
-86
73
-63
-94
-104
-35
-77
-60
-52
-68
-70
-30
-26
-65
-61
2
-109
-45
-93
-78
-70
-45
-73
-68
-25
-26
-28
-54
-115
-68
-36
-66
-64
-89
-79
-37
-41
-64
-26
-142
-134
-113
-60
-58
-94
-51
-125
-48
-19
-68
-101
-120
-27
-111
-27
-7
-31
-72
-111
-17
-26
-87
-57
-126
-142
-102
-58
-144
-40
-38
-85
-69
-101
-68
-143
-129
-113
-99
-89
-14
-110
-74
-149
-81
-37
-60
-64
-67
-67
-112
-84
-76
-113
-76
-126
-110
-23
-88
-70
-141
-85
-58
-131
-85
-54
-112
-131
-9
-80
-53
-68
-46
-112
-95
-72
-113
-88
-69
-131
-99
-146
-133
-38
-18
-36
-43
-89
-71
-35
-135
-69
-82
-28
-85
-72
-119
-35
-112
-60
-71
-119
-63
-63
-73
-82
-62
-57
-86
-60
-102
-63
-87
-20
-58
-38
-58
-58
-30
-59
-74
-58
2
-65
-21
-85
-69
-83
-65
-69
-62
-42
-48
-104
-28
-43
-39
-65
-53
-116
-73
-40
-9
-124
-94
-74
-60
-84
-38
-92
22
-91
-46
-67
-55
-60
-49
-16
-54
-112
-102
-52
-104
-57
-88
-65
-102
-62
-26
-16
-17
-60
-59
-104
-61
-77
-53
-19
-58
-73
-85
-125
-64
-64
-59
-52
-142
-59
-53
-38
-68
-110
-65
-136
-38
-75
-4
-53
-57
-115
-70
-112
-57
-111
-82
-57
-58
-76
-58
20
-38
15
-141
-104
-61
-104
-68
-62
-36
-19
-85
-88
-28
-56
-11
-78
-94
-25
-52
-50
-57
-38
-78
-68
-54
-65
-73
-67
-95
-94
-113
-9
-99
-143
-52
-96
-73
-31
-131
-111
-78
-11
-131
-48
-93
-46
7
-47
-11
-48
58
-109
-46
-113
-55
-102
-64
-100
-31
-47
-58
-121
-60
-45
-65
-142
-45
-93
-69
-128
-62
-67
-67
-96
-100
-57
-115
-50
-58
-70
-142
-71
-70
-100
33
-110
-75
-90
-38
-47
-131
-49
-77
-55
-75
-5
-53
-88
-124
-81
-92
-74
-121
-67
-65
-47
-75
-88
15
-81
-31
-61
-97
-12
