6 6 2 4
6 7 2 3
5 7 1 3
5 7 1 2
5 7 1 1
4 7 2 1
4 8 3 1
4 8 4 1
4 8 4 2
4 8 4 3
4 0 3 3
4 8 2 3
4 0 1 3
4 8 1 2
4 0 1 1
4 8 2 1
4 0 3 1
4 8 4 1
4 8 4 2
4 8 4 3
4 0 3 3
4 8 2 3
4 0 1 3
4 8 1 2
4 0 1 1
4 8 2 1
4 0 3 1
4 8 4 1
4 8 4 2
4 8 4 3
4 0 4 2
4 8 4 1
4 8 3 1
4 8 2 1
4 0 1 1
4 8 1 2
4 0 1 3
4 8 2 3
4 0 3 3
4 8 4 3
4 0 4 2
4 8 4 1
4 8 3 1
4 8 2 1
4 0 1 1
4 8 1 2
4 0 1 3
4 8 2 3
4 0 3 3
4 8 4 3
4 0 4 2
4 8 4 1
4 8 3 1
4 8 2 1
4 0 1 1
4 8 1 2
4 0 1 3
4 8 2 3
4 0 3 3
4 8 4 3
4 0 4 2
4 8 4 1
4 8 3 1
4 8 2 1
4 0 1 1
4 8 1 2
4 0 1 3
4 8 2 3
4 0 3 3
4 8 4 3
4 0 4 2
4 8 4 1
4 8 3 1
4 8 2 1
4 0 1 1
4 8 1 2
4 0 1 3
4 8 2 3
4 0 3 3
4 8 4 3
4 0 4 2
4 8 4 1
4 8 3 1
4 8 2 1
4 0 1 1
4 8 1 2
4 0 1 3
4 8 2 3
4 0 3 3
4 8 4 3
4 0 3 3
4 8 2 3
4 0 1 3
4 8 1 2
4 0 1 1
4 8 2 1
4 0 3 1
4 8 4 1
4 8 4 2
4 8 4 3
4 0 3 3
4 8 2 3
4 0 1 3
4 8 1 2
4 0 1 1
4 8 2 1
4 0 3 1
4 8 4 1
4 8 4 2
4 8 4 3
4 0 3 3
4 8 2 3
4 0 1 3
4 8 1 2
4 0 1 1
4 8 2 1
4 0 3 1
4 8 4 1
4 8 4 2
4 8 4 3
4 0 4 2
4 8 4 1
4 8 3 1
4 8 2 1
4 0 1 1
4 8 1 2
4 0 1 3
4 8 2 3
4 0 3 3
4 8 4 3
4 0 4 2
4 0 4 1
4 8 3 1
4 8 2 1
4 0 1 1
4 8 1 2
4 0 1 3
4 8 2 3
4 0 3 3
4 8 4 3
4 0 4 2
4 8 4 1
4 8 3 1
4 8 2 1
4 0 1 1
4 8 1 2
4 0 1 3
4 8 2 3
4 0 3 3
4 8 4 3
4 0 4 2
4 8 4 1
4 8 3 1
4 8 2 1
4 0 1 1
4 8 1 2
4 0 1 3
4 8 2 3
4 0 3 3
4 8 4 3
4 0 4 2
4 8 4 1
4 8 3 1
4 8 2 1
4 0 1 1
4 8 1 2
4 0 1 3
4 8 2 3
4 0 3 3
4 8 4 3
4 0 4 2
4 8 4 1
4 8 3 1
4 8 2 1
4 0 1 1
4 8 1 2
4 0 1 3
4 8 2 3
4 0 3 3
4 8 4 3
4 0 3 3
4 8 2 3
4 0 1 3
4 8 1 2
4 0 1 1
4 8 2 1
4 0 3 1
4 8 4 1
4 8 4 2
4 8 4 3
4 0 3 3
4 8 2 3
4 0 1 3
4 8 1 2
4 0 1 1
4 8 2 1
4 0 3 1
4 8 4 1
4 8 4 2
4 8 4 3
4 0 3 3
4 8 2 3
4 0 1 3
4 8 1 2
4 0 1 1
4 8 2 1
4 0 3 1
4 8 4 1
4 8 4 2
4 8 4 3
4 0 4 2
4 8 4 1
4 8 3 1
4 8 2 1
4 0 1 1
4 8 1 2
4 0 1 3
4 8 2 3
4 0 3 3
4 8 4 3
4 0 4 2
4 8 4 1
4 8 3 1
4 8 2 1
4 0 1 1
4 8 1 2
4 0 1 3
4 8 2 3
4 0 3 3
4 8 4 3
4 0 4 2
4 8 4 1
4 8 3 1
4 8 2 1
4 0 1 1
4 8 1 2
4 0 1 3
4 8 2 3
4 0 3 3
4 8 4 3
4 0 4 2
4 8 4 1
4 8 3 1
4 8 2 1
4 0 1 1
4 8 1 2
4 0 1 3
4 8 2 3
4 0 3 3
4 8 4 3
4 0 4 2
4 8 4 1
4 8 3 1
4 8 2 1
4 0 1 1
4 8 1 2
4 0 1 3
4 8 2 3
4 0 3 3
4 8 4 3
4 0 4 2
4 8 4 1
4 8 3 1
4 8 2 1
4 0 1 1
4 8 1 2
4 0 1 3
4 8 2 3
4 0 3 3
4 8 4 3
4 0 3 3
4 8 2 3
4 0 1 3
4 8 1 2
4 0 1 1
4 8 2 1
4 0 3 1
4 8 4 1
4 8 4 2
4 8 4 3
4 0 3 3
4 8 2 3
4 0 1 3
4 8 1 2
4 0 1 1
4 8 2 1
4 0 3 1
4 8 4 1
4 8 4 2
4 8 4 3
4 0 3 3
4 8 2 3
4 0 1 3
4 8 1 2
4 0 1 1
4 8 2 1
4 0 3 1
4 8 4 1
4 7 4 2
5 7 4 3
6 7 5 3
6 7 6 3
5 7 6 4
5 7 6 5
5 7 6 6
5 7 6 7
5 7 5 7