-63
-83
-44
-78
-51
-101
-131
-95
-30
-111
-143
-77
-22
-125
-75
-12
-37
-18
-113
-89
-92
-91
-110
-130
-142
-113
-83
-73
-102
-125
-94
-81
-89
-51
-88
-122
-43
-70
-63
-51
-77
-112
-72
-24
-67
-95
-87
-42
-99
-57
-102
-101
-131
-72
-92
-112
-94
-114
-85
-52
-51
-76
-73
-114
-65
-41
-118
-73
-45
-60
-111
-116
-85
-85
-57
-44
-75
-122
-46
-80
-115
-111
-89
-112
-48
-111
-111
-76
-111
-144
-129
-52
-113
-84
-109
-110
-114
-76
-27
-115
-78
-78
-114
-94
-81
-98
-75
-99
-77
-104
-71
-61
-94
-94
-86
-103
-120
-90
-91
-132
-85
-91
-121
-105
-68
-97
-66
-86
-39
-111
4
-131
-88
-84
25
-103
-100
-29
-64
-112
-86
-26
-55
-128
-35
-52
-115
-92
-56
-109
-94
-142
-15
-126
-105
-47
-76
-94
-111
-74
-61
-124
-32
-117
-4
-129
-29
-75
-115
-120
-49
-132
-52
-81
-82
-70
-78
-54
-67
-79
-112
-19
-130
-57
-72
-83
-78
-125
-75
-95
-50
-63
-89
-131
-74
-73
-114
-102
-81
-66
-92
-91
-135
-69
-90
-52
-39
-112
-81
-101
-66
-115
-109
-83
-56
-27
-89
-95
-142
-69
-132
-49
-99
-91
-57
-109
-100
-133
-113
-130
-100
-59
-34
-101
-77
-134
-69
-44
-51
-105
-64
-56
-50
-67
-32
-71
-91
-77
-86
-72
-113
-74
-116
-70
-102
-72
-100
-65
-84
-32
-109
-111
-93
-26
-25
-75
-66
-120
-63
-112
-19
-104
-43
-74
-105
-139
-70
-65
-84
-51
-120
-114
-115
-102
-73
-102
-53
-121
-101
-85
-34
-121
-88
-106
-100
-130
-73
1
-82
-62
-112
-144
-17
-139
-60
-123
-71
-90
-118
-90
-39
-92
-50
-88
-93
-54
-145
-65
-65
-124
-89
-95
-104
-86
-79
-74
-72
-44
-115
-89
-44
-64
-46
-72
-142
-141
-26
-30
-137
-85
-136
-74
-77
-74
-79
-26
-79
-60
-38
-102
-142
-110
-92
-93
-58
-94
-77
-87
-94
-68
-39
-65
-71
-81
-140
-63
11
-103
-113
-83
-67
-80
-111
-115
-112
-83
-41
-105
-132
-72
-100
-39
-139
-85
-47
-87
-114
-90
-103
-7
-5
-43
-75
-82
-88
-83
-80
-89
-61
-104
-94
-142
7
-76
-68
-112
-134
-73
-98
-24
-104
-64
-67
-98
-101
-21
-28
-93
-77
-20
-83
-114
-101
-22
-61
-84
-55
-131
-88
-28
-70
-96
17
-24
-109
-27
-115
-39
-73
-142
30
-61
-68
-120
-95
-103
-43
-116
-39
-65
-83
-133
1
-88
-94
-100
-77
-54
-86
-86
-83
-111
-74
-54
-115
-133
-56
-151
-32
-135
-63
-104
-75
-105
-72
-100
-90
-73
-82
-92
-116
-59
-50
-119
-44
-68
-60
-100
-103
-63
-113
-144
-54
-39
-113
-9
-95
-94
-98
-65
-12
3
-105
-123
-37
-96
21
-77
-64
-133
-103
-36
-100
-85
-116
-90
-131
2
-44
-61
-94
-109
-47
-5
-67
-65
-90
-96
-29
-66
-78
-71
-85
-83
-104
-26
-90
-105
-134
-74
-29
-38
-114
-9
-95
-17
-106
-112
-100
-102
-61
-19
-88
-78
-114
-75
-55
-85
-65
-25
-90
-14
-87
-70
-131
-89
-45
-94
-3
-17
-111
-15
-73
-5
-78
-20
-79
-41
-126
-49
-66
-88
-111
0
-105
-83
-112
-90
-133
-114
-112
-6
-112
-47
-54
-14
-77
-107
-65
-66
-16
-82
-115
-142
-58
-105
-65
-39
-94
1
-64
35
-133
-116
43
23
-124
-105
-73
-67
-115
-13
-65
-110
-75
-67
-71
-23
-94
-43
6
-78
0
-77
-24
-59
-66
-54
-90
-147
-104
-65
-1
-74
-102
-147
-51
-113
-53
-75
-46
-5
-66
-6
-75
-91
-70
-74
-25
-62
-67
-74
12
-76
-40
-144
-77
-94
-101
-26
-50
7
-18
1
-32
-103
-38
-118
-7
-89
-134
-29
-78
-35
-29
-66
-12
-93
-144
-55
-144
-68
-77
-115
-118
-78
-88
-9
-93
-94
-82
-87
-141
-76
-110
-36
-112
-94
-53
-56
-50
-46
-34
-79
-82
-38
-54
-114
-116
-111
-52
-28
8
30
-111
-71
-115
-56
-77
-59
-78
-112
-49
-131
-112
-77
0
-50
-93
-76
-32
-69
-91
-43
-88
-56
-112
-29
-94
-88
-110
-13
-106
-75
11
-117
-40
-62
-11
-76
-105
-45
-115
-112
-100
-96
-75
-49
-46
-80
-76
-91
-107
-70
-78
54
-144
-73
-99
-73
-128
-93
-72
-89
-53
-13
-36
-21
-104
-142
-97
-84
-78
62
-101
-115
-104
-115
-83
-16
-111
-29
-115
-118
-64
-90
-115
5
-104
-66
-38
-143
-54
-26
11
-70
-112
-47
-36
-115
20
-102
-13
12
-116
-75
-29
-105
6
-99
-93
-50
-38
-77
-84
-112
-115
-94
-7
-25
-87
-113
-49
-123
-35
-83
-74
-76
34
-40
15
-66
-92
-51
-133
-31
-42
-135
-27
-132
-1
-133
-71
-58
-60
-4
-145
-113
12
-60
-115
-66
-88
-19
-69
-88
-76
-2
-80
4
-55
-109
3
-104
-94
-94
-93
-57
-31
-37
-37
-82
-52
-145
-103
-77
-19
-100
-89
-55
-58
-110
-92
-57
-109
12
-77
-49
-90
-115
-113
-74
-71
-4
-70
504
-91
-104
-88
-115
-63
-91
-90
-60
-44
-13
-80
-45
-50
13
-84
13
-82
-21
24
-102
25
-67
17
-17
-60
36
-105
-14
-70
-41
-115
17
-81
-86
-94
-106
-55
-103
-59
-104
-101
-37
-10
-112
-56
28
-9
-14
46
-115
-55
-100
-122
-20
-72
-67
-18
-37
-44
-16
-102
-80
-38
23
-24
-111
-14
-71
-54
-104
-79
-49
-78
-102
-52
-115
-91
-114
-94
-116
-100
-66
-67
-67
