-90
-112
-77
-90
-84
-114
-124
-112
-16
-30
-85
9
-72
-138
3
-115
-46
-9
-56
-74
-78
-48
-5
-68
35
-99
-50
-74
-24
5
11
-18
-53
-104
-53
-27
60
89
-112
-112
5
-72
-17
-89
-131
-106
-40
-116
-78
9
-62
-95
-56
-142
-45
41
-38
90
13
-78
-50
-143
-67
-38
-50
68
-120
113
-38
113
-112
-78
-62
113
-13
-38
-91
-117
113
57
-112
113
10
-112
-38
-92
-38
-62
-72
89
114
-72
124
46
124
-50
92
-55
36
19
124
-50
36
36
-3
90
-62
36
-38
124
-112
46
-106
-92
-112
-116
-62
-51
106
-116
63
-61
90
-62
111
-90
108
-112
44
-92
6
-112
69
-92
113
69
41
69
-91
113
115
-64
-70
-40
89
69
90
-116
41
-112
113
-70
69
90
89
89
-92
31
-132
113
-70
-72
-53
-52
-83
69
23
-112
42
-92
-96
90
94
-112
-142
115
-92
89
-112
-112
57
59
83
-102
7
109
104
103
103
-112
-142
113
109
74
37
-126
7
-112
69
113
-92
-92
77
103
137
103
-116
49
59
80
88
103
103
113
-92
-52
-92
113
103
-2
89
-92
103
49
159
103
126
113
-92
-92
59
49
49
103
96
159
36
-112
-112
-116
-92
-91
-92
-92
-91
87
-2
-92
-2
8
115
-91
-92
-91
-116
-3
-92
126
-104
82
-111
-82
-82
-82
111
-82
80
-114
39
67
126
39
83
-82
-72
-82
39
59
-82
-82
-82
-82
-82
-92
-82
104
-92
-92
-92
-92
104
-92
-92
-92
126
-92
-92
126
-92
129
126
117
126
-82
-82
-2
-82
83
-3
-91
-91
-91
-82
-92
-92
108
-82
103
126
-92
-82
83
-92
116
-82
-82
-82
41
126
126
-82
90
-92
-82
-82
-82
90
-82
126
42
83
42
-82
19
29
-105
-104
-2
69
29
42
19
-2
9
69
78
109
41
90
-82
41
42
41
41
85
42
103
41
-2
-3
-2
41
41
42
42
41
73
113
111
126
112
69
113
69
69
113
103
107
121
112
103
126
103
103
110
103
69
107
115
108
126
69
113
110
103
113
69
113
103
121
116
109
110
83
104
83
242
125
101
92
106
126
65
103
103
103
113
65
108
106
94
111
84
73
113
94
73
65
73
83
123
41
151
89
171
41
41
101
109
113
124
83
94
124
124
88
124
88
124
135
60
145
38
124
124
124
124
124
90
135
113
41
106
124
-4
102
61
62
135
124
124
210
135
135
61
113
90
124
210
98
113
102
124
113
114
112
112
204
-39
20
124
52
88
146
103
213
102
101
52
71
126
52
137
104
101
104
233
124
112
123
101
-81
123
-42
111
107
107
-52
-42
123
-42
126
77
118
112
-42
137
57
90
112
-30
101
101
101
-42
88
-42
-41
-31
-40
98
111
109
-42
102
-48
90
-50
200
48
123
90
102
93
117
187
117
46
57
-48
92
-32
100
99
102
111
147
-21
152
249
109
-50
138
172
99
99
127
153
137
93
-21
121
149
126
106
137
156
-21
98
90
120
159
138
77
85
126
360
112
92
31
-3
78
194
20
205
-32
194
180
-32
137
-22
113
-32
-21
-13
-21
128
-32
-21
66
117
85
-3
278
-32
-21
117
-32
216
126
78
101
49
127
-29
-13
42
-21
89
-32
-32
-21
-32
138
-32
-21
77
-13
-32
-13
-32
-22
-30
-21
49
129
-1
-21
-21
-32
-32
-32
-13
-32
-21
-13
-32
87
222
-32
-32
-21
137
87
90
-24
101
-32
42
126
-32
41
-1
137
116
-52
137
77
49
-13
109
101
137
78
42
-52
126
137
-32
117
-81
-32
116
127
41
77
-52
-41
101
90
83
-48
127
-52
126
153
126
83
148
-32
-52
101
101
88
88
126
93
49
101
-21
148
-32
101
93
137
101
101
101
49
21
173
112
42
190
156
149
50
93
215
137
50
101
83
101
123
126
126
112
-41
148
160
77
107
49
160
229
41
-32
107
148
148
122
126
489
137
113
78
78
162
77
138
111
156
112
99
148
171
181
181
148
148
204
162
197
148
186
114
88
164
137
277
354
103
53
137
187
141
172
151
156
247
98
174
225
144
165
134
164
166
106
165
106
166
124
226
163
188
181
174
166
161
206
169
42
113
161
97
180
160
189
146
421
164
103
102
60
166
171
198
99
158
68
-32
185
104
195
39
377
41
104
138
187
-30
19
63
-10
110
101
97
41
144
336
160
127
-1
42
98
208
56
67
80
218
44
93
121
-1
237
161
-2
-111
159
68
88
42
99
45
86
124
115
34
105
91
80
124
212
344
145
85
122
143
-81
171
147
178
130
243
103
245
122
146
154
20
167
117
124
123
84
107
160
142
143
103
225
21
120
133
91
118
67
135
230
152
125
50
146
160
104
141
112
163
214
130
140
144
104
-111
66
161
121
128
131
132
96
84
115
56
67
-22
241
176
150
124
147
112
130
241
153
156
113
62
229
40
77
194
43
81
67
34
116
47
