-100
-112
-99
-29
-82
-144
-93
-83
-68
-111
-89
-116
-95
-62
-104
-142
-82
-143
-40
-68
-66
-48
-106
-64
-131
-36
-51
-71
-53
-65
-113
-27
-102
-72
-90
-41
-45
-65
-16
-84
-21
-112
-117
3
-32
-72
-60
-32
-3
-20
-41
-86
-64
-112
-112
-70
19
-117
-72
-112
-1
-52
-139
-44
-57
-58
-53
-63
-64
-33
-57
-80
-49
-61
-52
-84
-71
-55
-95
-85
-55
-3
-50
-17
-64
-112
-84
-110
-44
-112
-97
-91
-91
-91
-87
42
-91
-93
-104
-114
-115
-115
-116
-86
36
-103
-96
-103
-108
-86
-109
-74
-116
-116
-116
-116
-116
-104
-69
-77
-116
-116
-116
-116
-19
-116
-19
-19
-19
-105
-104
-116
-116
-120
-104
-78
-116
-121
-106
-116
-72
-75
-116
-131
-82
-72
-13
-116
-116
-19
-19
-85
-103
-116
-64
-116
-96
-30
-116
-115
-116
-11
-34
-12
-116
-64
-116
-29
-50
-10
-29
-61
-61
52
77
-64
-21
-7
-19
-14
-29
-8
-19
-36
-19
86
-10
-21
-58
-104
-115
-7
-31
-10
83
0
-59
-18
-14
-8
-19
-7
-11
-26
15
-115
-13
-61
-10
-13
-10
1
-11
-11
-19
-61
-31
-8
-14
-8
-49
-7
-23
-21
-4
-7
-61
-10
-8
-11
-59
-12
-1
72
-18
-58
-3
-9
-8
363
8
80
0
-58
-113
-7
-7
-113
-84
36
-89
31
-73
-89
3
-102
93
-78
-89
-58
15
-113
102
-16
-9
13
-64
-94
-73
14
-12
-75
9
14
-75
-13
4
-17
-75
11
-3
-29
64
5
-7
-7
13
48
103
-1
8
-5
-14
103
-7
-7
5
10
184
-7
11
7
16
-6
-7
114
-24
4
-1
-44
14
11
-4
5
-11
107
17
9
-5
-7
-16
-21
-19
-58
9
-4
134
10
-7
-7
-58
-27
6
-59
9
10
12
10
-7
-7
137
42
-18
0
-58
-2
7
-6
156
-18
117
77
85
14
102
-6
15
18
-60
19
-15
-17
29
8
4
18
-60
186
139
10
4
107
147
-23
-49
-60
-59
14
14
0
119
9
-59
-14
5
118
83
19
-23
-2
12
12
-61
3
37
20
69
234
234
-3
7
106
17
47
12
3
89
-12
93
1
111
82
-14
-43
-1
10
144
156
74
134
11
71
9
11
258
-12
153
75
-38
18
62
-25
96
40
134
6
145
13
9
11
5
5
9
130
5
-6
96
163
152
-12
13
171
-115
94
242
99
217
99
37
-12
318
44
87
136
212
-8
16
6
113
-7
25
96
282
-18
-8
71
94
-6
-8
234
145
-8
204
209
13
-5
97
97
15
202
-2
221
41
9
9
78
1
108
489
254
-4
182
-21
210
110
17
181
188
116
90
256
133
142
287
155
231
134
260
41
-7
-22
0
186
196
-9
2
7
370
11
164
360
8
127
9
24
103
132
209
6
103
78
12
-11
100
30
103
146
252
264
186
284
282
-5
161
-44
20
132
94
-21
146
224
-5
47
4
203
250
366
133
121
229
273
122
15
136
99
185
99
126
167
286
192
128
173
99
370
285
183
91
274
285
168
136
207
90
160
275
359
194
350
25
279
256
356
280
-1
17
291
460
11
223
283
274
122
460
299
-95
299
104
154
84
280
95
347
3
63
74
270
95
113
310
12
76
4
295
368
284
165
88
291
283
269
273
273
111
92
64
60
160
423
230
84
271
366
249
133
24
434
182
368
-135
456
80
379
240
76
258
14
138
280
272
78
374
11
83
350
262
-84
143
114
371
169
11
25
74
140
78
110
280
204
64
84
268
280
193
364
375
365
353
280
164
122
286
550
101
460
248
132
97
88
266
283
262
200
280
356
282
464
256
227
265
267
450
284
353
87
287
288
298
215
258
89
275
254
285
250
348
463
147
254
374
278
167
173
375
411
374
266
288
279
280
359
232
410
261
285
260
425
335
280
282
338
349
192
266
-10
278
366
94
282
261
282
486
368
280
369
255
280
283
280
167
333
160
235
340
98
273
258
361
273
414
260
284
256
253
232
359
179
370
446
356
353
266
283
354
270
252
-55
461
439
242
281
277
275
265
260
465
250
556
286
284
439
293
352
238
264
269
361
348
277
186
339
261
283
276
346
350
271
286
444
276
183
342
292
520
374
369
307
315
191
451
364
102
322
275
269
-45
472
410
270
262
253
294
274
295
259
253
439
110
254
274
368
167
80
446
89
182
269
350
354
454
292
287
320
383
284
280
251
256
276
370
91
355
247
185
382
176
447
256
500
370
292
256
-92
346
253
377
374
264
388
349
341
436
356
-67
465
257
364
352
572
279
271
223
355
356
262
127
439
284
305
472
366
278
360
256
277
414
274
290
354
273
289
391
322
359
333
280
266
287
345
377
349
277
296
565
344
355
301
361
368
380
317
-114
353
372
410
294
335
345
437
293
337
172
361
443
374
372
-7
266
347
291
358
393
358
368
281
329
6
460
-44
470
369
236
358
454
246
360
254
400
354
144
