-20
-79
-74
-103
-40
-109
-90
-70
-65
-88
-56
-57
-89
-110
-113
-46
-90
-112
-47
-38
-79
24
34
-15
14
-49
-43
-81
-39
-107
-38
-84
-8
-99
-32
-112
-61
-11
-83
-112
36
-79
-116
-50
-83
-82
-93
-135
-116
-116
-116
-67
-8
-78
-82
-32
-83
-79
-115
-107
-82
-64
-100
-87
-82
-116
-116
-82
-81
-114
-79
-82
-82
-81
-81
-101
-120
-82
-89
-82
-79
-87
-82
-81
-81
-82
-82
-82
-82
-82
-82
36
-82
-82
-82
-82
-82
-82
-82
-82
-82
-82
-82
-82
-82
-81
-115
-115
-82
-82
-82
-112
-82
-81
-82
-81
-82
-81
-82
-82
-82
-82
-82
-82
-82
-82
-71
-82
-82
-82
-82
-82
-82
-82
-82
-82
1
-82
-82
-82
-82
-82
-82
-82
-87
-82
-114
-82
-82
-82
-89
-81
-82
-82
-82
-82
-82
-80
-81
-81
-81
-81
-82
-82
-72
-82
-62
-62
-82
-62
-50
-50
113
-38
-38
90
-38
-38
-38
101
-38
-38
-38
-38
-38
-38
-20
56
-38
-38
78
-38
-38
-38
-38
-79
78
-19
78
-19
29
-19
-19
78
-19
-82
101
-38
-19
-91
-20
77
-19
-19
90
-48
78
77
-19
78
90
-19
-19
89
89
-30
-19
78
-44
42
89
-75
72
-28
-27
90
-33
-20
-21
-21
79
-37
-35
-35
258
-25
41
8
-1
-26
-8
-45
-40
-21
-19
-11
-112
-6
-33
-75
113
-116
-104
-21
-14
-67
103
63
-116
-105
-116
-10
-55
-115
3
33
-77
-81
-63
-50
-64
-30
-64
42
-116
-121
103
-42
41
-52
-105
-42
-41
-92
42
-52
42
113
-52
113
-19
62
63
-29
41
-64
-8
-119
-111
26
3
-64
-17
-44
29
-132
52
-19
-49
-74
-7
42
-104
6
42
121
-38
-11
-59
-18
-49
87
-11
-112
-32
-55
40
144
-112
-22
-34
-3
-19
-75
-40
-116
41
-58
41
123
182
-101
99
-94
32
-8
-49
-8
-112
-32
-11
41
6
130
-3
-49
33
-29
78
113
-7
185
-49
-2
89
-9
3
111
-105
-49
16
-67
7
-4
-74
-19
-19
-116
-34
-19
-81
-116
-122
-5
-19
59
-14
-116
-19
-49
152
-29
-73
-55
-92
-23
2
-65
-76
200
14
100
-13
-9
-56
1
-1
5
12
15
61
77
-65
-116
9
20
102
-15
262
-10
-66
14
-39
-3
-5
7
38
9
26
-62
-50
11
-115
30
31
3
-67
-5
-12
-1
109
42
-5
-65
-5
-5
-90
1
16
-8
4
19
-75
142
12
-7
-39
-67
43
19
10
17
-69
-11
12
-15
16
10
-5
-16
-59
4
-13
-19
13
-28
29
3
-8
-7
5
-7
247
-28
-34
-7
-1
-13
-67
-7
-35
-34
7
-7
102
-7
110
23
93
4
77
4
-29
-14
-11
11
-1
10
-7
15
39
11
0
6
3
-25
-8
16
-55
-5
10
1
105
13
7
-7
113
20
52
-1
13
14
-39
-8
-16
63
-7
13
85
-10
11
47
-11
13
8
179
-23
6
25
-2
3
-3
-49
-5
-7
3
-14
14
34
-59
-37
11
120
120
-1
122
121
7
14
-37
124
-34
-25
-5
-51
-8
-8
6
3
41
53
41
113
42
113
-45
-10
122
-19
42
53
117
-37
176
53
-46
-51
-11
42
41
229
53
42
42
42
42
121
53
41
42
41
41
53
113
16
-50
42
113
42
124
106
41
107
41
113
106
111
113
113
233
110
42
115
42
110
235
53
110
83
42
110
42
113
130
42
103
53
113
113
104
89
42
110
113
42
41
42
113
41
42
89
41
41
101
402
41
113
42
41
41
113
185
143
83
42
42
42
89
89
90
113
90
42
89
42
201
42
90
90
194
42
41
42
89
42
90
42
110
42
42
41
90
42
42
42
41
42
110
41
42
41
42
42
90
77
42
41
41
42
115
42
41
41
41
42
218
42
110
119
110
100
103
42
41
77
42
41
41
41
42
111
89
77
41
89
78
93
78
78
78
102
41
89
41
78
89
89
90
42
41
41
41
77
77
41
41
42
96
89
78
130
52
42
42
78
115
-4
113
111
77
41
89
41
42
42
89
42
41
105
41
42
77
42
41
42
100
101
77
78
77
41
77
41
42
92
116
102
90
42
78
78
98
41
41
93
42
42
42
41
78
42
120
41
90
90
95
89
89
90
41
41
78
77
42
77
98
101
345
41
78
-4
103
41
41
95
41
41
41
41
117
41
41
77
87
132
100
98
41
106
111
53
41
90
202
102
108
101
97
106
114
103
97
102
201
108
109
103
-81
41
120
103
87
192
103
124
110
115
101
107
106
96
238
133
41
78
216
106
41
41
96
98
146
108
103
41
41
41
41
206
77
155
103
100
107
-32
99
41
-4
99
102
99
370
112
154
101
204
159
154
97
101
103
101
268
329
113
41
90
100
174
114
104
134
434
200
111
90
174
206
112
133
163
349
134
191
147
111
108
108
192
114
475
115
212
246
130
103
150
227
-4
180
106
149
262
206
101
167
34
162
202
294
116
172
99
216
113
168
13
116
109
141
