-105
-71
-111
-57
-137
-80
-60
-50
-92
-88
-145
-65
-87
-62
-27
-85
-47
-31
-105
-107
-59
-111
-77
-114
-132
-111
-38
-112
-52
-104
-68
-114
-74
-97
-87
-109
-38
-69
-33
-85
-111
-12
-84
-70
-66
-37
-114
-88
-107
-30
-107
-75
-77
-75
-112
6
-111
-122
-112
-75
-90
-58
-112
-79
-85
-99
-95
-97
-27
-8
-115
-89
-78
-89
-112
-118
-113
-26
-72
-85
-15
-120
-112
-120
-97
-130
-38
-39
-93
-36
-86
-52
-112
-12
-89
-48
-114
-69
-101
-115
-72
-142
-114
-87
-48
-61
-81
-78
-121
-100
-102
-77
-49
-133
-90
-113
-76
-23
-90
-17
-38
-109
-92
-64
2
-24
-57
-59
-111
-116
-143
-60
-94
-63
-125
-90
-47
-55
-64
-63
-112
-55
-109
-133
-147
-95
-89
-53
-64
-30
-87
-114
-115
-44
-36
-97
-67
-81
-115
-27
-68
-54
-74
-86
-78
-61
-101
-52
-101
-111
-108
-75
-87
-115
-31
-114
-131
-65
-109
-53
-99
-100
-23
-85
-49
-146
-85
11
-66
-84
-40
-30
-98
-87
-135
-63
-112
-111
-66
-62
-45
-26
-67
-68
-46
-59
-56
-61
-104
-93
-3
-15
-143
-111
-76
23
-48
-42
-62
-54
-11
-74
-57
-64
-56
73
-53
-46
-106
-81
-52
-116
-77
-24
-112
-50
-88
-128
-112
-112
-54
-74
-112
-112
-126
-115
-109
-65
-116
-105
-88
-68
-19
14
-76
-112
-65
-115
-116
-114
-18
-51
-143
-24
-68
-99
20
73
-65
-66
-53
-83
-78
-55
-139
-42
-130
-142
-64
43
-88
-45
22
-55
-67
-116
2
-54
-66
-130
-33
-143
-24
-45
-62
-100
-115
-38
-81
-52
-86
-39
-73
-67
-68
-120
-59
-107
-67
-21
-81
-121
-100
-93
-6
-110
-138
-64
-114
-84
-77
34
-45
-67
-32
2
-74
34
-75
32
-47
12
-69
-137
24
-71
4
-8
-117
-74
-69
80
-116
58
-8
57
-86
-65
-19
40
-78
-1
57
23
-36
-68
33
-83
-10
4
0
-104
-31
-105
-70
29
-102
2
36
-78
-2
48
-18
-107
-70
-106
-14
-26
-110
-1
-109
79
-111
-88
-36
-42
32
-63
-72
-48
13
-86
-12
-74
85
-75
-25
3
-97
-135
-73
-35
-75
-61
36
-53
-116
-21
-115
-51
-39
-78
-66
-71
3
0
0
-11
-1
-115
-35
65
85
6
36
-67
2
232
-74
0
-8
-115
-115
-116
-90
24
-81
-24
-115
-78
-39
-61
-74
-95
-105
-74
-62
-117
-67
-14
-36
-18
-96
-26
-78
-113
-102
1
-54
-116
101
22
90
1
-88
-66
-116
-105
47
-88
-53
-82
-116
-116
-109
-104
-116
-102
-116
-116
-130
-145
-95
-90
-95
-66
-78
-106
-112
-116
-6
-79
-116
58
-42
-112
36
-122
113
-78
-79
-116
-102
-108
-35
-82
-38
-79
12
-103
-67
113
113
-116
-94
-67
-49
-116
-15
-67
-66
-66
-36
-92
-55
-67
-102
-66
-66
113
-66
-131
-66
-55
-66
-112
-112
-55
-56
-92
-112
-112
-55
-55
113
-67
-92
-55
-55
-82
-38
-55
-103
-113
112
-55
-55
113
-74
-55
113
-55
-55
113
-55
-60
-82
113
78
-55
113
-55
113
59
-56
54
78
-55
113
89
89
-91
-39
-112
113
113
-55
-55
-55
-55
90
-55
78
-55
113
-55
113
319
78
72
113
89
78
113
77
-91
89
-91
-91
138
90
89
-79
-116
-91
90
77
-91
-55
90
-55
12
-60
-70
90
-91
-55
90
-112
90
-91
-112
-90
-52
77
90
69
36
-3
-39
-112
-91
-12
-112
90
-53
60
-78
-55
90
49
41
113
90
-90
23
17
-89
-82
-90
113
41
-15
-91
-91
-90
-55
-3
219
-90
167
-25
-113
190
60
-14
195
-55
-112
-113
52
-10
-60
102
-92
101
84
7
90
-43
-91
-105
-112
0
-21
-31
-32
-112
-11
41
-55
-21
49
72
22
-12
-55
-126
-55
49
12
-44
-12
-21
-44
82
-52
42
-55
-20
-4
-69
-21
-50
-92
-53
45
56
-43
-31
239
-113
-50
-11
129
-112
-43
41
-43
-84
57
90
54
31
-11
-126
78
45
67
-50
-50
42
41
-22
23
-53
94
45
42
42
41
147
22
-11
42
42
55
-70
82
90
-112
-85
126
-84
96
41
-112
-125
-42
82
42
-112
-55
114
66
94
-84
104
114
114
-11
-112
-82
104
-103
45
93
104
-92
-85
-85
-78
42
104
-54
114
103
114
41
-43
194
-126
103
113
307
63
103
-53
89
90
-125
-92
18
100
113
-84
-92
41
-92
-31
57
41
41
-33
41
-92
57
103
113
41
100
41
113
-92
63
113
113
113
113
41
-92
-92
41
33
89
244
41
89
89
-98
113
113
-92
41
89
90
78
90
90
-92
42
78
41
89
89
41
-92
90
89
41
41
89
57
89
89
-22
-92
41
41
-92
89
89
-92
114
41
41
90
41
89
251
89
89
78
-52
93
89
89
90
-92
89
-16
41
42
41
100
57
41
89
90
-38
89
89
89
103
41
89
90
78
89
89
89
78
41
78
78
122
78
89
41
41
89
-92
77
89
78
89
89
78
89
-92
89
88
101
78
101
89
77
77
77
89
90
101
41
89
78
78
89
89
89
89
89
89
78
78
77
89
78
78
89
77
101
89
101
77
101
77
41
89
101
89
77
126
78
89
77
88
101
101
184
126
