-141
-120
-120
-112
-79
-107
-76
-92
-115
-68
-101
-8
-83
-82
-16
-46
-72
-34
-93
-78
-84
-74
-104
-78
-69
-89
-41
-78
-130
-85
-78
-112
-87
-105
-68
-39
-88
-67
-75
-110
-37
-47
-89
-12
-13
-51
-96
-109
-33
-63
-105
-142
-28
-61
9
-27
-80
-104
-55
-51
-113
-95
-48
-102
-67
-99
-64
-89
-121
-74
-102
-115
-55
-74
-43
-18
-102
-101
-80
-12
-116
-43
-41
-104
-105
-114
-4
-103
-83
-75
-110
-102
-39
-95
-55
12
-65
-115
-74
-9
-69
-21
-44
-57
-100
-57
21
-75
-58
-64
-58
-115
24
-95
-104
-39
-54
-100
-8
-65
-103
-8
-115
-36
36
15
-75
-8
-94
-75
-22
-103
-93
-114
-73
-2
-6
-60
-46
36
-90
-24
-84
-127
-101
-64
-121
-50
15
-82
-74
-17
-27
-29
-68
-85
-91
-56
-115
-75
-62
-114
-46
-70
11
-61
-108
-74
-60
-120
-44
-58
-78
-64
-40
-50
6
-85
-101
35
-68
-100
-96
-115
-89
-116
-94
-60
-61
24
56
-116
-77
-85
57
-64
-17
1
-40
-70
-69
52
-84
47
-142
-3
-43
-84
-58
-48
-134
-111
-39
-111
-143
-4
-111
-19
2
-27
-22
-142
-12
-49
-92
-92
-115
16
-32
78
-91
-36
-39
-103
-75
-39
-48
-115
-3
-49
-111
-19
-20
19
36
-92
-48
-55
-111
-19
-19
-19
24
-27
-111
-81
-55
-19
-107
-55
-52
-38
135
78
-78
-142
36
-62
-62
-112
-111
-49
19
-38
-55
-68
-84
-70
90
-68
-74
-142
-67
69
25
-84
-55
90
-68
19
-19
-54
-67
-146
52
-92
-132
-68
-85
-68
-55
-112
-150
-38
57
-143
-68
41
-95
-70
52
-2
-116
90
-143
58
-92
-78
-121
-19
-19
-67
-19
52
-95
52
-149
52
-67
-116
64
-60
-70
-55
-70
36
-115
41
-92
-112
-74
-70
-78
-55
-19
-116
-92
57
-22
-38
-63
-19
-19
-75
-19
-110
-60
-57
41
-115
92
24
-55
-60
-63
-91
-19
-69
90
52
-75
-150
-112
-61
57
-92
-92
-26
89
-92
130
-92
-69
47
-9
90
57
-116
-64
69
-69
37
16
140
40
-112
-92
57
-108
-84
254
-49
56
-103
-143
57
44
-112
32
-116
42
-33
-92
-76
-57
-90
-19
-92
82
82
-3
-110
-73
53
-79
-79
195
-30
41
82
28
-132
-92
57
-92
-112
-44
41
22
41
60
-92
-85
-92
22
-92
41
52
-90
-67
108
82
-3
-2
-17
9
-92
82
-15
-112
37
-58
-74
-96
46
-70
45
22
-75
-37
-61
82
-38
-91
-80
-83
-94
-102
-47
-93
-72
46
-15
-96
48
18
-15
43
46
-112
-69
83
-47
55
-62
-74
32
-92
138
-112
-116
46
22
45
-61
-3
-115
-112
93
57
59
-58
59
9
-3
52
-62
54
22
148
58
46
48
34
-101
68
-15
-115
-116
55
90
29
-69
82
52
-96
-96
59
10
-93
-112
30
-43
93
65
-84
-115
-45
28
-44
53
-73
-54
57
58
2
8
83
59
-115
24
94
82
-43
-94
-15
-27
59
82
22
82
34
5
59
55
3
-83
-47
53
22
56
-112
62
-95
-126
82
204
-115
57
-34
-41
58
-2
82
34
-33
-22
45
-82
28
-3
82
-32
57
58
-82
45
-38
-115
22
-33
-68
5
85
54
45
-53
89
57
48
34
-85
19
82
-43
46
52
57
136
21
-60
-43
-10
-70
212
45
-43
-43
-42
-68
46
-32
45
-115
30
58
-50
34
-115
-43
33
57
45
-68
60
77
30
69
-43
58
72
23
45
33
33
45
33
45
33
45
57
45
-111
82
57
-43
63
302
-115
-19
21
57
95
34
57
82
-42
34
33
109
33
-52
-68
57
44
-115
104
-99
72
58
-84
65
-82
34
68
-111
120
36
112
77
-61
94
57
33
-22
91
52
45
162
88
151
33
2
55
68
45
63
157
90
99
203
89
-19
159
66
75
134
-55
45
-50
-50
-50
90
-39
-39
43
45
77
-28
85
33
33
123
105
95
82
87
122
145
33
86
34
34
77
105
54
125
175
127
-29
-82
95
-32
81
92
85
100
81
69
73
122
80
244
83
77
105
122
-60
102
71
69
68
-108
108
113
-98
99
64
63
2
109
105
141
59
74
57
124
-82
57
-110
52
63
-108
105
-60
74
127
122
125
93
-83
99
-79
-33
76
46
122
95
74
96
-32
125
140
116
-83
109
-83
-46
69
-59
79
72
74
135
-3
73
45
191
58
151
68
74
54
61
59
63
116
129
99
110
63
75
-58
67
53
73
70
96
90
117
62
54
269
59
69
65
83
68
59
78
69
63
57
110
67
64
57
62
97
137
68
51
221
106
95
57
129
318
104
46
214
45
33
102
113
61
61
153
116
58
57
73
244
45
74
158
99
78
87
92
59
60
105
113
128
99
119
76
73
104
131
67
83
69
100
85
65
152
89
77
-101
93
265
97
103
62
116
64
64
164
56
67
59
61
50
126
57
40
65
106
78
78
153
105
90
202
62
68
98
115
76
72
105
176
70
53
57
112
61
262
107
68
66
94
80
77
70
61
66
138
151
107
138
74
21
117
73
110
218
121
