-80
-40
-59
-67
-103
-100
-111
-118
-93
-96
-58
-113
-72
-39
-81
-100
-128
-66
-75
-53
-111
-114
-112
-103
-13
-111
-104
-101
-107
-91
-113
-90
-111
-75
-88
-111
-115
-83
-108
-52
-70
-62
-89
-121
-69
-144
-47
-67
-14
-81
-104
-48
-88
-63
-51
-104
-39
-69
-95
-81
-44
-8
-133
-82
-90
-112
-40
-114
-77
-86
-81
-111
-102
-126
-100
-137
-104
-109
-128
-45
-104
-33
-109
-35
-46
-115
-100
-120
1
-50
-115
-68
-67
-91
-99
-143
-77
-88
-15
-125
-57
-58
-71
-50
-48
-116
-97
-119
-126
-53
-19
-70
-56
-60
-55
-45
-146
-4
-26
-90
-112
-93
-48
-50
-78
-68
-72
-49
-43
-91
-115
-130
-8
-49
-70
-80
-142
-57
-79
10
-95
-89
-29
-41
-29
-94
-60
-95
-142
-115
-136
-41
-97
-120
-101
-124
-37
-100
-84
-30
-57
-116
-27
-67
-51
-66
-59
3
-21
-10
-71
-67
-44
-47
-8
-78
-40
-5
11
-82
-46
-4
-112
23
-145
-99
-69
-65
-70
-46
-77
-27
-133
9
-15
18
-29
21
1
24
-58
-75
-67
-114
-26
-60
-65
-126
12
-64
-80
-32
36
-73
36
-90
-35
-141
-14
52
-105
-111
1
-139
-71
-75
-20
-95
36
-15
-106
-28
7
-67
38
12
-135
36
-8
-61
-61
-112
46
-57
-67
-58
-116
-116
-112
-65
-85
-90
-75
50
-96
-34
-18
-115
-56
-68
-58
-95
-114
-16
-116
-76
25
-10
-115
36
6
15
57
-111
19
-43
23
-26
-10
36
-74
-64
128
-69
-116
-91
-116
46
-46
-48
-48
-67
-39
-91
-113
-38
-88
-116
-51
-36
36
-112
-116
-55
-84
-49
-105
-65
-38
-95
-115
-8
-112
-116
-112
-116
-39
-2
9
19
-104
-116
-74
-92
36
-95
-50
-46
-75
36
-115
-75
36
-42
-26
-53
36
54
-106
-51
-116
-112
-112
-112
5
-51
-104
4
-112
-116
-116
-38
-112
118
-36
-105
122
-50
-75
8
-112
-105
-75
-75
-92
68
-97
-90
-67
-139
-116
93
-2
4
-49
-10
2
-67
21
-115
-85
-75
-8
-112
-112
-97
-112
-120
-112
120
-46
-36
-111
-46
-55
-78
-112
-108
-111
-111
-34
1
12
-112
-112
-46
-46
-126
-36
-104
-55
-46
-56
99
-55
-42
-98
-46
-36
-55
-131
54
10
-55
-55
-28
-16
97
-14
-113
-18
-111
-111
35
15
-49
-105
-4
103
1
-22
-36
134
-50
2
-112
-115
3
-32
-22
14
24
-92
-17
17
-75
-115
109
97
-55
1
-36
-66
-115
-27
-75
26
-115
-49
-112
19
-75
-75
-75
-75
24
-115
-62
-75
-75
3
-75
-115
-38
-142
-75
-75
-22
24
-62
-4
103
64
-115
-115
138
-75
-104
48
24
67
-112
-126
-77
-92
15
1
-97
-42
36
19
-46
-11
40
64
-34
2
-112
-103
-116
34
45
22
-112
48
-104
-112
-40
8
-22
-112
-115
-11
-115
-115
-112
-6
53
-106
-83
-112
43
26
-112
-112
-111
21
36
-14
-105
28
81
-96
97
104
7
30
-22
-40
33
12
44
-116
-142
65
-112
143
131
-16
44
36
-22
-22
104
44
16
-103
-34
-76
44
0
133
-103
-96
-112
12
24
44
-22
-9
36
37
-11
44
-2
7
-22
3
45
95
44
64
151
-112
-11
1
12
104
26
45
45
20
44
-22
102
-112
1
-22
-11
-70
1
-14
-11
-15
1
-15
33
-112
12
-10
42
40
22
-15
45
113
-22
-78
-11
22
60
22
12
82
27
-22
41
31
1
-3
-83
-18
95
-11
67
36
87
1
103
81
168
-112
36
44
-7
-11
-112
126
-11
7
36
28
-14
25
34
8
57
1
12
88
205
63
-112
1
5
-15
210
128
30
117
60
-39
128
-4
62
-11
76
12
59
-112
49
33
67
-112
-140
67
32
-75
-85
-112
105
105
-112
95
99
-78
31
-77
152
-112
-4
382
28
-7
120
45
67
99
77
116
-42
17
113
-54
-73
-7
-52
7
109
56
181
111
162
97
158
94
89
-15
304
220
158
57
53
-51
44
181
96
149
157
401
-8
118
-41
24
144
105
159
19
-18
2
-3
27
19
12
114
44
-112
111
110
-3
-40
1
129
-40
96
-11
258
-40
213
-67
-39
100
148
261
2
22
-40
-40
-39
-41
-52
-11
-22
-22
135
6
100
156
116
-3
131
143
-3
98
-40
216
71
106
-115
-3
107
-22
4
34
-11
-44
4
136
45
97
121
-34
60
85
61
-74
-52
79
59
168
-5
-41
59
200
46
169
121
216
-85
124
157
18
-7
0
143
145
162
226
191
-81
-52
188
76
157
355
337
167
168
204
185
165
170
149
-22
159
-92
160
194
185
42
-92
-112
164
-22
133
96
158
177
182
-41
-112
-112
-112
41
184
65
-92
-22
45
-51
79
129
129
153
-50
-72
-92
42
140
41
66
-92
91
89
144
6
167
-21
-75
66
-112
173
136
77
116
163
184
183
26
34
25
-112
-96
-75
125
58
154
74
157
-112
149
-92
172
186
80
169
95
43
169
29
158
80
157
144
186
-77
49
232
-66
167
153
167
42
150
-92
181
185
104
140
-92
68
-73
-18
-75
235
-112
134
41
-72
68
136
179
-22
215
189
-64
-87
106
-9
122
29
136
90
-31
90
244
129
149
108
-15
