-74
-122
-115
-99
-53
-132
-63
-143
-91
-120
-83
-101
-93
-78
-103
-59
-113
-132
-44
-90
-47
-61
-84
-92
-99
-92
-65
-53
-19
-46
-106
-134
-104
-75
-105
-117
-60
-141
-125
-2
-91
-91
-15
-63
-84
-94
-38
-117
-112
-144
-85
-105
-84
-89
-47
-143
-115
-106
-75
-90
-43
-50
-90
29
-26
-90
2
-105
-97
-101
-117
-130
-121
-85
-99
-115
-113
-100
-9
-78
-69
-114
-55
-78
-100
-97
-134
-113
-80
-108
-139
-129
-101
-82
-133
-80
-112
-21
-121
-67
-64
-113
-102
-61
-57
-101
-111
-77
-92
-41
-114
-78
-72
-70
-38
-111
-56
-105
-73
-99
-73
-73
-109
-75
-85
-38
-76
-91
-113
-37
-143
-84
-10
-74
-121
-137
-102
-142
-52
-54
-62
-74
-37
-6
-72
-113
-49
-74
-105
-65
-98
-79
-75
-64
-78
-75
-95
-83
-70
-83
-66
-65
-134
-76
-113
12
-128
-115
-55
-72
-64
-94
-139
-80
-89
-111
-77
-131
-74
-54
-97
-81
-45
-24
-139
-56
-61
-128
-77
-104
-73
-60
-67
-80
-112
-74
-109
-86
-99
-132
-70
31
-99
-66
-119
-69
-56
-104
-85
-55
-38
-122
-113
-67
1
-48
-84
-100
-93
-135
-32
-87
-89
-17
-84
-26
-44
-37
-65
-112
-102
-88
-131
-78
-66
-66
-64
-34
-79
-89
-137
-62
-122
-115
15
-60
-112
-124
-43
-89
-91
-45
-88
-104
-78
-85
-33
-51
-90
-36
-65
-19
-69
-88
-78
-68
-78
-78
-54
16
-62
-83
-47
-143
-71
-115
-74
-85
-54
-49
-111
-38
-48
-101
-105
-38
-65
-107
-23
-113
-104
-89
10
-74
-44
-39
-81
-76
-38
-128
-72
-19
-67
-85
-34
-130
-20
-78
-41
-31
-64
-110
-89
-69
-44
-39
-69
2
-93
-128
-114
-30
-58
-75
-131
10
-84
-62
-111
-29
-79
-77
-115
-58
-90
-108
-76
-58
-73
-73
-88
-112
-61
-76
-91
-50
-46
-115
-23
-46
-34
-45
-79
-91
-124
-131
-83
-18
-61
-49
-61
-76
-53
-66
-35
-68
-13
-66
-39
-65
-23
-128
-60
-66
-35
-115
-38
-47
-111
-111
-54
-28
-106
-99
-85
-52
-77
-75
-81
-112
-104
-37
-28
-112
-31
-50
27
-71
-56
-77
-15
-56
-60
-110
-92
46
-73
-82
-121
-77
21
-90
-65
-90
-134
-43
-89
-22
5
-71
-80
-70
-72
-66
-23
-138
-9
-67
-133
17
22
-88
-66
-55
-25
-88
-32
-2
-71
-75
-67
-55
-111
-102
-64
-24
-21
-121
-32
-143
-65
5
-104
-87
-33
-86
-142
-18
-93
-78
-115
-8
25
-54
46
-32
-65
-69
-58
14
-81
-93
-29
-44
-104
-58
-133
-27
-36
-85
-88
-58
-120
-57
-81
-71
-59
-93
-31
-71
-81
-137
-4
-56
-114
-113
-116
-89
-75
-7
-51
-85
-122
-93
-19
-6
-31
21
-49
69
97
-79
-79
-60
-39
-84
-62
-14
-8
-65
-145
-91
56
-70
-102
-3
25
-47
-92
-30
321
-75
-111
-102
-115
-124
-76
-38
-114
-103
-83
-55
-4
-68
2
-78
-65
12
3
13
-78
-31
145
46
-55
24
-14
-133
-109
-115
29
-48
-104
-78
-29
-16
-101
-17
-74
-113
-85
-95
147
-70
-81
-59
-50
35
-19
-52
-18
-106
-20
21
-52
13
-104
-104
-112
-26
23
-71
-40
-67
47
46
-83
-34
-67
-40
-106
1
-111
-86
-50
-7
-66
-96
-112
24
57
-26
-41
-73
58
-4
-100
-109
-84
-6
-13
13
0
-67
-23
-12
-104
-19
-71
2
-33
-84
-101
-11
-75
-29
-25
-71
-71
33
36
-96
-56
0
1
-115
-128
-91
332
-13
49
-63
-109
-10
-5
-92
-21
-65
-112
-40
-111
29
-67
-92
-48
0
-23
-80
-31
14
36
-115
79
-85
-112
-85
-11
24
-76
12
-14
80
-70
-73
-81
-4
-60
0
-112
-38
-57
101
46
40
-14
-61
-83
23
-24
-16
-81
-66
-27
57
-27
-97
-65
-96
-92
-59
9
36
12
-116
-37
-50
9
98
-64
-92
58
-44
-30
-72
-90
11
-82
-104
-104
-57
-73
-49
56
67
-13
58
-28
-36
-116
101
22
-55
-35
-101
-28
-60
-7
-89
-28
113
-45
-67
-44
11
-24
46
-26
-92
-112
77
-92
-78
-3
57
-112
-3
77
-80
60
-38
-72
-91
90
-59
-70
-22
-70
-112
35
-92
46
81
-14
-92
-81
77
24
87
42
-13
-1
113
-67
-78
45
33
-27
-26
35
87
-92
101
23
-112
102
97
-85
82
0
42
112
89
-2
58
-92
113
-22
-48
54
83
101
-14
102
6
124
66
169
-2
63
112
90
216
49
113
-6
42
93
113
101
112
-39
41
106
12
114
87
1
77
22
-81
-92
100
-35
42
-36
68
100
77
49
-35
-60
77
54
42
12
90
90
-40
41
78
42
-12
22
-39
-50
92
111
-66
-112
99
16
-51
78
-11
-50
-112
41
-62
-50
-112
41
-92
42
73
222
101
-112
-68
100
-11
23
42
77
-111
77
138
103
71
77
77
-112
-112
-111
-68
-112
-10
-50
-112
12
-11
137
0
-50
-50
-44
-50
-66
126
-10
-80
42
49
60
101
-59
-112
-73
-112
49
138
126
-78
101
-62
-91
-112
50
-13
-51
89
-112
-112
101
138
89
-112
-6
-5
-92
-6
65
4
101
-27
101
65
41
-112
-32
-92
126
215
4
-112
-1
101
52
-73
42
100
-91
60
52
-112
-112
-84
89
-77
-91
-77
-73
-112
-6
-112
-112
-85
-77
-74
-112
-112
