-37
-80
-52
-116
-65
-101
-128
-77
-116
-139
-51
-134
-101
-77
-51
-50
-30
-85
-64
-11
-91
-54
-104
-65
-27
-40
-78
-147
-115
-64
-38
-120
-122
-75
-142
-51
-14
-37
-7
-64
-27
-44
-50
-35
-104
-29
-53
-75
-47
-52
36
-15
-53
-116
-19
-39
-19
-115
-75
-8
-22
-75
-55
-115
-75
-106
-75
-19
-90
-55
-79
-115
-116
-19
-64
-115
-49
-75
-64
-19
-116
-115
-116
-116
-19
-93
-113
-81
-109
-64
-116
-105
-116
-64
-95
-75
-67
-114
-115
-89
-114
-115
-115
-121
-106
-99
-116
-105
-126
-104
-115
-114
-89
-116
-116
-126
-95
-49
-95
-126
-116
-82
-126
-104
-95
-115
-52
-67
-121
-115
-99
-118
-114
-115
-85
-64
-116
-82
-82
-115
-75
-115
-65
-64
-89
-7
-82
-75
-53
-82
-64
-75
-121
-103
-75
-75
-75
-75
-75
-10
-75
-67
-64
-10
-75
-111
-113
-95
-55
-55
-55
-66
-55
-55
-71
-55
1
-64
-67
-75
-64
-44
-47
-55
-25
-17
-22
-55
-94
-18
-5
-19
-55
-28
-55
-51
-55
-43
-38
-30
-66
-58
-115
-22
-55
-43
-78
-56
-67
-36
-114
-43
-55
-55
-7
-5
-125
-51
-24
-22
-51
122
-51
2
-36
-15
-19
6
-43
-69
-73
-38
-42
4
105
-49
-54
-64
14
-43
-43
-23
-1
250
9
-7
-1
-8
-35
-7
6
-39
6
-16
14
-38
23
146
-10
-43
140
-7
19
-46
120
-2
-6
-38
-26
-10
-15
15
1
9
3
-7
-43
-1
-9
-32
-1
-44
-19
5
-19
-10
-60
-51
-38
4
12
5
9
-41
-6
-22
-19
8
12
11
16
-10
12
-19
5
11
-6
-10
-2
16
-17
22
0
-19
-8
-19
-19
-1
1
16
-3
-11
3
5
-1
17
17
-11
5
8
-3
-10
9
106
24
-19
28
8
11
0
11
16
-4
1
10
156
15
15
111
16
5
-6
24
-46
104
-6
24
16
16
64
16
-1
-43
9
17
36
0
184
114
15
16
9
5
10
14
-2
15
3
169
9
13
19
13
15
-114
20
2
196
10
16
24
16
93
5
5
0
100
15
0
10
44
-5
0
17
147
106
13
14
13
120
35
19
-1
10
9
16
16
16
10
14
16
-14
9
17
17
3
24
12
-6
13
13
16
24
11
16
-8
16
1
161
164
8
110
18
150
8
109
13
16
20
144
16
252
5
12
-16
8
5
13
22
20
152
3
158
51
16
13
8
-6
98
111
13
13
20
14
263
3
132
51
156
242
24
-10
156
5
140
15
8
4
130
123
-95
152
59
8
8
-15
359
-8
0
24
41
5
14
85
-2
116
-3
-10
-26
152
9
7
185
27
2
154
4
123
145
128
144
14
4
3
102
160
-8
164
162
4
8
156
135
2
16
21
24
16
4
72
22
75
146
259
218
21
4
-13
-46
188
-1
156
14
128
11
139
103
46
11
10
12
10
6
8
12
107
-10
16
266
95
142
116
155
274
10
154
-5
379
15
22
145
5
119
338
83
119
107
45
78
14
139
-10
275
32
13
0
-14
98
271
5
13
124
291
108
121
32
134
-117
234
105
119
285
-114
222
23
208
-2
11
116
88
124
56
144
100
-18
126
7
16
12
-18
-23
6
-11
131
137
17
5
0
88
11
229
148
-23
30
9
53
17
109
-7
137
77
23
14
9
2
136
1
248
88
176
113
124
80
17
16
164
86
14
19
27
11
-17
136
-13
80
25
11
120
-31
101
119
8
138
150
137
293
-19
15
165
-16
76
-19
236
153
127
14
90
-26
161
-18
1
132
126
68
120
98
91
19
113
-7
68
-8
58
-37
131
110
121
13
-9
89
0
139
96
7
49
143
93
73
-24
93
94
86
-35
-18
76
78
102
103
117
-26
85
-32
-8
-25
77
161
77
56
174
19
87
94
-17
107
149
94
170
180
76
13
160
-24
155
94
98
143
-21
15
315
121
107
186
95
-7
98
80
70
74
16
-18
89
89
135
100
172
1
133
288
177
-15
80
86
-10
80
89
82
142
90
86
2
178
100
53
93
123
90
106
182
80
94
117
166
82
165
141
77
75
109
104
213
78
-3
80
84
85
100
76
-8
99
159
-10
-2
-61
184
16
-15
-16
199
184
176
66
86
180
178
329
107
100
193
47
25
-8
82
55
178
102
87
92
17
172
76
263
-3
27
222
136
231
93
69
-16
85
97
86
89
271
-16
82
177
80
105
89
88
-8
108
55
143
101
-3
13
-3
80
170
87
1
90
102
-9
80
200
34
-12
-61
191
-20
-20
-27
96
-16
88
72
121
84
5
11
197
101
-61
80
-1
-61
-9
-22
-16
38
14
-61
-23
86
188
-61
-9
-2
-59
-4
-30
116
140
152
-94
84
-16
9
-16
-34
-16
-61
109
-16
114
88
-35
-16
-61
40
-16
-16
38
-13
-53
112
-20
57
-34
-24
98
235
29
34
-14
1
112
11
76
164
101
-95
147
87
-20
141
-14
190
174
117
29
36
-7
56
62
48
53
221
253
34
-67
50
15
153
120
64
60
