-131
-115
-126
-100
-137
-73
-96
-142
-52
-65
-98
-74
-83
-110
-95
-90
-71
-66
-103
-67
-46
-19
-116
-110
-57
-44
-110
-110
-109
-27
-69
-133
-132
-101
-105
-64
-69
-122
-68
-67
-118
-57
-128
-90
-58
-111
-115
-87
-82
-75
-53
-101
-5
-34
-87
-113
-76
-58
-8
-56
-116
-125
-47
-112
-115
-115
-85
-72
-56
-88
-121
-85
-92
-110
-60
-110
-74
-65
-56
-132
-109
-111
-75
-62
-111
-73
-62
-120
-90
-59
-116
-19
-94
-92
-62
-68
-112
-74
-42
-35
-71
-56
-143
-22
-128
-51
-114
-91
-111
-42
-103
-136
-132
-67
-82
-20
-31
-79
-54
-129
-74
-111
-83
-144
0
-52
-36
-104
-80
-116
-133
41
-115
-80
-126
-49
-76
-111
-114
-18
-41
-78
-101
-57
-58
-9
-100
-141
-59
-87
-89
-62
-86
-56
-91
-34
-112
-48
-104
-69
9
-106
-99
-77
-119
-56
-56
-39
-100
-68
-95
-78
8
-72
-83
-33
-116
-72
-50
-134
-55
-69
-112
-53
-121
-102
-105
-64
-102
-52
-89
-26
-78
-81
-51
-90
-43
-63
-115
-54
-84
-131
-89
-86
-61
-5
-18
-85
-88
-56
-81
-130
-50
-101
-22
-46
-58
12
-60
-38
-11
-125
-135
-112
-91
-34
-55
-69
-39
-73
-52
-93
-95
-27
-41
-110
-53
-144
-120
-131
7
-38
-37
-111
-91
-33
-27
-9
-112
-64
-104
-103
-115
-8
-12
-91
51
-78
17
-104
-115
-42
-33
-137
-38
-145
320
-17
-60
24
-95
-112
-81
-56
-76
-66
-45
-83
-72
-4
-91
-7
-73
-131
32
-68
-65
-79
-33
38
-65
-9
-39
48
-50
-78
-80
-7
-28
-51
-104
-116
-82
-112
-59
-66
-81
-67
-67
-66
-89
-56
-80
-78
-26
-6
-55
-140
-67
-141
-65
-50
-79
-32
-24
-4
-57
-65
174
-65
-134
-112
-64
-116
-100
-78
-56
-104
-64
-111
24
-50
-25
-103
-36
-27
-93
-141
-61
-78
-78
-82
-83
-3
-88
-25
-90
-128
-38
-37
-65
-80
-66
-18
-131
-122
-104
-58
-13
-59
-68
-10
-105
-84
-54
-133
-112
-121
30
-53
-112
-60
-100
-43
-130
-86
74
-135
-36
-109
-105
-68
-27
-131
-38
-15
-51
-13
-144
-28
-112
-82
-92
10
-78
-90
-36
-40
-57
-49
-72
-103
-90
-68
-8
-65
-102
-8
-74
-30
-15
-93
-55
-99
-69
-115
-29
-100
12
30
-66
-109
-67
-29
-64
-16
-90
-36
-84
-66
-35
-115
-115
-97
-112
-55
-49
-93
-64
-80
-131
-41
-36
-35
68
-115
0
46
-88
-36
35
-80
-142
-13
-78
-25
-78
-71
-78
-99
-78
39
-44
-58
-48
-17
-49
-65
-76
12
-64
47
-72
-56
-36
-61
-131
-102
17
70
-51
-71
-22
-90
3
-101
-64
-77
-55
-103
-131
-2
-75
-63
-11
-67
-93
-39
40
-79
-104
10
106
-89
-26
-78
19
-33
-77
-104
-93
-24
-25
-77
-66
-115
-90
-65
-110
-56
-111
-100
-116
22
-131
-23
-77
1
-4
-22
19
-17
-64
-115
-78
-66
-75
-138
-135
-29
-38
25
1
-104
-47
1
-76
-55
24
-124
-96
-20
-40
12
-51
-67
-88
-116
-106
2
-126
-38
-4
-10
-91
-105
-12
-111
39
-64
-111
-67
-74
-85
-47
-116
-68
9
-93
-76
-14
-21
-101
-67
-38
-85
-69
-67
-98
-27
-88
-39
25
-99
-25
-99
1
-52
-61
-104
-116
11
-66
-63
-100
-120
-1
-19
-10
50
-78
-31
-112
-106
36
-132
-90
24
-84
-25
-46
-91
-76
-135
-89
-42
-49
-78
-57
-8
12
15
4
33
-49
-105
-10
-45
-83
0
-53
-104
-13
-14
-65
-117
3
-103
-78
-84
-43
-32
-104
172
-50
-67
-95
24
-19
-56
-6
-37
-61
49
-74
-8
-18
-104
115
-57
-2
-100
-67
67
49
24
-102
-69
-67
2
123
-91
-67
-30
-12
5
-12
-111
-104
-41
54
20
-93
-78
-69
-67
33
-8
59
-66
-109
-78
0
-61
-98
-78
-121
153
-55
-9
68
3
-39
-98
10
-41
-84
175
1
-67
-8
-12
-115
5
-105
-14
12
2
-78
-79
-104
-55
-9
-48
-116
-1
35
-28
45
-19
4
-67
-63
-27
-41
-61
-9
-105
-3
-75
-5
-67
-50
-49
-75
182
56
-49
-8
36
-19
-9
-6
-19
-55
-55
-55
-20
74
-61
-55
36
-1
-84
-38
-55
-104
-19
239
-116
-18
-105
-55
-35
-49
-61
-77
120
-105
-55
-116
51
88
101
-105
-49
8
-105
-25
-8
-55
62
2
-22
159
-49
167
-38
-74
11
107
15
-38
-4
-45
-54
88
143
-29
-28
86
-16
-55
-52
-17
-143
-90
-90
-29
-75
156
-27
-78
77
81
-31
-55
92
-94
-93
-55
-6
-50
62
-131
-50
-117
-94
-84
81
-81
-116
-55
-56
-48
-105
-71
-55
-31
-116
-79
-67
-68
-67
-60
4
-55
-39
-92
-105
-56
-19
-39
1
-10
52
12
-105
-67
-84
-15
-66
19
-39
-91
-116
67
-61
-29
-61
-3
-35
-70
-83
-36
-83
130
-3
-50
-103
-3
35
-27
-61
-75
-72
-75
-91
-19
86
84
-67
9
-54
-11
-120
-61
0
94
-7
162
-11
-39
-57
-29
-19
-7
-19
38
-4
3
-11
-12
-14
0
13
-11
-103
-20
20
-21
-15
145
-43
-12
7
36
6
19
-55
18
0
18
-51
-14
19
-55
13
7
19
6
1
3
-6
-11
65
-79
-55
138
-55
42
-55
-13
-11
12
-56
-55
-55
-55
-25
-67
26
-11
7
-67
-15
0
-55
-19
-116
