-102
-113
-120
-40
-109
-78
-117
-31
-113
-98
-80
-15
-41
-127
-78
-71
-28
-124
-124
-109
-7
-60
-105
-48
-133
-59
-100
-50
-79
-75
-83
-104
-88
-56
-9
-73
-67
-59
-60
-71
-60
-115
-110
-113
-25
-113
-105
3
-105
-68
-25
-105
-116
-78
42
-41
-66
-125
-31
-106
-71
-98
-35
-95
-21
-76
-79
-58
-123
-131
-113
-27
-113
-39
-50
-69
-100
-93
-20
-101
-100
-99
-115
-51
-14
-99
-108
8
-106
-51
-65
-122
-95
-70
-50
-65
-45
-65
-86
4
-73
-120
-35
-96
-70
-74
-97
34
-64
-97
-116
-74
-32
-91
-28
-80
-79
-77
-62
-75
-36
-67
0
8
-112
1
-81
-45
-8
-144
-139
-35
-19
-74
-3
-99
-55
-73
-118
-20
-81
-77
-66
-13
-83
-135
-108
-84
-111
-72
-88
41
-145
-47
-87
-3
-34
-58
-66
-41
-4
-78
-62
-75
-95
-108
-141
-116
11
16
-83
-92
-72
24
-77
-78
-17
-3
-4
-75
-44
-15
-14
-27
-24
52
18
-78
-33
-38
-69
-89
-3
65
-39
-132
-110
-145
-101
-77
-84
-112
-108
-22
-46
-65
-104
20
18
-65
-65
-56
-74
36
-116
-104
-116
18
-103
-108
-122
-48
-115
-75
-84
-26
-75
-75
-75
-104
-104
-75
-75
-35
47
-62
-64
-104
-75
-115
-105
-68
-116
-116
-75
-122
-44
-96
-68
-75
-60
-19
-85
-75
-56
-120
-104
-87
-92
-112
-68
-116
-116
-75
-20
-92
-96
-73
-112
-96
-75
-75
-8
-116
-116
-96
-92
-92
-112
-15
-116
-84
-22
-92
-116
-92
-83
-78
-85
-78
-115
-19
-92
-92
36
-92
-92
-85
-116
-78
-19
-116
-28
-116
-116
-115
-68
-75
-22
-19
-50
-92
-38
-92
-19
-19
-104
-91
-15
-103
-49
-92
-85
-38
-68
-116
-19
-92
-91
-38
-92
-116
-92
-92
-38
-38
-38
-92
-26
-38
-19
-38
-38
-14
-38
-14
-3
-38
-116
36
-2
-38
-92
-19
-37
-13
-2
-26
-2
-38
-38
-2
-13
-13
-26
-13
-13
-38
-38
-38
-38
-38
-19
-14
-2
-25
-2
-2
-14
-2
-82
-2
36
-14
-14
-38
-40
-2
-2
-26
-13
-14
-14
-91
-38
-14
-38
-38
-26
-38
-38
-38
-26
-38
-38
-26
-14
-14
-25
-26
-14
-14
113
-42
-26
-26
-2
102
-14
-14
-26
36
-2
-14
-28
-2
-14
-80
-3
124
-14
-2
-38
135
124
113
-2
124
113
-3
-4
124
135
124
135
124
135
36
135
146
146
123
-82
78
146
113
64
-78
113
64
113
63
124
63
64
64
64
64
113
113
124
113
64
113
113
113
113
113
90
113
113
113
113
113
113
113
113
89
113
113
113
113
113
113
113
113
113
113
113
78
113
113
113
113
113
113
113
113
87
-50
77
113
113
113
113
113
113
113
94
113
113
-50
113
113
-80
-80
65
-50
113
113
-50
-111
-22
113
-50
113
113
113
113
113
113
113
113
113
-50
113
113
113
113
113
113
113
113
113
113
-50
-50
113
113
113
113
113
113
-50
113
113
113
113
113
113
113
-51
113
113
113
-50
-50
113
113
-50
-50
113
113
-50
72
113
113
113
113
113
-50
113
89
113
113
113
113
113
113
113
113
113
113
113
89
-50
-50
78
113
113
113
113
113
113
113
113
113
113
113
113
113
113
113
113
113
113
-50
113
-50
78
113
-50
89
113
78
113
89
89
113
113
113
113
113
113
113
113
113
113
113
113
113
113
113
113
113
113
89
113
89
113
113
89
113
113
78
88
89
113
-50
89
113
113
113
113
113
73
113
113
113
98
113
113
113
89
113
113
89
113
89
65
290
69
113
113
113
96
115
113
75
102
113
113
99
79
89
113
113
91
160
100
85
72
79
87
102
110
121
102
104
108
100
123
106
80
108
96
123
87
92
105
104
106
113
107
100
103
162
100
110
103
108
150
112
103
116
141
143
114
110
121
142
107
134
223
149
104
163
106
333
115
152
230
113
238
122
121
137
121
113
97
113
163
117
113
117
113
115
108
117
113
113
126
113
106
113
113
-30
103
117
113
253
108
113
145
121
165
113
113
113
113
171
106
113
103
65
113
113
113
115
113
145
108
113
113
156
108
164
113
113
121
113
113
113
113
103
113
103
110
157
112
113
273
113
57
125
103
204
113
249
109
230
223
110
134
114
113
147
167
133
97
142
115
145
113
113
-42
124
113
133
147
111
106
113
96
108
110
138
116
113
152
106
110
113
99
113
117
137
113
-92
113
137
113
121
113
126
113
219
113
101
112
100
121
110
108
115
121
87
-4
113
125
158
109
113
113
89
125
126
113
113
116
103
143
108
117
126
113
126
110
117
181
160
100
154
158
104
108
108
126
126
110
126
121
201
126
113
103
96
164
121
113
104
126
111
106
133
101
101
212
112
126
126
104
137
102
113
126
83
126
108
-4
113
126
89
150
104
104
116
121
111
177
96
112
117
141
180
183
104
93
128
108
113
126
102
113
130
104
133
126
179
113
122
113
98
102
121
137
126
150
95
99
