-130
-67
-18
-82
-114
-131
-73
-105
-104
-53
-56
-91
124
-114
-44
-93
-20
-29
-28
-64
-63
-84
-104
-95
-79
-115
-52
-38
48
-52
-64
-38
-19
-23
-32
-19
-19
-19
-19
-46
53
-33
-19
67
-20
-34
-38
-10
-32
-19
-24
-29
-26
61
-116
-24
-15
-28
20
-116
-29
-8
-3
-75
-116
62
9
20
5
-116
-16
-115
6
-7
48
-16
-67
-28
-17
-13
4
-3
30
-67
0
-67
18
-85
-121
-1
-61
12
-115
-49
-38
-6
-116
-11
-22
-55
-55
88
-19
-55
-11
-72
22
-55
44
3
-72
-55
-3
26
0
-72
-83
-55
-55
20
-55
12
-105
11
13
16
-8
8
-19
-20
1
14
8
5
-7
-7
-22
-72
2
-72
-19
-19
42
85
16
-15
9
14
91
-72
-72
-19
1
107
-31
-18
-11
5
15
13
8
-15
249
8
-12
-15
19
-7
12
-13
-3
-20
15
16
3
40
99
20
-1
11
7
-7
12
-1
-9
10
13
15
25
20
8
1
7
18
14
1
3
13
116
7
25
18
-20
11
15
9
12
7
3
7
14
7
7
19
11
16
24
11
18
162
7
11
21
15
9
22
24
-3
43
23
11
197
23
20
-1
16
15
13
25
19
19
108
22
27
18
9
11
148
11
15
3
6
-8
3
-8
-3
10
16
1
113
21
18
19
45
7
11
18
-69
19
18
5
7
33
-21
-12
14
19
7
3
16
15
7
-8
-7
10
32
149
-7
-9
47
-18
11
7
17
7
19
-5
9
162
16
144
85
44
-10
-9
81
-8
1
9
171
2
89
6
12
25
-15
93
99
-11
16
13
119
10
174
8
3
-25
1
152
19
0
211
194
158
10
175
-1
9
176
-25
60
205
7
5
6
273
89
-4
39
103
13
55
7
12
78
-3
75
95
13
190
15
20
-8
78
7
-14
74
5
16
252
0
140
-20
8
7
88
-16
-8
19
67
108
9
127
-13
-4
173
7
99
-7
5
149
-23
11
-31
-4
-5
141
70
-44
79
108
117
110
121
-11
-1
189
-8
80
-1
0
-11
89
-14
97
172
3
84
-29
21
6
98
178
13
81
29
120
99
-5
89
89
154
141
48
3
13
3
67
183
0
72
71
86
178
162
-28
2
61
13
17
88
88
99
92
72
88
83
189
0
109
80
18
259
108
-5
-36
117
186
197
79
80
189
89
166
127
2
173
-8
221
96
-22
109
-5
7
137
-5
-14
132
16
147
139
13
98
131
269
-3
136
223
156
143
229
-3
-3
-1
80
68
-2
-10
70
223
175
47
69
353
88
14
-1
-26
-2
15
-69
91
-9
204
3
359
-12
271
40
87
294
19
1
38
139
83
117
64
265
-114
114
131
248
142
188
209
65
187
184
-114
121
52
360
125
127
-8
203
270
249
120
-21
220
-19
270
-27
52
71
162
254
-44
67
262
197
208
214
68
66
209
58
71
66
58
56
70
209
256
56
141
52
241
95
80
237
81
146
18
189
-8
-38
251
338
162
171
119
-8
72
-8
-23
47
-39
58
37
130
228
79
270
30
-35
-87
66
264
270
-35
-21
197
-48
37
43
-23
360
-30
50
79
32
356
262
124
56
161
69
-30
-23
320
89
-26
-8
-30
-26
354
203
-41
115
-30
359
70
-35
-38
349
-28
154
274
66
161
359
374
376
32
160
76
359
-80
-87
-88
-89
72
-104
93
172
56
-56
18
-15
89
67
-9
-30
-26
-14
361
287
-27
39
-6
367
44
123
275
75
167
70
-89
82
89
182
44
174
81
43
147
186
156
98
-88
-88
56
33
56
112
44
78
241
255
134
223
86
-56
268
-56
44
300
-89
-58
-89
66
-88
78
76
380
44
-56
96
-56
-84
-87
66
89
268
132
-87
-105
70
-114
457
72
280
-56
258
166
-76
-78
248
-16
229
352
116
349
68
137
61
259
135
-69
231
-55
-77
-43
-56
-45
233
1
-9
344
112
110
239
70
48
66
233
198
247
70
-114
53
-54
-70
-56
264
170
-56
277
250
-51
227
386
282
262
-16
-89
84
61
28
255
222
108
33
156
139
260
261
238
249
334
358
-18
244
44
8
64
-115
217
214
33
33
44
-49
33
33
246
14
349
23
171
33
-18
33
35
-18
257
258
32
22
365
48
360
332
262
299
264
98
249
32
394
263
266
140
261
260
88
210
251
246
22
124
259
11
107
254
268
240
22
335
12
360
112
15
449
376
276
358
285
343
363
213
38
343
352
214
269
369
346
246
379
288
12
256
268
84
252
239
324
-44
274
240
313
356
357
265
275
240
443
270
300
287
444
448
339
240
240
290
260
370
279
279
347
292
269
17
264
277
437
342
284
240
260
381
353
361
252
370
279
317
376
250
437
-36
430
200
366
275
273
381
266
285
460
246
260
390
370
-18
264
327
285
214
326
322
233
350
220
-35
352
299
22
228
-47
206
261
121
117
302
145
116
302
230
27
63
242
202
174
83
