-123
-100
-110
-76
-92
-112
-52
-119
-89
-63
-86
-91
-60
-92
-64
-10
-115
-72
-90
-96
-112
-115
-79
-91
-114
-110
-26
-63
-78
-50
-19
-41
-45
-36
-109
-115
-117
-90
-100
-88
-75
-105
-132
-50
-45
-120
-77
-49
-141
-84
-37
-45
-5
-66
-89
-32
-35
-119
-50
-121
-85
-103
-71
-68
-104
-77
-77
-87
-122
-100
-37
-113
-39
-47
-90
-131
-51
-98
3
-109
-115
-115
-95
-74
-76
-110
-73
-98
-38
-76
-87
-73
-123
-85
-49
-88
-72
-88
-123
-85
-98
-64
-84
-94
-112
-104
-37
-54
-73
-143
-104
-92
-67
-104
-47
-62
-115
-113
-31
-84
-90
-52
-46
-30
-76
-64
-33
-3
-14
-7
-61
-45
-58
-45
-88
-101
-78
-67
-112
-133
-29
-48
-22
-101
-116
-132
-116
-23
-65
-105
-21
-112
-58
-110
-142
-60
-70
-86
-7
-58
-47
-99
6
-106
-59
-100
-100
-48
-85
0
-37
-88
-86
-29
-115
-50
-135
-50
-60
-89
-35
-53
-130
-29
23
-74
-117
-74
-58
-78
-93
-46
-10
-74
-46
-16
-142
-100
-30
1
-111
18
-65
-111
-65
-110
43
-36
-36
-64
-99
-76
-100
0
-46
-78
12
-104
-54
36
-111
4
-36
-75
-50
-52
-104
-78
-28
12
-99
-65
0
-20
3
-64
-116
-116
-24
-31
-111
-89
-69
-76
-87
-75
-73
-84
-101
3
-78
-70
11
-75
-38
-75
-115
-80
-39
-74
-69
-40
-65
-84
-63
-39
-109
-57
-50
12
-112
-59
-64
36
-130
-17
-92
-76
24
-9
-112
-85
22
11
-101
-23
-143
-124
-58
-47
-43
-82
-116
12
-27
-27
-58
-121
-56
-81
-90
-27
-56
55
-107
-79
-28
16
0
-97
-39
-40
23
-115
0
-55
-91
25
11
-71
-101
-131
-109
103
-126
-56
-72
-72
-47
29
-66
-38
-3
-110
-28
-66
-39
-14
-98
11
-67
-39
-77
-96
7
-72
-77
-44
-96
-83
-88
-62
-85
-114
-126
47
-72
-42
13
-129
-60
-77
-54
-55
-73
-85
-53
-85
-86
-24
35
-84
-101
-83
-77
-12
74
-46
-100
-81
-72
-117
11
-140
-11
-56
-118
-140
-65
-72
-49
45
-115
-129
-108
-50
118
-77
-12
19
-54
3
-18
-102
-85
25
-77
-36
-111
-7
-83
-75
-69
-72
-116
-114
-67
12
-65
-8
-78
82
11
36
-115
-35
-120
25
-63
-76
96
-85
19
-53
-88
136
-53
-100
-84
-115
17
-84
-38
-98
3
11
-84
-85
-57
-59
-79
-78
24
-73
-110
-85
-74
-92
-109
-44
-35
-40
-54
-74
12
-85
-85
-74
-74
-86
-46
-73
-59
-110
-73
-74
-74
-73
25
-74
-73
-81
-120
-102
-73
-73
36
-73
-36
-74
-47
-78
13
-73
-97
-111
12
-86
-82
-35
13
-120
-62
-75
-72
-54
-73
-103
-112
36
-84
-82
36
-67
1
-100
-120
-103
-62
-62
-74
-120
-140
1
-89
-36
-112
106
-62
-61
-62
-53
-53
-26
-111
-105
-62
-35
-120
-12
-62
-46
-61
-61
-36
-111
-2
-54
-13
-112
-13
13
-82
-14
-36
-108
-36
-54
-89
-61
13
-97
-120
-14
-36
-26
19
13
-11
-78
-36
-78
-50
-111
-86
-36
-54
-13
-35
30
-96
-35
-35
-35
-35
-97
-36
-46
-108
-35
-89
-92
-92
-35
-93
-35
-97
-111
-67
-112
-77
-35
-35
16
-38
-38
-54
-97
-36
-35
-35
-35
-97
-14
-54
-35
-36
-78
-53
-35
-111
-92
-35
-112
-92
-75
-111
-77
-35
-36
-97
26
-78
-51
118
-96
-54
-72
-36
-111
-35
-21
32
-35
21
-92
-53
-35
-112
23
49
-74
-54
-34
-54
23
-96
-13
-38
-54
-13
34
-13
-96
-13
46
19
35
23
47
60
71
-33
-112
-13
45
-54
-112
-54
-54
-54
-92
-54
-13
44
45
-112
-30
-53
39
-53
-46
39
-53
-112
56
37
38
32
-66
-46
-43
117
-13
-112
-54
-57
-112
-112
-112
-52
-3
-56
-112
-92
-54
-14
-52
-28
33
44
44
-43
-54
-54
-53
-53
9
-28
-54
-33
-53
-54
-43
-53
-112
9
45
45
-55
45
-43
-54
-54
-53
-112
-112
-54
-13
-53
-23
-112
-53
-55
-53
-54
-53
-54
-52
-54
-33
-112
69
-43
9
-52
9
45
-43
-54
-52
45
-33
-23
-54
-23
-43
-23
-43
-54
17
-52
-23
-53
-53
-54
-43
-54
-55
-53
-54
-43
128
-54
-23
-42
-53
-43
-43
-54
-50
-52
-52
23
-53
-53
-54
45
-52
-53
-52
-23
-23
-52
-73
-23
-53
-53
-23
-53
-23
-43
32
-52
-12
-33
-25
-22
50
17
-3
-52
-52
8
17
17
-43
-112
9
-103
-54
25
-112
-103
-15
-16
-33
-3
34
-33
82
45
161
-31
-3
-112
68
12
-112
11
-112
79
-112
68
-112
-112
53
-112
-112
-112
115
56
-112
-3
-112
-112
115
-112
56
-112
137
-112
-76
-112
94
-112
11
56
-112
-112
-112
-112
-112
-112
-112
126
-112
67
140
-112
-112
91
-112
-112
50
-112
44
67
-112
56
-112
-103
-112
-112
-112
56
-112
-112
78
-112
-112
-112
-112
55
-112
67
91
115
145
88
77
-112
-112
-112
-112
-112
55
-112
-112
-112
-32
-112
137
114
91
-112
-112
-112
-3
-112
-112
33
123
-105
81
115
45
34
-112
-112
76
125
19
44
88
99
135
-112
71
-61
-116
33
12
129
132
74
-116
-87
-112
44
-116
-104
44
-111
8
-112
-3
45
-104
-87
83
-142
-111
44
44
-85
8
33
-111
123
