-131
-98
-146
-105
-73
-91
-86
-135
-104
-103
-103
-33
-90
-121
-56
-134
-142
-102
-80
-75
-114
-101
-116
-143
-128
-44
-64
-41
-111
-78
-139
-34
-7
-132
-100
-77
-116
-64
-69
-84
-111
-94
-83
-63
-114
-115
-39
-73
-58
-110
-83
0
-9
-55
-44
-70
-57
-149
-111
-79
-76
-77
-143
-133
-50
-82
-62
-94
-36
-132
22
-84
-115
-47
-84
-99
-23
-84
-52
-65
-48
-3
-114
-60
-63
-131
-16
-139
-29
-62
-115
-70
-62
-78
-6
-93
-99
-72
-35
-100
12
-71
-115
-57
-72
-112
-55
-63
-56
-104
-50
-57
-18
-69
-63
-76
-69
-60
-46
-93
-22
-33
-69
-60
-98
-56
-58
-25
11
-75
-55
-82
-70
-104
-104
-110
-94
-57
-37
-38
-76
-67
-69
-37
-133
-49
-58
-5
-1
-38
20
-104
-74
-47
303
8
21
-79
-65
-92
27
-51
-11
-54
-58
-43
-91
-46
-144
-100
-88
-32
-67
-63
-22
-57
-147
-78
-82
-47
-75
-84
-112
-91
0
-2
-22
-100
192
-54
-35
-124
-116
-27
-99
-49
-32
-38
-96
-116
-142
-75
-32
-63
-48
-79
12
-66
-143
-54
-81
-82
-60
-105
-81
-7
-38
-70
-71
-81
-97
-72
-82
-71
-82
-110
-81
-23
-72
13
-76
-74
-13
-92
56
-46
-88
-13
-142
-100
25
-92
-99
132
-114
-35
-99
-115
-38
-143
-14
-143
9
-96
-39
-130
-25
-72
-74
-24
-112
-97
-15
-26
-2
-111
-104
60
-106
4
-67
-26
-33
-92
32
-48
-24
-85
35
-27
47
-94
-32
-81
-26
-74
6
-24
21
148
-84
181
-67
-112
-129
-26
59
41
-26
-27
24
-27
-116
-116
-35
-112
-85
24
-38
-81
29
-14
29
-104
-104
153
-25
36
-101
-85
68
-8
-38
-142
-92
47
-43
-85
157
-14
38
-39
47
115
-14
-38
57
-116
-104
-38
-142
113
-39
-73
-116
-26
113
36
-92
-84
-78
78
113
-78
78
-112
-112
36
36
113
-26
113
113
49
-116
-115
16
124
-70
-115
36
-115
26
-116
-33
111
-116
-78
-116
36
-49
-116
-116
36
-78
-115
-116
-78
113
6
-116
-92
191
-91
147
-78
-18
33
106
-14
-8
-115
32
-105
-117
40
-115
-116
-116
-142
-116
-116
-92
41
107
-116
-72
-92
-116
-116
-115
107
-78
33
-113
112
-116
-95
-114
59
10
-78
-95
-105
-115
-113
158
-113
-92
-92
-60
-68
-114
-113
-114
61
-80
-119
32
-143
70
31
71
-114
-70
-115
35
-75
-113
-115
-142
-115
-115
-113
-90
-46
-39
-70
-49
-95
-116
-111
-70
-79
-79
-82
-40
-79
51
-6
-103
-42
-46
-115
20
-115
-105
-95
-115
-115
-79
124
-76
-119
-115
-104
-117
-97
29
-69
-97
-78
-103
75
125
-79
-93
-79
-95
-113
-93
-88
32
-115
-95
-46
-95
-95
-90
-73
-106
32
-90
-104
32
-91
-91
-49
-75
8
-84
-104
-39
65
-70
-69
-93
-93
-70
-49
-84
31
-78
54
-70
-115
-69
-115
-105
-49
48
-49
-31
-90
6
83
-49
-73
19
-49
-47
-49
-39
-82
65
-91
-67
-82
-69
-92
82
-70
80
-70
-70
-75
-60
145
44
-60
69
-78
-70
65
13
-49
-95
82
-49
-69
-115
-38
-49
-70
-70
68
183
-91
-70
-70
-103
-70
126
120
-70
69
70
74
-51
69
82
124
46
108
-49
-101
49
-115
-66
67
-70
61
-70
-67
70
65
83
76
77
80
62
89
212
44
-70
-70
-70
122
-73
69
-70
-70
-78
69
47
48
75
46
86
-74
-70
69
-30
122
-70
71
-70
36
111
323
-78
73
231
263
89
100
-78
57
52
-74
88
69
48
88
112
82
-116
51
-70
121
58
50
112
-59
120
123
91
52
57
136
97
68
-73
57
345
57
50
143
-47
64
-84
48
58
-47
58
58
117
-4
-85
96
116
141
82
-60
237
196
-15
-3
111
90
50
96
146
-85
68
195
114
67
59
97
65
88
62
50
56
130
50
62
106
57
104
102
66
136
-92
54
155
72
93
57
58
33
33
137
69
57
64
62
-84
93
144
104
90
158
69
19
143
76
214
58
80
196
149
145
40
81
144
91
69
50
20
73
173
83
36
247
45
209
71
-96
83
138
73
96
118
73
77
136
289
34
151
290
37
110
130
36
144
325
57
81
87
105
90
131
34
41
-35
43
384
114
97
93
92
109
47
155
33
125
33
133
158
447
20
113
80
31
36
167
34
111
45
30
236
124
-67
158
49
81
280
-112
42
160
66
115
31
59
181
125
90
59
46
304
36
101
59
74
107
75
36
34
99
161
-112
122
45
138
39
34
448
268
46
121
39
35
162
89
267
38
36
105
36
57
178
203
-112
270
217
36
28
328
28
-7
91
36
41
10
47
67
175
152
126
-44
271
36
215
13
45
85
22
48
49
36
138
129
176
41
78
49
124
394
116
-12
504
50
23
41
-2
174
420
256
204
36
93
152
143
97
65
118
116
106
132
52
95
128
164
159
200
116
-112
121
120
150
114
158
125
382
31
194
238
36
242
173
45
148
32
150
177
308
119
257
105
325
372
221
154
140
420
79
157
129
34
267
36
134
150
-67
91
110
126
296
