-113
-112
-63
-105
-114
-142
-132
-128
-121
-67
-54
-54
-85
-33
-66
-80
-115
-93
-47
-64
-95
-104
-115
-77
-109
-65
-93
-75
12
-123
-88
-58
-131
-26
-73
-65
-90
-53
-83
40
-33
-41
-112
-83
-104
-14
-56
-74
-91
-141
-84
-74
-90
-86
-99
-95
-65
-99
-94
-113
-80
-96
-40
-74
-84
-109
-85
-92
-67
-85
-114
-55
-54
-124
-116
-64
-131
-65
-100
-16
-122
-66
-104
-142
-78
-131
-36
-89
-73
-109
-112
-65
-102
-62
-99
-66
-81
-114
-58
-107
-78
-119
-105
-93
-113
-128
-92
-95
-16
-80
-131
-129
-55
-139
-66
-87
-129
-51
-106
-71
-75
-127
-72
-26
-67
-96
-26
-9
-115
-84
-79
-127
-62
-121
-108
-103
-131
-142
-99
-17
-48
-89
-80
-51
-83
-92
-111
-122
-64
-111
-53
-78
-87
-127
-69
-109
-121
-36
-94
-78
-61
-56
-53
-123
-45
-128
-109
-58
-74
-119
-71
-49
-86
-55
-91
-113
-109
-101
-83
-109
-71
-100
-49
-87
-105
-78
-89
-47
-31
-95
-63
-26
-78
-143
-114
-104
-85
-117
-143
-62
-113
-94
-45
-107
-134
-89
-103
-72
-81
-56
-114
-30
-75
-54
-104
-119
-60
-78
-63
-107
-81
-88
-90
-99
-79
-47
-105
-115
-28
-80
-108
-131
-78
-81
-49
-79
-89
-108
-99
-104
-67
-101
-135
-75
-96
-131
-101
-64
-71
-101
-98
-41
-94
-114
-101
-145
-112
-15
-65
-120
-34
-99
-125
-98
-89
-77
-64
-14
-4
-99
-31
-104
-25
-72
-139
-113
-111
-28
-143
-125
-51
-101
-110
-38
-112
-89
-80
-79
-145
-93
-83
-63
-102
-75
-20
-132
-122
32
-94
-71
-120
-78
-120
-59
-88
-83
-77
-94
-84
-90
-47
-64
-125
-77
-113
-28
-77
-60
-67
-112
-105
-139
-130
-30
-98
-95
-111
-50
-84
-84
-104
-46
-115
5
-58
-146
-72
-122
-46
-90
-102
-63
-115
-135
-88
-91
-77
-114
-78
-47
-16
-88
-114
-103
-114
-48
-121
-68
-94
-59
-83
-102
-113
-115
-125
-66
-99
-101
-53
-36
-129
-33
-57
-49
-110
-6
-100
-74
-90
-113
-24
-73
-121
-145
-33
-34
-100
-68
-95
-132
-29
-104
-77
-28
-111
-114
-81
-89
-13
-102
-80
-95
-78
-39
-63
-66
-42
-37
-61
-17
-133
-111
-131
-69
-110
-59
-60
-40
-56
-63
-65
-98
-73
-10
-110
-57
-132
-116
-132
-61
-104
-133
-143
-33
-73
-87
-59
-69
-80
-66
-60
-112
-131
-121
-109
-45
-112
-78
-121
-82
-77
-113
-113
-73
17
-84
-110
-36
-104
-60
-74
-65
-49
-52
-143
-54
-80
-26
-50
-116
-100
-108
-146
-19
-65
-105
-84
-20
-75
-135
-109
-120
-70
-111
36
-78
-58
-64
-57
-68
-82
-78
-66
-67
-110
-100
-35
-91
-41
-85
-78
-92
-106
-107
-89
-143
-39
-99
16
-80
-112
-112
-111
-67
-19
-66
-72
-126
-104
-43
-90
-60
-113
-123
-56
-68
-30
-21
-103
-71
-14
-64
-59
-54
-88
-134
-10
-16
-111
-106
-69
-9
-79
-94
-114
-22
-57
-91
-125
-35
-24
-147
-122
-47
-108
-132
12
-133
-100
-83
-115
-16
-63
-50
-133
-7
-95
-129
24
-102
-90
-34
-44
-97
-59
-116
-33
-57
-58
-12
-106
-131
-28
-131
4
-99
-45
-65
-114
-138
-70
-28
-145
-3
-101
-115
-22
-81
-62
-115
-112
20
-24
-76
-123
-79
-94
-27
-13
-30
-49
-5
-85
-60
-46
-20
-36
-27
-51
-64
-64
-34
-71
-132
-28
-56
-68
-37
-30
-25
-136
-36
-142
-114
-28
-143
-73
-47
-83
-99
-89
-111
-143
-37
-78
-16
-82
0
-78
-66
-65
-30
24
-120
-84
-114
-112
-8
-69
-47
-100
-82
-74
-51
-54
-60
-90
-89
-104
-78
-96
-132
-111
-48
-28
-65
-56
28
-30
-54
-54
-55
-27
-116
-50
-98
-135
-100
-68
-49
-35
5
-3
-141
-94
-29
-96
-91
-51
-97
-54
-59
-100
-57
-112
-111
-117
-113
-96
-24
12
-126
-78
-80
-58
-61
-18
-59
-67
-44
-66
-91
-49
-4
-71
-29
-59
-15
-32
-56
-78
-78
-133
-111
-97
-144
-18
-55
-19
-60
-41
-104
-36
-9
-39
-17
-86
-111
-91
1
-73
-85
-13
-71
-8
-142
-39
-1
-51
-8
-83
-69
-74
-36
-39
-29
-38
-87
-14
-21
-68
-92
-28
-135
-32
-58
-6
-54
-60
-1
-37
-47
-51
-23
-77
-55
-117
-90
-50
-41
-18
-67
-17
17
-99
12
-90
-25
-69
-49
24
-61
-47
-34
-66
-26
-94
-57
-111
-113
-66
-76
-29
-70
-142
-40
-73
-89
-8
3
-112
-56
13
-74
-8
-49
-101
-43
11
-146
-58
-88
-48
-109
-112
-70
-49
-67
-115
-98
-100
-57
13
-116
-96
-50
-65
-51
9
-50
-76
-29
-113
-112
-96
-30
-72
-9
-84
-73
-69
-110
-65
-48
-113
-111
-51
1
75
-35
-98
-57
-39
-73
-90
-77
-110
-51
-26
-36
-8
-35
32
-52
8
-72
-58
-82
-63
-143
-29
-69
-72
-133
-75
-83
-93
-142
-45
-76
-45
-37
-98
-72
-83
-117
-111
-92
51
-101
-85
-53
-79
-70
-113
2
-74
-16
-39
53
-29
-138
29
-101
-77
-114
-30
-54
-70
-71
8
20
-26
-90
-101
-78
-17
-89
-28
-110
16
-15
-142
-50
-100
-31
-66
-64
11
-19
-35
-69
-17
-60
-28
-57
-77
-85
-121
-55
-121
-31
-70
-21
-42
-101
-81
-82
-51
-32
-73
-90
-11
-66
-37
-54
-57
-49
-84
-29
-29
-51
-73
-54
-39
-6
-64
-26
-60
-101
-62
-6
-75
15
-54
-101
-80
-112
23
-67
