-108
-53
-104
-125
-51
-112
-28
-73
-102
57
-78
-115
-132
-65
-84
-88
-62
-61
-112
-122
-37
-94
-116
-112
-3
-82
-102
-104
-101
-132
-56
-87
-51
-82
-115
-9
-115
-102
-115
-101
-67
-101
-95
-18
-45
-64
1
-59
-83
-25
-74
-39
-116
-85
-105
-69
-112
-105
-85
-89
-87
-82
-115
-64
-91
-44
-110
-59
4
-54
18
-52
-115
-58
-46
-110
-26
-104
3
-52
-8
-105
-104
-117
-114
-57
-116
-81
3
-116
-32
-116
-116
-116
-104
-112
-110
-71
-2
-144
-88
-105
-96
-116
-85
-108
-116
-116
-116
-116
-116
-116
-116
-116
-116
-116
-116
-116
-116
-116
-2
-49
-116
-116
-116
-55
-108
-116
-108
-82
-82
-96
-116
-116
-116
-116
-19
-116
-116
-39
-116
-82
-82
-50
-116
-81
-82
-19
-116
-116
-2
-116
-62
-116
-19
-116
-19
-19
-116
-19
-55
-2
-116
-39
-116
-2
-2
-96
-2
-104
-92
-116
-19
-134
42
-49
-19
-2
-2
-39
-109
-14
-79
-38
-38
-13
-2
-2
-38
-14
-38
-39
-19
-46
-92
-87
-2
-2
-2
-2
-2
-2
-13
-38
-39
9
-2
-2
-2
-38
9
41
210
34
-38
41
90
-38
-90
42
41
90
113
-50
42
-46
42
-52
113
113
-79
-94
90
42
173
-33
-92
113
-65
183
113
-92
-39
-75
-50
-50
113
14
30
102
-116
93
-21
-26
-83
-55
-134
72
-81
-94
26
-17
-38
-90
-29
-116
-50
-50
-50
-64
57
-32
-31
54
-105
96
97
3
-81
-92
-50
102
-90
-90
-92
-53
88
-62
102
93
-64
-92
98
112
-31
-92
70
-90
98
131
-92
100
94
156
-92
100
-31
-64
151
210
102
-92
-91
208
-30
-64
132
103
-92
-90
-60
103
-49
-91
159
160
-51
159
15
-116
-91
-91
35
-50
-15
-65
-92
116
-91
-92
-91
-92
-42
-91
210
106
-104
-75
-64
-91
-27
68
-91
-91
-91
196
-62
-91
86
-115
-116
117
-92
-92
-91
97
-91
-72
-92
-92
-91
-92
-91
-116
-92
-83
68
-92
-115
-47
-116
-72
-116
-1
-72
-9
-34
-75
-92
-108
-92
-91
-115
-72
-77
-92
-92
-92
-92
-92
-31
-100
-92
-91
-4
-116
-92
-91
-30
-92
-91
-91
50
-72
-15
-112
-31
-90
-91
-92
-55
-91
-116
-105
-47
-48
-42
-72
-7
-83
-116
-112
-90
-83
-105
-94
-115
-57
-49
-116
-6
-72
-11
-26
-72
-11
-5
-11
-27
-72
56
113
-25
-5
-70
-76
-73
53
-72
-11
234
77
15
5
-103
-30
-111
104
-13
-61
-72
-83
-94
-11
-27
165
10
66
11
-61
36
-14
185
-72
5
11
21
-15
-31
127
10
-27
13
-47
38
-18
4
34
15
-24
-8
123
-14
-10
96
1
130
-72
16
76
8
-32
-7
53
-1
-27
-27
-72
11
-27
12
-5
11
15
-12
-17
-14
-8
-7
-21
78
8
-17
-23
-83
80
-7
49
37
126
-9
-7
-8
108
-3
-72
-34
-72
-13
20
85
-9
164
-10
-5
58
49
-27
120
52
-72
-27
-27
-72
-5
-72
-19
-16
78
-11
6
-72
-13
78
-17
-72
-55
242
51
-7
19
105
11
-27
81
-71
-72
63
-5
109
-27
11
-72
-72
235
-41
-27
-3
-27
-27
-72
-56
-115
-72
-72
-26
-72
-26
125
104
-58
91
-27
-11
-27
-27
-19
133
3
159
-58
218
72
-18
-11
2
13
142
-11
122
-20
13
147
-26
-16
90
-21
-7
-22
9
54
-12
100
158
143
-6
19
122
24
-60
106
-27
-33
-20
-7
-19
101
15
128
96
5
-14
-48
139
219
101
150
121
69
51
137
-15
129
15
9
14
222
236
14
-7
6
140
60
-12
136
-1
-18
-16
120
9
89
248
-5
130
13
117
129
20
143
130
121
106
131
84
-8
-14
120
-20
9
-8
94
103
22
113
80
7
7
-13
148
40
-24
5
28
125
93
116
96
102
121
103
106
24
104
117
97
116
117
106
115
117
117
197
119
106
155
162
95
124
89
113
117
113
109
121
117
125
104
100
106
106
109
97
104
110
196
96
105
117
124
115
107
106
107
82
113
148
149
135
117
144
121
113
98
98
152
196
121
115
104
113
102
113
90
116
106
107
110
-4
-109
161
115
103
109
107
99
121
103
113
111
110
218
113
113
117
110
121
136
108
108
103
202
113
103
109
109
104
146
90
113
113
146
99
103
109
107
92
126
109
113
113
99
145
107
193
105
169
117
113
200
108
106
89
-52
104
203
97
150
91
111
150
122
120
92
134
181
97
113
104
108
99
207
106
202
150
113
145
91
93
138
86
159
129
109
138
126
99
160
160
160
126
93
160
180
100
129
126
126
126
149
107
126
160
126
160
160
126
126
112
160
122
103
126
-81
126
126
126
150
150
151
114
115
103
92
104
94
101
115
107
153
179
94
96
132
149
92
110
114
228
276
117
204
163
150
213
124
99
99
113
118
152
118
119
166
170
118
94
160
104
108
124
108
134
113
158
164
132
155
202
132
166
97
113
110
105
113
147
253
113
123
99
210
109
132
118
111
208
112
139
111
114
113
108
120
124
128
118
158
122
120
116
