-83
-78
-133
-135
-47
-63
-93
-120
-104
-51
-67
-29
-111
-33
-62
-87
-132
-49
-38
-54
-66
-68
-69
-20
-142
-47
-87
-69
-142
-97
-68
-143
-144
-142
-143
-143
-106
-106
-99
-104
-75
-8
-75
-69
-116
-115
-115
-8
-106
-116
-99
-116
-143
-126
-49
-75
-115
-106
-143
-132
-143
-146
-116
-69
-143
-143
-143
-117
-143
-143
-103
-142
-49
-144
-61
-111
-95
-75
-75
57
-122
-143
-132
-114
-116
-59
-143
-143
-143
-143
-126
-143
-123
-143
-143
-143
-143
-143
-95
-115
-49
-49
-53
-109
44
-142
-142
-126
-116
-126
-143
-143
-142
-126
-143
-144
-143
19
-143
-143
-143
-145
-145
-111
-121
-84
-142
-143
-143
-143
-143
-144
-143
-143
-143
-143
-116
-142
-126
-118
-143
-143
-116
-142
-95
-116
-135
-116
-143
-143
-116
-132
-143
-143
-116
-116
-116
-68
-116
-143
-116
-116
-143
-143
-143
-143
-136
-143
-132
-143
-143
-143
-143
-132
-143
-143
-116
-116
-116
-146
-116
-143
-116
-143
-116
-116
-143
-143
-116
-143
-116
-116
-143
-116
-146
-142
-144
-144
-132
-143
-143
-143
-143
-146
-132
-121
-116
-116
-142
-104
-143
-116
-143
-116
-143
-146
-143
-116
-143
-116
-116
-142
-116
-143
-116
-116
-116
-143
-116
-111
-116
-143
-143
-111
-143
-143
-143
-143
-143
-144
-144
-135
-143
-135
-143
-143
-145
-126
-116
-142
-143
-126
-130
-144
-144
-145
-136
-143
-136
-143
-126
-142
-126
-126
-136
-116
-116
-116
-116
-143
-116
-142
-143
-142
-143
-143
-116
-116
-116
-116
-116
-106
-143
-143
-143
-115
-116
-143
-142
-142
-143
-143
-135
-135
-125
-143
-125
-146
-146
-115
-125
-126
-116
-115
-115
-143
-116
-116
-142
-142
-143
-116
-143
-126
-143
-142
-143
-116
-116
-116
-116
-116
-143
-143
-116
-142
-143
-135
-143
-111
-143
-142
-116
-126
-143
-143
-143
-111
-116
-143
-143
-143
-143
-143
-116
-116
-116
-135
-115
-143
-135
-142
-111
-143
-142
-135
-116
-135
-143
-143
-143
-146
-142
-143
-143
-143
-143
-116
-143
-143
-143
-116
-116
-125
-142
-126
-143
-143
-115
-142
-143
-143
-126
-116
-142
-143
-111
-143
-142
-143
-125
-142
-142
-121
-126
-143
-143
-146
-126
-111
-121
-142
-111
-125
-143
-143
-144
-143
-142
-111
-67
-109
-143
-143
-143
-136
-111
-147
-143
-143
-106
-126
-143
-115
-116
-74
-142
-136
-115
-115
-130
-142
-142
-143
-104
-126
-95
-104
-95
-104
-130
-126
-104
-95
-95
16
-106
-115
-115
-103
-115
-146
-115
-115
-115
-106
-97
-115
-79
-106
-94
-104
-103
-106
-95
-71
-103
-106
-81
-115
-144
-106
-116
-103
-104
-93
-100
-100
-106
-81
-106
-106
-106
-61
-81
-71
-66
-100
-78
-65
-106
-55
-106
-81
-62
-66
-100
-106
-62
-106
-67
-55
-67
-95
-66
-55
-55
-78
-67
-106
-55
-67
-106
-106
-66
-49
-99
-66
-106
-106
-55
-106
-55
-49
-106
-106
-106
-91
-106
-109
-101
-93
-101
-106
-106
-67
-66
-106
-106
-55
-106
-67
-106
-106
-78
-106
-106
-106
-106
-67
-100
-100
-106
-106
-106
-64
-99
-106
-106
-55
-55
-78
-116
-68
-66
-38
-55
-106
-55
-56
-22
-106
-66
-22
-100
-67
-132
-133
-44
-74
-22
-22
-113
-74
-74
-33
-33
-33
-34
-113
-113
-113
-113
-113
-113
-113
-34
-113
-113
-113
-88
-113
-112
-113
-113
-22
-106
-106
-106
-106
-55
-67
-95
-66
-106
-70
-54
-106
-116
-116
-55
-67
-8
-78
-55
-116
-106
-106
-55
-106
-106
-106
-109
-66
-106
-55
-67
-67
-106
-106
-106
-116
-55
-106
-67
-99
-106
-106
-55
-106
-106
-106
-55
-116
-106
-66
-8
-106
-54
-106
-106
-106
-106
-116
-106
-116
-116
-67
-106
-67
-114
-106
-116
-116
-116
-106
-45
-116
-106
-55
-8
-55
-55
-49
-106
-106
-106
-55
-55
-106
-116
-116
-115
-106
-67
-94
-106
-106
-106
-106
-55
-106
-106
-106
-106
-106
-55
-146
-44
-45
-106
-78
-8
-106
-106
-54
-8
-106
-8
-48
-55
-106
-106
-143
-144
-33
-97
-106
-106
-106
-106
-106
-144
-66
-55
-106
-106
-106
-116
-106
-116
-106
-116
-116
-116
-116
-106
-116
-116
-55
-54
-78
-54
-49
-99
-33
-55
-106
-54
-78
-106
-106
-106
-8
-106
-8
-106
-106
-100
-55
-116
-116
-106
-106
-106
-106
-106
-116
-116
-106
-116
-116
-116
-116
-116
-116
-106
-54
-54
-55
-54
-99
-106
-116
-116
-115
-106
-115
-116
-106
-106
-54
-106
-106
-106
-54
-43
-54
-116
-116
-115
-115
-116
-106
-116
-106
-106
-49
-106
-49
-49
-99
-106
-54
-106
-115
-116
-54
-55
-43
-78
-54
-116
-116
-116
-116
-106
-54
-43
-55
-115
-116
-116
-116
-116
-116
-116
-106
-106
-116
-116
-116
-116
-54
-99
-49
-55
-43
-116
-116
-43
-55
-78
-78
-78
-126
-78
-106
-78
-8
-8
-54
-116
-116
-116
-116
-54
-116
-116
-116
-115
-116
-54
-116
-116
-116
-116
-54
-116
-116
-116
-43
-116
-116
-116
-116
-116
-116
-116
-116
-99
-55
-116
-116
-116
-115
-115
-115
-115
-116
-116
-116
-116
-116
-116
-106
-116
-106
-106
-106
-8
-54
-78
-55
-116
-116
-54
-116
-116
-116
-43
-116
-116
-115
-115
-116
-116
-115
-106
-78
-55
-78
-106
-106
-95
-126
-116
-116
-116
-8
-8
-8
-8
-106
-8
-106
-116
-54
-116
-115
-116
-116
-116
-115
-115
-115
-116
-116
-116
-116
-116
-116
-106
-116
-116
-116
-106
-115
-115
-116
-106
-106
-106
-116
-54
-116
-116
-116
-116
-55
-106
-106
-8
-8
-54
-116
-116
-126
-54
-116
