-100
-79
-107
-89
-108
-74
-90
-64
-93
-88
-74
-103
-93
-72
-28
-112
-103
-85
-105
-132
-118
-114
-78
-93
-89
-61
-120
-112
-79
-109
-137
-59
-108
-142
-81
-39
-131
-71
-83
-111
-122
-91
-78
-84
-45
-29
-111
-121
-88
-117
-77
-143
-89
-35
-57
-66
-107
-77
-141
-131
-73
-80
-100
-105
-67
-111
-49
-92
-110
-100
-66
-67
-80
-88
-51
-102
-91
-56
-91
-138
-122
-116
-71
-77
-88
-141
-31
-51
-77
-103
-97
-72
-112
-133
-75
-123
-60
-22
-58
-101
-104
-75
-129
-54
-58
-59
-109
-33
-88
-17
-96
-89
-93
-105
-71
-105
-70
-112
-51
-119
-103
-55
-102
-114
-66
-113
-58
-5
-131
-123
-93
-82
-39
-104
-102
-83
-92
-141
-79
-110
-78
-84
-125
-130
-95
-36
-95
-115
-78
-114
-82
-38
-92
-142
-20
-103
-82
-130
-100
-141
-30
-63
-112
-145
-39
-35
-57
-115
-89
-47
-74
-31
9
-101
-27
-63
-115
-131
-102
-65
-108
-110
-71
-99
-115
-55
-19
-125
-110
-104
-72
-89
-76
-29
-27
-128
-35
-92
-84
-100
-91
-81
-84
-39
-103
-73
-104
-111
-90
-5
-60
-30
-95
-100
-103
-113
-116
-104
-42
15
-112
-131
-48
-114
-108
-112
-51
-144
-35
-79
-21
-108
-83
-60
-35
-88
-24
-73
-32
-132
-85
-44
-105
-49
-93
-50
-88
-36
-65
-79
-133
-118
-70
-77
-39
-54
-74
-50
-95
-111
-69
-52
-143
-142
-56
-109
-68
-66
-76
-143
-63
-34
-105
-100
-57
-47
-78
-73
-28
-75
-50
-115
-82
-88
-68
-81
-71
-113
-68
-96
-51
-72
-91
-72
-70
-49
-85
-82
-112
-143
-105
-104
-142
-63
-114
-143
-131
-130
-72
-144
-90
-24
-110
-105
-102
-86
-84
-64
-74
-74
-87
-77
-93
-59
-24
-52
-65
-40
-88
-135
-90
-51
-111
-85
-104
-98
-73
-81
-59
-88
-78
-99
-104
-109
-38
-29
-99
-70
-59
-126
-27
-21
-57
-88
-80
-85
-142
-47
-116
-83
-74
-58
-110
10
-18
-111
-16
-111
-67
-26
-122
-63
-60
-53
-99
-83
-94
-57
-64
-72
-20
-98
-100
-144
-68
4
-21
-105
-17
-64
-27
-62
-142
-87
-78
-74
-102
-110
-52
-82
-41
-112
-112
-50
-93
-101
-102
-38
-56
-78
-116
2
-115
-111
-61
-76
-131
-40
-67
-72
-38
-98
-132
-42
-92
-82
-100
-52
-46
-88
-72
-144
-72
-114
-83
-25
-92
-72
-7
-65
-64
-90
-92
-84
34
-60
-103
-16
-91
-41
-114
-93
-125
-125
-37
-112
-61
-120
-63
-78
-104
34
23
-77
-80
-35
-76
-26
-63
-37
-47
-92
-43
-100
-84
-108
-64
-3
-49
-34
-94
-92
-116
-30
-89
-31
-85
-61
-64
-78
-146
-47
-38
-81
-94
-82
-81
32
-41
-87
-112
-91
-62
-44
-65
45
0
-87
-46
-93
-39
-115
-55
-98
-68
-66
25
-112
-56
-31
-77
-112
-101
-48
-101
-77
-38
-88
-75
-84
-133
-80
-53
-130
-58
-60
-136
-56
-119
-63
-133
-59
-74
-82
-83
-57
-41
-73
-81
14
-18
-100
-46
-89
-34
-47
-59
-110
-112
-88
-89
-67
-60
-54
38
-115
-84
-78
-67
-120
-56
-82
-90
-10
-70
-101
-18
-19
-114
-57
-112
-104
-51
-135
-79
-20
-68
-52
-39
-83
11
-90
-58
-5
-40
-78
-99
-51
-65
-91
59
-78
-131
-116
-99
-52
-48
-129
-10
-112
-93
-93
-89
-67
13
-74
-74
-94
-98
-112
-34
-95
19
-67
-99
-115
-68
-43
-63
-62
-84
-71
-53
-76
-66
-20
-77
-123
-125
-55
-133
-72
-11
-90
-77
-55
-112
-65
-131
-105
-55
-39
-93
-63
-57
-135
-51
-90
-84
-67
-110
-23
-92
-105
-39
-46
-78
-105
-74
-66
-64
-7
-100
-64
-73
-132
-103
-100
-60
-98
-29
0
-70
-88
-77
-44
-73
-31
-108
-88
-54
23
-48
-113
-46
-139
-58
-74
-40
-27
-45
-83
-55
-56
-116
-67
-102
-33
-119
-26
-138
-95
-133
-72
-10
-105
-78
-123
-29
-88
-64
-68
-98
-17
-89
-81
-109
-109
-21
-66
3
-83
-10
-93
-45
-100
-29
-58
-37
-38
-131
-145
-49
-53
-72
-136
-88
-53
-99
-18
-99
-109
-74
-25
-77
-63
-89
-87
-72
-59
13
-75
-47
-105
-112
-75
-60
36
-73
-34
-21
-83
-112
35
-41
-99
-111
-84
-59
-74
-10
-47
-94
-34
-94
-47
-74
-83
31
-132
-65
-114
-11
-53
-141
1
-35
-67
-31
-39
-101
-77
-66
25
-29
-66
-53
-40
-125
-76
4
-82
-69
-39
-21
13
-56
-57
-112
12
-84
-56
-62
-39
-84
-68
-46
-115
-74
-81
-64
-6
-76
-115
-39
-84
-36
-25
-78
-77
-89
-91
49
-61
-30
-19
-85
-70
-85
-28
-36
-44
-78
2
-64
-17
-64
-133
-8
-77
-75
-105
-77
-6
-67
-107
-82
-77
-77
-114
-39
-45
-68
-79
-17
-131
-132
-21
-45
-108
20
-57
-99
-4
-28
-46
-121
-22
-112
1
-58
-76
-120
-120
-76
-85
-44
-72
-73
-102
-45
-121
-114
-9
-7
-74
-72
-71
-58
-113
-133
-38
160
-109
-136
-111
-122
6
-50
-102
-83
-115
12
-20
-35
-56
-27
-84
-101
-114
-121
-64
-9
-58
-74
-78
-76
-104
-41
-71
-87
-66
-37
-76
-58
-71
-112
-40
-49
-112
-68
-94
-65
-86
-23
-101
0
-52
29
-22
1
-83
-91
-73
-68
-65
-81
-47
-115
-48
-46
-114
-91
-66
-15
-66
-12
-27
-93
15
-72
-47
-46
-72
2
-83
-77
-67
-115
-61
0
-76
-64
-105
-54
-76
-77
-70
-74
-89
