-85
-92
-76
-52
-98
-126
-74
-74
-120
0
-88
-91
-149
-83
-95
-47
-112
-105
-111
-142
-89
-85
-88
-80
-12
-113
-53
-131
-85
-115
-58
-143
-69
-122
-134
-112
-91
-67
-111
-63
-122
-89
-100
-126
-94
-114
-60
-115
-53
-71
-78
-105
-89
-64
-110
-39
-57
-85
-81
-113
-67
-88
-94
-84
-93
-85
-85
-77
-78
-116
-120
-128
-109
-75
-115
-34
-96
-74
-64
-97
-44
-72
-61
-42
-101
-90
-100
-143
-113
-64
-111
-89
-111
-73
-47
-81
-141
-42
-48
-67
-105
-142
-112
-20
-136
-87
-62
-120
-51
-18
-101
-41
-50
-92
-92
-99
-54
-91
-132
-75
-70
-73
-59
-101
-38
-28
-85
-85
-115
-68
-46
-47
-71
-75
-88
-96
-47
-114
-88
-83
-36
-23
-67
-66
-84
-64
-112
-46
-19
-53
-40
-90
-101
-71
-81
-130
-52
-131
-90
-91
-71
-134
-112
14
-14
-94
-68
-65
-113
-74
-77
-82
-91
-46
-77
-75
-111
-75
-78
-119
-70
-87
-94
-71
-50
-106
-83
-75
-102
-39
-75
-63
-82
-119
-75
-114
-74
-60
-56
-82
-27
-31
-75
-25
-81
-47
-111
-8
-27
-101
-29
-117
-110
-36
-8
-104
-42
-47
-116
-77
-81
-70
-58
16
-63
-103
-84
-82
-132
-60
-75
-109
-41
-73
-58
-81
-5
-75
-25
-81
-70
-47
-79
-64
6
-141
-22
-111
-115
-75
-87
-74
-95
-21
-57
-53
-103
-89
-52
-34
-123
-8
-110
-25
-122
-66
-68
-47
-93
-44
-44
-55
-51
-78
-115
-46
-141
-73
4
-58
-62
-115
-68
-91
-90
12
-19
-62
-67
-86
-68
-65
-47
-16
-56
-100
-62
-100
-39
-108
-83
76
23
-63
-101
-34
-10
-18
-83
-20
-108
-138
-108
-132
-142
-67
-101
-121
-54
-112
-56
-87
-67
-56
-97
-92
-55
-38
-37
-109
-76
-82
-39
-58
-67
-90
-77
12
-37
-72
-115
-11
-89
-88
-73
-54
-29
-61
0
-132
-71
-89
-59
-54
-23
-75
-91
-66
-71
-57
-136
-51
1
-101
-50
-37
-121
-109
-89
-44
-95
-104
9
-107
-113
-100
-80
-90
-34
-57
-112
-114
-51
-57
-105
-68
-35
-77
-56
-20
-34
16
-91
-48
-2
-74
-135
-57
-127
-121
72
-90
-144
-26
-144
-120
-27
-49
15
-64
-27
-82
-44
-96
19
-141
-36
-100
-66
-28
-27
54
-133
-38
12
-24
28
-78
-116
-144
-49
71
-67
-92
-15
-91
-74
-27
-24
-40
-105
-145
-47
-90
-22
-113
-68
8
-78
33
-57
35
-66
-54
-105
-115
-5
-100
-37
-112
-25
-40
-121
-27
-55
-115
45
-67
-98
-51
-64
-89
-97
34
-19
-68
0
-26
-76
-53
-121
-85
18
-27
-69
10
-108
-77
11
-99
-67
-100
-54
13
-104
-26
-90
-37
-53
-44
-112
-113
-81
-89
-68
-70
-127
-120
-44
-14
-88
-28
-56
-60
-106
-20
-61
-112
-16
-32
-116
-130
-121
5
0
-78
-69
-56
-28
-57
-146
-102
-12
-110
-11
-78
-104
-110
3
-11
-46
-17
-27
-102
-1
-67
-105
-77
2
-39
25
3
-104
-46
-104
4
6
-64
-47
-93
-105
2
-104
-99
-75
-76
-36
-67
-123
12
-39
-77
-69
-24
-91
-116
-145
-17
-89
-64
-49
-102
-76
-14
-84
-58
-37
-84
-71
-73
-117
24
12
-47
-68
-70
-35
-115
-107
5
-88
-111
13
-90
-134
92
-90
-104
-22
-112
46
-64
-46
-58
13
-75
-24
-81
-83
-110
-93
5
-13
-12
-105
-76
-89
-94
-62
-81
22
-105
-5
-94
-66
-47
-24
-112
-36
-75
-117
-105
-64
-105
-68
-100
-76
-89
-1
-104
-105
-105
-114
-115
-61
-104
-78
47
-76
-105
-29
-88
-77
0
-10
-113
-95
36
-23
-115
-104
-123
-103
-40
-56
-104
-69
-105
-5
-37
-108
-105
-47
25
-64
3
-85
-95
3
-25
-94
-91
-35
-40
-47
-104
19
-30
-104
-116
-99
-94
-19
-61
-116
-41
-116
-104
24
-131
-111
-104
0
17
-85
-104
-69
-116
-93
-50
-72
-116
-90
-64
-82
-105
-11
-75
-78
-116
-22
14
-93
-111
16
-51
-75
-115
-6
-116
36
-19
-26
-105
-67
-61
-12
-105
-61
-83
-64
0
-99
-19
-76
-25
-79
-99
-71
-104
-60
109
-116
-104
-117
-104
24
-105
-115
9
-126
36
-105
-105
-104
-105
-116
18
-61
-105
-104
-94
-61
-30
-61
-106
-105
-117
-105
-94
-116
-72
-59
-94
-104
-114
-105
-55
-50
-116
-103
-77
-38
-104
-110
-105
-105
-78
-64
-146
-116
-116
-60
-94
-23
-61
-116
27
-104
-104
-116
-105
-61
-116
-64
-114
-116
-105
-116
-105
-93
-117
-46
-104
-113
-91
-116
-105
-56
-116
19
-51
-78
-53
-116
-106
-68
-105
-116
-104
-106
-116
-113
-104
-105
-116
3
-104
-39
-49
-104
-105
-105
-105
-104
-115
-115
-9
-104
-117
-104
-49
-104
-104
-104
-105
-104
-8
-105
46
-20
-116
-105
-105
-105
-49
-115
36
-117
-104
-116
-116
-116
-116
-90
-104
-116
-115
-105
-114
-105
-103
-104
-104
-105
-116
-116
-115
-116
-116
-116
-116
-90
-116
-135
-116
-70
-116
-115
-116
-104
-104
-103
-91
-112
-80
-104
-105
-116
-103
-49
-115
-116
-116
-116
-116
-116
-105
-105
-115
-116
-105
-125
-104
-116
-115
-116
-116
-102
-55
-104
-105
-116
-105
-116
-90
-103
-106
-116
-105
-104
-102
-102
-116
-91
-103
-104
-91
-105
-116
-105
-105
-116
-116
-90
-95
-103
-90
-102
-116
-116
-116
-116
-116
-116
-116
-116
-116
-116
-116
-116
-116
-115
-116
-104
-104
-82
-82
-72
-104
