-54
-50
-112
-125
-104
-51
-86
-74
-94
-58
-67
-115
-94
-67
-51
-132
-33
-133
-131
-123
-132
-28
-100
-117
-101
-114
-113
-113
-103
-112
-99
-83
-14
-71
-91
-59
-81
-44
-70
-85
-31
-108
-131
-91
-110
-53
-73
-52
-54
-87
-78
-27
-101
-26
-60
-110
-116
-84
-113
-120
-90
-53
-26
-75
-89
-74
-64
-76
-68
-78
-83
-8
-29
-102
-75
-101
-87
-75
-94
-64
-93
-50
-34
-103
-80
-85
-132
-58
-132
-88
-60
-107
-27
-36
-81
-19
-114
-113
-82
-30
-36
-62
-143
-64
-23
-67
-112
-76
-89
-74
-60
-115
-62
-13
-112
-85
-112
-99
-50
-42
-71
13
-53
-104
-83
-64
-143
-49
-90
-38
-66
-74
-38
-112
-82
-32
-60
-116
-101
-66
-57
10
-63
-144
-65
-132
-73
-68
-53
-111
-94
-119
-64
-142
-36
-100
-81
-16
-63
-85
-110
-100
-75
-69
-123
-31
-36
-74
-84
-88
-38
-85
-114
-57
-56
-83
-99
-35
-94
-24
-95
-18
-142
-110
-115
-84
-60
-71
-30
-32
-112
-60
-132
-110
-142
-73
-97
-36
-111
-104
-51
-82
-115
-58
-38
-47
-56
-111
-20
-63
-70
-84
-70
-79
-143
-53
-63
-120
-78
-85
-114
-65
-99
-73
-38
-85
-76
0
-57
-95
-113
-68
-46
-68
-98
-47
-72
-93
-75
-51
-95
13
-134
-74
-57
-15
-116
-67
-17
-38
-57
-46
56
-144
-67
-66
-64
-67
-47
-65
-145
-37
-104
-62
-126
-67
-51
-79
-58
-99
-62
-39
-144
-57
-125
-65
-95
-57
-51
-67
-90
-38
-75
12
-68
-48
-35
-75
-64
-59
-57
-83
-77
-41
-68
-40
-80
-75
-50
-68
-68
-54
-65
-65
-57
-26
-21
-33
-75
-41
-10
-102
-116
-58
-58
-76
-9
-142
-34
-39
-113
-114
-47
-104
-14
-75
-58
-38
-53
-125
-63
-74
-63
-3
-27
6
-24
-99
-64
-48
-81
-32
-45
-100
-47
-48
-104
-24
-28
-94
-28
-37
-64
-53
-47
3
-64
-75
-68
-65
-57
35
-88
-58
-107
-28
-111
-64
-29
-75
-75
-95
1
-136
-56
29
-67
-9
-94
-74
-76
-29
-65
-122
18
2
-64
-75
-58
-88
-10
-67
-64
-56
-114
-68
-143
14
-65
29
-99
-3
-103
-33
-77
-57
1
-115
-115
-48
2
-75
-68
-33
-68
-104
-54
-22
-75
-82
-58
-58
-85
5
-15
-64
-76
-22
-68
-68
-65
-75
-65
-75
-64
-65
-25
-110
-57
3
-75
-68
-109
-74
-47
-11
-64
-30
3
-75
-75
-46
-114
-111
-65
-75
-8
-8
-9
-40
-8
-104
-104
-115
-9
-57
-22
-52
-64
-28
-64
-39
-21
-115
-8
-115
-22
25
-38
-75
3
-67
13
-75
5
-45
2
-91
-115
9
-56
-8
-145
-104
-64
-8
-31
-115
-115
13
-75
-64
-115
-75
-22
3
-75
-36
-8
-64
-84
-104
-21
-64
-64
-115
-115
-96
-116
-75
-115
-75
-105
-105
-115
-115
-53
-95
-115
-115
-8
-116
-111
-84
-9
36
-139
-104
-111
-101
-111
-8
-116
-115
-75
-8
-8
-40
-87
-116
-131
-100
-104
-111
-111
-111
-116
-111
-104
-116
-121
-116
-111
-101
-66
-111
-111
-111
-111
-111
-111
-111
-111
-111
-111
-111
-116
-116
-111
-111
-116
-111
-116
-116
-116
-116
-116
-116
-111
-111
-111
-116
-111
-111
-105
-111
-111
-111
-116
-116
-116
-111
-111
-111
-116
-134
-116
-116
-116
-116
-116
-116
-116
-116
-100
-78
-96
-85
-89
-86
-135
-111
-100
-84
-89
-77
-116
-116
-116
-116
-131
-89
-78
-96
-82
-113
-78
-78
-78
-78
-78
-78
-78
-78
-99
-116
-116
-78
-78
-139
-114
-78
-78
-131
-77
-96
-96
-78
-78
-110
-109
-109
-78
-78
-110
-78
-100
-89
-78
-78
-78
-78
-78
-78
-113
-78
-110
-78
-109
-78
-78
-78
-109
-78
-112
-82
-82
-131
-82
-78
-78
-78
-110
-78
-78
-78
-94
-89
-116
-116
-94
-116
-100
-85
-120
-111
-116
-131
-123
-77
-96
-99
-78
-78
-78
-88
-88
-88
-98
-78
-78
-112
-82
-82
-131
-109
-109
-88
-109
-103
-109
-109
-88
-78
-131
-105
-78
-68
-116
-105
-117
-117
-94
-116
-83
-78
-98
-87
-98
-98
-109
-96
-109
-109
-88
-78
-88
-78
-78
-110
-88
-78
-83
-78
-78
-78
-88
-78
-109
-110
-98
-98
-88
-78
-78
-109
-109
-109
-109
-109
-109
-109
-110
-113
-113
-78
-78
-78
-131
-113
-113
-113
-113
-113
-109
-110
-96
-108
-108
-108
-96
-108
-108
-108
-96
-110
-109
-109
-109
-110
-108
-108
-110
-109
-109
-109
-109
-98
-113
-112
-113
-110
-108
-108
-108
-108
-108
-108
-108
-60
-60
-96
-96
-108
-108
-108
-108
-108
-108
-113
-113
-109
-109
-108
-96
-108
-108
-60
-96
-107
-108
-108
-108
-110
-108
-96
-78
-83
-83
-107
-77
-83
-110
-110
-108
-108
-108
-108
-108
-108
-108
-108
-108
-108
-108
-108
-108
-79
-114
-114
-115
-116
-113
-105
-108
-108
-86
-81
-86
-83
-131
-72
-86
-80
-114
-77
-108
-108
-108
-108
-108
-108
-110
-87
-39
-108
-108
-108
-96
-59
-108
-87
-108
-20
-9
-96
-108
-108
-108
-9
-67
-97
-97
-113
-78
-9
-116
-116
-116
-110
-70
-116
-68
-115
-116
-116
-116
-9
-73
-9
-108
-9
-7
-99
-9
-108
-108
-116
-79
-77
-50
-108
-108
-108
-108
-108
-108
-108
-120
-96
-108
-108
-108
-108
-108
-108
-108
-108
-108
-108
-108
-108
-108
-108
-108
-108
-108
-108
-108
-113
-113
-113
-116
-115
-104
-70
-79
-116
-116
-116
-116
-116
-116
-116
-7
-104
-108
-20
-96
-108
