-100
-132
-56
-111
-147
-37
-83
-52
-56
-105
-130
-58
-78
-85
-69
-102
-50
-131
-103
-41
-50
-60
-76
-35
-65
-104
-19
-41
-89
-40
-105
-76
-22
-56
-53
-68
-59
-57
-138
-95
-52
-55
-134
-143
-70
-61
-44
-46
-112
-142
-104
-53
-144
-71
-110
-62
-112
-120
-60
-117
-26
-7
-75
-16
-105
-28
-42
-113
-114
-49
-116
-95
-110
12
-75
-96
-61
29
-141
47
-9
25
-111
-144
12
-142
-68
-8
-19
-95
-143
-39
-116
-45
-104
-131
-111
-123
-143
-143
-143
-144
-58
-142
-143
-143
-143
-143
-132
-143
-143
-143
-143
-143
-116
-143
-143
-142
-143
-143
-143
-143
-143
-143
-143
-111
-111
-142
-111
-116
-116
-111
-121
-116
-144
-143
-146
-142
-143
-142
-143
-143
-143
-111
-142
-142
-143
-143
-143
-143
-143
-143
-142
-143
-142
-143
-144
-143
-143
-143
-144
-143
-143
-143
-143
-126
-111
-142
-143
-143
-142
-143
-143
-142
-38
-38
-121
-111
12
-142
-142
-143
-111
-120
-141
-141
-142
-110
-129
-142
-142
-142
-111
-142
-143
-143
-144
-145
-144
-143
-132
-143
-145
-145
-143
-143
-143
-143
-143
-111
-143
-143
-142
-146
-126
-143
-143
-111
-142
-142
-141
-142
-145
-110
-142
-144
-136
-112
-143
-142
-143
-144
-143
-149
-143
-126
-143
-125
-142
-142
-142
-111
-142
-143
-143
-144
-143
-142
-142
-143
-143
-136
-144
-144
-143
-143
-143
-143
-143
-142
-145
-136
-143
-131
-130
-143
-142
-143
-136
-142
-142
-136
-143
-130
-130
-130
-120
-136
-143
-115
-142
-143
-143
-111
-142
-111
-142
-143
-111
-93
-143
-142
-143
-144
-143
-143
-142
-142
-144
-144
-111
-110
-144
-145
-100
-110
-144
-145
-142
-141
-142
-142
-142
-141
-142
-142
-142
-143
-143
-130
-142
-145
-130
-144
-143
-144
-145
-126
-142
-131
-145
-130
-145
-143
-145
-145
-130
-120
-145
-130
-134
-132
-143
-143
-132
-130
-144
-144
-143
-144
-111
-111
-145
-144
-130
-145
-144
-144
-145
-145
-120
-105
-134
-111
-134
-116
-116
-116
-116
-59
-116
-116
-145
-143
-142
-141
-141
-144
-135
-89
-87
-115
-98
-89
-114
-114
-126
-122
-143
-120
-91
-72
-116
-103
-142
-143
-143
-143
-142
-143
-115
-99
-91
-123
-115
-55
-114
-121
-99
-18
-89
-126
-114
-59
-29
-142
-115
-143
-89
-55
-32
-7
-79
-82
-126
-72
-59
-142
-79
-86
-32
-66
-126
-67
-47
-37
-135
-55
-77
-133
-91
-55
-67
-115
-116
-7
-43
-104
-90
-79
-79
-91
-43
-67
-54
-44
-79
-116
-115
-116
-91
-18
-93
-54
-82
-108
-116
-55
-67
-54
-55
-55
-55
-51
-55
-54
-7
-115
-99
-67
-67
-116
-116
-116
-82
-82
-82
-82
-54
-93
-82
-104
-143
-82
-55
-91
-7
-104
-91
-91
-55
-104
-115
-55
-91
-116
-116
-116
-18
-115
-116
-106
-82
-82
-55
-55
-54
-143
-143
-108
-116
-115
-116
-79
-54
-126
-66
-135
-66
-122
-55
-101
-115
-54
-55
-54
-55
-144
-143
-144
-54
-31
-115
-146
-55
-95
-63
-106
-143
-113
-106
-107
-55
-115
-115
-116
-116
-116
-111
-55
-100
-116
-116
-55
-106
-120
-106
-106
-126
-106
-91
-55
-95
-55
-62
-143
-106
-143
-62
-106
-103
-73
-116
-116
-55
-106
-106
-67
-67
-55
-133
-55
-143
-106
-55
-106
-126
-106
-66
-67
-106
-67
-55
-55
-55
-126
-116
-58
-122
-67
-146
-146
-143
-142
-82
-95
-62
-46
-121
-57
-106
-100
-99
-144
-106
-55
-106
-106
-84
-64
-83
-54
-86
-131
-54
-107
-83
-62
-97
-81
-54
-60
-84
-85
-30
-108
-108
-107
-108
-112
-112
-112
-113
-113
-82
-60
-64
-112
-60
-108
-92
-60
-40
-108
-112
-82
-112
-108
-82
-82
-82
-82
-131
-82
-113
-96
-96
-107
-107
-64
-58
-77
-40
-78
-107
-73
-110
-77
-78
-97
-88
13
-67
-66
-87
-116
-74
-97
-107
-60
-108
-108
-30
-62
-60
-108
-64
-97
-78
-64
-107
-64
-60
-32
-86
-74
-47
-74
-97
-107
-72
-32
-96
-108
-64
-107
-95
-96
-108
-108
-82
-113
-96
-108
-96
-107
-107
-60
-108
-107
-96
-54
-107
-64
-32
-108
-108
-107
-107
-108
-112
-112
-96
-107
-110
-64
-108
-108
-108
-107
-108
-107
-96
-96
-82
-82
-112
-113
-108
-108
-108
-108
-54
-107
-107
-107
-108
-108
-108
-108
-108
-60
-108
-108
-108
-112
-113
-113
-112
9
-108
-108
-108
-108
-62
-108
-108
-108
-108
-107
-108
-108
-108
-108
-108
-108
-108
-108
-112
-112
-82
-112
-113
-108
-108
-82
-112
-112
-102
-107
-108
-108
-113
-82
-82
-108
-108
-108
-32
-108
-113
-96
-108
-108
-56
-108
-35
-43
-108
-106
-108
-108
-108
-108
-108
-108
-112
-108
-108
-108
-108
-108
-108
-113
-112
-113
-107
-108
-108
-108
-108
-108
-108
-96
-32
-108
-108
-108
-108
-108
-108
-108
-108
-108
-108
-113
-113
-112
-108
-108
-108
-60
-108
-96
-108
-96
-113
-108
-108
-113
-108
-108
-108
-108
-108
-108
-98
-113
-108
-108
-108
-108
-108
-32
-108
-18
-108
-108
-108
-108
-108
-32
1
-108
-108
-108
-108
-108
-108
-108
-108
-43
-61
-43
-104
-43
-114
-10
-40
-108
17
-108
-108
-108
-108
-108
-108
-108
-71
-100
-43
-107
-108
-108
-108
-93
-94
-67
-46
-73
-58
-107
-43
-83
-43
-83
-32
-108
-94
-83
-84
-60
-120
-108
-108
-113
-108
-112
-108
-43
-51
-43
-43
-60
-107
-43
-43
-32
-43
-51
-51
-77
-89
-115
-51
-51
-43
-43
-55
-43
-84
-55
-51
-54
-77
-43
-43
-43
-43
-43
