-121
-115
-90
-66
-101
-97
-108
-93
-80
-82
-102
-88
-81
-74
-91
-30
-69
-18
-78
-34
-68
-65
-75
-64
-71
-131
-6
-46
-49
-37
-48
-49
-58
-50
-47
-32
-50
-85
-73
-68
-32
-49
-48
-132
-57
30
-111
41
-61
-58
-116
-101
-75
-99
-75
-116
-142
-104
-107
-48
-143
-142
-143
-142
-143
-143
-143
-81
-146
-142
-142
-126
-130
-142
-143
-143
-144
-143
-144
-119
-121
-106
-106
-143
-106
-71
-117
-143
-143
-142
-143
-142
-144
-132
-143
-143
-143
-142
-143
-143
-144
-143
-119
-78
-50
-92
-141
-99
-142
-126
-87
-82
-141
-143
-143
-142
-143
-143
-143
-142
-111
-144
-146
-142
-143
-143
-126
-106
-111
-107
-144
-143
-143
-143
-143
-143
-143
-143
-144
-143
-143
-145
-143
-107
-116
-141
-142
-116
-103
-107
-143
-76
-143
-143
-143
-143
-143
-146
-143
-143
-143
-143
-143
-143
-143
-143
-143
-144
-143
-142
-142
-120
-141
-141
-141
-141
-135
-143
-143
-143
-143
-125
-143
-68
-143
-143
-143
-143
-106
-143
-143
-143
-143
-142
-142
-135
-142
-143
-135
-150
-48
-135
-136
-143
-143
-116
-143
-143
-143
-143
-143
-81
-143
-135
-145
-143
-130
-143
-145
-145
-146
-143
-145
-135
-126
-135
-143
-143
-66
-116
-135
-135
-143
-116
-135
-146
-116
-143
-143
-143
-126
-135
-146
-125
-145
-143
-144
-145
-125
-135
-146
-116
-116
-135
-145
-145
-136
-142
-142
-143
-135
-111
-143
-143
-144
-144
-132
-145
-143
-126
-143
-143
-116
-126
-116
-116
-116
-146
-143
-143
-143
-143
-146
-126
-116
-136
-126
-116
-116
-143
-116
-143
-142
-126
-143
-143
-143
-143
-143
-143
-143
-143
-143
-116
-116
-146
-115
-116
-135
-135
-143
-143
-125
-143
-143
-135
-143
-143
-143
-143
-143
-143
-143
-143
-141
-141
-141
-141
-141
-145
-147
-143
-143
-125
-145
-143
-143
-143
-143
-143
-143
-144
-144
-144
-143
-143
-144
-143
-141
-141
-144
-143
-143
-149
-130
-145
-130
-144
-144
-145
-145
-143
-143
-143
-116
-143
-126
-143
-142
-143
-143
-143
-143
-143
-136
-143
-143
-130
-143
-111
-144
-145
-143
-143
-142
-142
-143
-126
-142
-142
-142
-143
-136
-149
-140
-145
-145
-142
-147
-144
-144
-143
-144
-145
-143
-136
-143
-143
-143
-143
-143
-142
-142
-130
-143
-134
-111
-135
-143
-143
-143
-143
-143
-143
-143
-143
-143
-134
-144
-145
-144
-134
-143
-142
-110
-143
-143
-142
-142
-142
-144
-144
-134
-143
-143
-134
-145
-111
-143
-124
-143
-125
-149
-142
-144
-135
-143
-144
-144
-142
-141
-142
-142
-142
-142
-143
-142
-143
-145
-143
-143
-142
-116
-125
-126
-143
-143
-145
-143
-143
-143
-143
-142
-143
-143
-143
-142
-143
-143
-143
-143
-143
-143
-144
-145
-143
-145
-143
-143
-134
-142
-69
-123
-142
-144
-145
-126
-129
-129
-149
-116
-146
-68
-67
-130
-143
-121
-121
-107
-102
-103
-78
-130
-67
-55
-107
-95
-146
-143
-143
-146
-143
-142
-131
-142
-131
-132
-146
-102
-78
-78
-95
-146
-146
-146
-55
-146
-126
-146
-126
-55
-146
-106
-95
-55
-106
-100
-100
-49
-100
-100
-106
-55
-95
-126
-55
-67
-67
-55
-67
-49
-66
-67
-66
-66
-55
-106
-55
-66
-100
-106
-66
-55
-100
-106
-106
-55
-55
-55
-78
-55
-55
-55
-55
-55
-100
-55
-106
-106
-106
-55
-66
-67
-55
-106
-55
-49
-106
-106
-58
-55
-106
-106
-96
-55
-55
-43
-106
-55
-76
-95
-55
-106
-106
-116
-67
-43
-67
-43
-58
-71
-69
-54
-116
-49
-55
-106
-65
-68
-116
-116
-116
-116
-55
-50
-68
-59
-116
-116
-66
-67
-116
-116
-116
-116
-116
-47
-116
-116
-116
-116
-116
-116
-65
-106
-59
-116
-116
-116
-116
-116
-72
-55
-116
-116
-116
-116
-116
-116
-116
-116
-116
-54
-106
-8
-55
-66
-55
-55
-67
-67
-116
-115
-116
-55
-116
-54
-55
-116
-116
-116
-116
-116
-116
-55
-8
-116
-116
-115
-116
-116
-115
-116
-116
-116
-55
-55
-55
-55
-116
-116
-54
-55
-55
-106
-55
-55
-66
-66
-116
-116
-106
-106
-126
-106
-66
-106
-55
-54
-58
-106
-94
-55
-55
-106
-106
-66
-54
-55
-106
-91
-66
-99
-55
-106
-106
-106
-55
-55
-126
-106
-66
-84
-106
-84
-115
-93
-113
-73
-98
-33
-22
-68
-52
-106
-74
-113
-74
-58
-74
-88
-113
-113
-113
-113
-74
-111
-52
-113
-113
-113
-113
-113
-113
-113
-113
-113
-113
-110
-44
-106
-106
-55
-106
-95
12
-40
-55
-106
-116
-106
-106
-106
-116
-116
-116
-106
-54
-106
-55
-106
-106
-54
-55
-99
-106
-115
-55
-126
-80
-93
-84
-55
-55
-55
-67
-55
-116
-116
-115
-55
-116
-116
-106
-105
-106
-116
-106
-115
-116
-115
-115
-116
-116
-116
-54
-55
-106
-116
-55
-116
-84
-54
-99
-55
-73
-95
-113
-113
-113
-113
-113
-113
-113
-106
-106
-106
-106
-116
-116
-115
-116
-115
-115
-43
-115
-116
-106
-116
-116
-116
-115
-116
-8
-55
-78
-78
-78
-57
-55
-126
-43
-116
-106
-106
-43
-116
-55
-116
-116
-116
-116
-106
-43
-78
-43
-106
-116
-116
-115
-106
-116
-116
-116
-116
-116
-116
-116
-54
-91
-54
-106
-106
-43
-106
-106
-116
-106
-115
-19
-115
-115
-115
-116
-116
-43
-116
-115
-116
-95
-116
-116
-43
-54
-55
-78
-8
-78
-54
-8
-54
-43
-43
-116
-106
-43
-116
-116
-8
-106
-43
-116
-116
-43
-54
-106
-19
-20
-115
-115
-116
-116
-116
-106
-116
-106
-126
-78
-126
-126
-32
-32
-106
-116
-8
-43
-116
-115
-116
-116
