-95
-112
-111
34
-65
-95
-142
-108
-112
-26
-79
-92
-96
-22
-142
-67
-130
-100
-91
-114
-130
-46
-110
-91
-101
-120
-45
-49
-56
-49
-105
-87
-109
-111
-94
-33
-60
-111
-105
-55
-71
-48
33
-73
-66
-114
-99
-102
-91
-48
-112
-36
-77
-65
-34
-37
-84
-121
-29
-77
-49
-45
-105
-91
-104
-65
-101
-63
-116
-63
-34
-79
-7
-47
-116
-68
-26
-55
-121
-29
-58
-73
-131
9
-83
-124
-72
-46
-90
-142
-66
-52
4
-110
-46
-85
-32
-46
-56
-55
-56
-87
-109
-47
-100
-24
-73
-99
-38
-143
-39
-103
-84
-116
-38
-141
-43
-53
-43
-81
-69
-57
-78
-95
-40
-53
-111
-73
-54
-75
-70
-76
-29
-60
-132
-113
-104
-53
-111
-142
-107
-94
10
-79
-7
-99
2
-142
-21
-72
-131
-73
-30
-45
-33
-124
-38
-65
2
-95
41
-94
-91
-103
14
-85
20
-69
-49
-69
-26
-73
35
-75
-84
-8
-105
-66
-94
-112
12
24
-42
23
-102
-65
-104
-65
28
-77
-71
-57
-27
-117
-66
-144
-59
-58
-20
-54
-142
-75
-95
-88
-40
-21
-50
-109
-44
-78
-100
-58
-99
-141
-57
-36
-51
-101
-94
-24
10
-108
46
-95
-53
-121
-52
36
-75
-85
-28
-70
-44
-7
-39
-84
13
-48
9
-104
-115
-36
-131
36
-116
31
-81
-57
49
-60
-10
-8
-115
-142
-147
-99
-89
12
-64
-116
-8
-143
-63
-57
-113
-116
-120
-110
-143
-48
-68
-68
-70
-83
-82
-51
36
-116
-104
36
-58
-49
-142
-57
-111
-68
30
-90
-111
12
-143
-115
-68
-144
-144
35
-143
-68
-142
-143
-134
-142
34
-133
-119
-116
-116
-114
12
-81
-116
-116
-105
-105
-116
-105
-117
-111
-111
36
-76
-111
-116
-104
-116
-116
-116
-116
-111
-111
-104
-116
-106
-111
-135
-116
-111
-116
-143
-111
-116
-116
-83
-142
-142
-83
-143
-141
-111
-111
-105
-116
-124
-116
-116
-116
-116
-113
-111
-114
-95
-95
-116
-95
-95
-115
-95
-95
-114
-111
-111
-111
-110
-143
-111
-111
-110
-89
-111
-115
-115
-115
-111
-95
-116
-111
-111
-116
-116
-113
-113
-115
-115
-95
-116
-116
-105
-116
-116
-126
-116
-116
-116
-95
-116
-116
-95
-116
-116
-116
-121
-95
-116
-95
-95
-115
-95
-115
-114
-95
-104
-114
-115
-95
-95
-95
-115
-115
-116
-95
-95
-95
-116
-116
-116
-95
-115
-114
-104
-91
-115
-115
-114
-146
-104
-104
-90
-102
-115
-104
-89
-116
-116
-116
-116
-115
-115
-115
-91
-79
-104
-116
-116
-113
-116
-104
-68
-67
-55
-55
-55
-55
-143
-55
-106
-66
-78
-90
-116
-115
-91
-116
-78
-79
-79
-67
-67
-79
-78
-67
-66
-55
-55
-115
-66
-67
-67
-55
-66
-67
-78
-78
-90
-102
-91
-90
-91
-103
-90
-79
-90
-91
-106
-146
-67
-79
-67
-91
-91
-91
-113
-102
-104
-103
-103
-91
-103
-103
-103
-91
-103
-104
-103
-91
-90
-79
-81
-67
-90
-79
-79
-79
-78
-91
-102
-102
-102
-103
-103
-103
-103
-104
-104
-115
-103
-79
-78
-90
-78
-79
-90
-91
-103
-104
-91
-102
-102
-104
-103
-106
-104
-104
-95
-95
-113
-91
-116
-117
-117
-113
-119
-113
-89
-113
-104
-95
-114
-113
-119
-113
-114
-115
-104
-113
-79
-43
-67
-25
-91
-117
-116
-67
-91
-117
-104
-79
-79
-90
-115
-115
-115
-116
-116
-115
-91
-91
-67
-55
-55
-55
-55
-55
-55
-55
-55
-66
-79
-78
-79
-78
-79
-79
-90
-67
-67
-90
-119
-117
-91
-91
-104
-79
-67
-88
-67
-55
-92
-93
-103
-68
-55
-67
-104
-91
-91
-91
-67
-91
-91
-55
-91
-55
-55
-55
-55
-146
-55
-55
-43
-43
-115
-55
-55
-55
-55
-55
-67
-55
-55
-55
-66
-55
-55
-55
-55
-55
-55
-55
-62
-55
-55
-55
-55
-55
-55
-55
-55
-55
-55
-55
-54
-67
-80
-56
-106
-143
-126
-73
-91
-55
-55
-55
-55
-55
-91
-91
-55
-55
-55
-55
-55
-55
-55
-55
-55
-55
-69
-126
-66
-146
-144
-54
-91
-108
-108
-108
-113
-82
-113
-113
-113
-108
-113
-108
-108
-95
-93
-117
-112
-113
-113
-113
-113
-73
-82
-82
-82
-113
-108
-113
-108
-79
-41
-91
-59
-67
-55
-72
-69
-91
-58
-55
-57
-116
-90
-67
-55
-116
-58
-116
-55
-126
-126
-35
-49
-43
-58
-51
-126
-67
-63
-70
-116
-116
-116
-57
-116
-70
-56
-91
-43
-58
-55
-56
-67
-126
-55
-59
-67
-64
-126
-81
-72
-61
-67
-55
-48
-91
-59
-90
-90
-63
-55
-126
-126
-126
-95
-82
-73
-55
-59
-55
-67
-64
-126
-104
-59
-77
-116
-113
-108
-67
-91
-64
-126
-90
-67
-55
-55
-55
20
-67
-85
-90
-67
-54
-55
3
-67
-79
-85
-3
-11
-11
-54
-75
-126
-126
-43
-54
-43
-126
-55
-54
-54
-105
-55
136
-55
-24
-54
-55
-54
-100
-116
-116
101
-67
-54
-106
-43
-126
-126
-146
-82
-55
-126
-55
-127
-55
-54
-127
-90
-104
-43
-126
-85
-55
-42
-67
-38
-115
-82
-96
-82
-128
-113
-108
-108
-77
-108
-55
-66
-43
-126
-43
-49
-116
-55
-38
-75
125
-115
-115
-115
-116
-115
-73
-54
-43
-43
-71
-54
-73
-82
-69
-62
-43
-43
-126
-43
-72
-43
-43
-43
-82
-82
-116
-115
-115
-115
-55
-115
-116
-116
-116
-116
-116
-43
-43
-124
-82
-54
-43
-55
-66
-43
-73
-43
-55
-43
-69
-51
-43
-115
-43
-42
-116
-51
-73
-116
-115
-115
-66
-116
-116
-116
-116
-115
-116
