-94
-131
-109
-116
-90
-44
-97
-64
-61
-125
-55
-20
23
-29
-77
-67
-78
-83
-48
-102
-84
-115
-111
-121
-63
-115
-38
-74
-69
-75
-120
-48
-100
-37
-58
-58
-74
-53
-91
-64
-87
-90
-57
-62
-42
-104
-114
-84
-65
-73
-65
-83
-84
-99
-53
-64
-142
-74
-88
-66
-121
-47
-102
-56
-137
-27
-115
-69
-95
-68
-111
-113
-24
-112
-44
-52
-37
-62
-114
-144
-133
-63
-19
-52
-95
-115
-146
-91
-15
-112
-75
-67
-142
-63
-142
-73
-85
-105
-30
-115
-28
-83
-45
-85
-115
-24
-75
-33
-57
-112
-112
-58
-68
-62
-82
-27
-67
-73
-60
-70
-58
-57
-47
-140
-116
-40
-81
-115
-81
-73
-101
-69
-57
-102
-92
-35
-142
-81
-88
-60
-51
-37
-61
-81
18
-46
-21
-46
-84
-99
-73
-110
40
-61
-68
-71
-99
-68
-58
-35
-58
-33
-75
-66
-64
-77
-142
-21
-22
-11
-121
-17
-68
-116
-81
-75
-141
-50
-8
-88
-68
-50
-78
-68
-116
-60
-80
-60
-105
-89
-93
-50
-116
14
-83
-126
-46
-123
-143
-19
-57
13
-99
-19
-19
-120
-116
-70
-88
-57
-116
-117
-8
-51
-40
-131
-116
-34
-101
-70
-61
-143
-143
-143
-40
-77
-116
-142
24
-75
-142
-135
-116
-147
-78
-116
-143
-110
-100
-116
-32
-142
-32
-143
-143
-93
-143
-142
-116
-21
-132
-116
-143
-142
-144
-143
-143
-106
-141
-101
-146
-116
-143
-142
-143
-111
-116
-116
-143
-143
-143
-143
-142
-48
-142
-111
-68
-142
-143
-143
-116
-116
-143
-144
-116
-116
-143
-143
-143
-143
-143
-143
-143
-136
-143
-142
-143
-143
-144
-142
-145
-143
-136
-129
-116
-143
-116
-116
-142
-143
-143
-142
-143
-143
-136
-143
-125
-130
-143
-143
-144
-143
-144
-116
-136
-145
-143
-143
-143
-111
-143
-143
-143
-116
-116
-143
-116
-143
-142
-142
-142
-143
-116
-116
-143
-143
-143
-116
-126
-136
-126
-142
-136
-145
-143
-142
-143
-143
-146
-143
-143
-144
-144
-143
-136
-143
-116
-143
-136
-143
-126
-140
-143
-143
-129
-140
-116
-143
-143
-143
-116
-143
-142
-142
-144
-144
-145
-129
-143
-129
-145
-144
-136
-126
-116
-143
-143
-116
-143
-143
-143
-143
-143
-143
-143
-143
-143
-136
-140
-136
-143
-136
-145
-143
-143
-144
-126
-136
-136
-116
-116
-125
-116
-116
-143
-143
-143
-143
-143
-143
-143
-116
-116
-143
-143
-116
-116
-143
-143
-143
-143
-146
-143
-126
-126
-143
-142
-143
-144
-143
-143
-144
-143
-143
-143
-136
-143
-143
-143
-143
-143
-143
-143
-116
-143
-143
-143
-143
-143
-116
-143
-116
-143
-116
-116
-143
-143
-116
-116
-143
-116
-116
-116
-116
-143
-144
-143
-116
-116
-143
-116
-142
-143
-143
-143
-143
-142
-143
-143
-143
-143
-116
-116
-116
-116
-116
-143
-142
-143
-116
-8
-116
-143
-116
-111
-116
-142
-143
-143
-116
-142
-116
-142
-116
-116
-143
-143
-143
-142
-74
-143
-74
-143
-116
-143
-143
-143
-142
-111
-142
-142
-143
-116
-143
-116
-116
-142
-116
-143
-143
-116
-116
-143
-116
-143
-143
-142
-143
-143
-143
-143
-50
-143
-143
-143
-143
-116
-116
-143
-74
-143
-116
-82
-83
-82
-82
-82
-82
-82
-82
-82
-82
-82
-112
-82
-82
-82
-82
-82
-82
-82
-82
-50
-82
-82
-82
-102
-143
-143
-143
-143
-143
-143
-143
-143
-143
-143
-143
-143
-143
-143
-143
-111
-143
-142
-143
-142
-143
-116
-143
-143
-143
-143
-143
-143
-143
-143
-143
-143
-143
-142
-140
-143
-143
-86
-53
-116
-143
-143
-143
-143
-143
-142
-143
-142
-143
-143
-143
-142
-143
-143
-143
-143
-143
-143
-143
-143
-143
-142
-143
-143
-142
-143
-116
-143
-81
-108
-126
-143
-108
-93
-108
-142
-81
-143
-143
-140
-81
-108
-96
-108
-116
-126
-143
-140
-143
-143
-143
-143
-143
-142
-143
-142
-41
-140
-108
-120
-77
-38
-19
-122
-108
-41
-143
-143
-142
-143
88
97
-143
-143
-31
-108
-108
-108
-108
-108
-108
-108
-108
-108
-120
-108
-108
-108
-108
-108
-108
-89
-120
-96
-143
-96
-143
-96
-122
-120
-108
-108
-108
-108
-120
-121
-121
-108
-108
-120
-108
-108
-108
-108
-108
-108
-108
-120
-140
-140
-140
-116
-80
-108
-32
-120
-121
-121
-108
-120
-120
-108
-108
-108
-120
-120
-108
-108
-108
-108
-108
-108
-103
-108
-120
-120
-70
-120
-100
-120
-108
-120
-108
-120
-32
-121
-120
-108
-108
-108
-120
-108
-121
-120
-120
-120
-108
-108
-103
-108
-108
-108
-103
-108
-103
-108
-108
-108
-108
-120
-120
-121
-108
-120
-96
-103
-103
-108
-96
-108
-79
-108
-108
-108
-113
-68
-108
-108
-108
-120
-120
-120
-108
-108
-96
-108
-85
-121
-108
-108
-108
-108
-108
-108
-103
-108
-103
-108
-108
-108
-60
-108
-108
-108
-108
-103
-30
-103
-108
-108
-108
-108
-121
-108
-108
-108
-108
-108
-108
-108
-108
-108
-103
-108
-97
-99
-99
-108
-96
-85
-108
-108
-108
-108
-108
-108
-108
-108
-108
-108
-108
-108
-108
-64
-119
-108
-108
-108
-108
-108
-96
-108
-108
-108
-108
-107
-108
-108
-108
-108
-85
-108
-108
-78
-108
-120
-108
-96
-108
-109
-117
4
-108
-120
-108
-120
-108
-120
-85
-108
-96
-108
-108
-108
-96
-108
-108
-108
-108
-108
-108
-108
-108
-106
-115
-116
-126
-88
-108
-108
-75
-108
-30
-108
-108
-108
-96
-108
-108
-108
-108
-108
-108
-108
-109
-117
-90
-115
-108
-108
-108
-108
-108
-108
-108
-108
-108
-108
-108
-108
-108
-108
-108
-108
-108
-108
-108
-108
-108
-108
-108
-108
-108
