-130.000000
-132.000000
-94.000000
-89.750000
-81.200000
-85.833333
-85.285714
-81.375000
-76.333333
-71.800000
-73.272727
-76.250000
-73.538462
-74.571429
-75.600000
-75.312500
-74.823529
-73.388889
-72.526316
-73.950000
-72.761905
-70.681818
-70.391304
-71.375000
-72.720000
-72.346154
-72.037037
-74.250000
-76.517241
-77.300000
-75.612903
-77.750000
-78.939394
-76.970588
-74.600000
-73.444444
-70.324324
-71.157895
-72.282051
-72.075000
-71.926829
-71.142857
-71.000000
-70.500000
-71.266667
-71.956522
-72.638298
-73.541667
-74.408163
-75.000000
-75.745098
-76.519231
-76.339623
-76.166667
-75.781818
-75.410714
-75.052632
-74.896552
-74.762712
-74.433333
-74.770492
-75.403226
-76.015873
-76.609375
-77.215385
-77.803030
-78.373134
-78.926471
-79.463768
-79.985714
-80.492958
-80.986111
-81.465753
-81.932432
-81.493333
-81.947368
-82.233766
-82.397436
-82.784810
-83.175000
-83.580247
-83.975610
-84.349398
-84.476190
-84.000000
-84.162791
-84.390805
-84.409091
-84.426966
-84.455556
-84.670330
-84.478261
-84.569892
-84.595745
-84.800000
-84.822917
-84.515464
-84.214286
-83.757576
-83.830000
-83.320000
-83.020000
-83.710000
-83.980000
-83.600000
-83.570000
-83.410000
-82.960000
-83.150000
-83.720000
-82.830000
-82.780000
-83.250000
-83.240000
-82.410000
-82.250000
-82.450000
-82.820000
-83.290000
-83.170000
-82.670000
-83.270000
-83.500000
-83.600000
-83.430000
-83.840000
-84.070000
-83.770000
-82.450000
-81.930000
-81.760000
-80.810000
-80.030000
-79.990000
-80.130000
-79.880000
-80.280000
-79.650000
-78.990000
-78.450000
-78.930000
-79.030000
-78.480000
-77.980000
-77.810000
-77.550000
-76.610000
-75.440000
-74.670000
-73.620000
-72.880000
-72.110000
-71.420000
-71.300000
-70.840000
-70.380000
-70.380000
-70.270000
-69.580000
-69.010000
-68.150000
-66.990000
-65.830000
-64.770000
-63.590000
-62.980000
-62.370000
-61.760000
-61.150000
-59.980000
-58.810000
-58.200000
-55.000000
-53.930000
-53.520000
-52.440000
-51.380000
-50.520000
-49.370000
-48.320000
-47.550000
-46.470000
-45.400000
-44.430000
-44.080000
-43.190000
-42.240000
-41.370000
-40.500000
-39.620000
-38.570000
-38.000000
-37.120000
-36.350000
-35.410000
-34.530000
-34.090000
-33.640000
-33.350000
-31.260000
-30.460000
-29.520000
-29.090000
-28.040000
-27.930000
-26.860000
-26.190000
-26.090000
-25.640000
-24.750000
-24.740000
-23.690000
-22.910000
-22.060000
-22.210000
-21.850000
-21.050000
-20.340000
-19.390000
-18.740000
-18.770000
-18.060000
-17.440000
-16.000000
-15.270000
-14.220000
-13.400000
-12.530000
-12.630000
-12.310000
-12.400000
-12.020000
-11.660000
-11.700000
-11.730000
-11.640000
-11.670000
-11.330000
-9.830000
-9.930000
-8.840000
-8.530000
-8.320000
-8.560000
-7.790000
-7.110000
-7.060000
-7.010000
-6.780000
-6.900000
-6.720000
-6.620000
-6.860000
-6.420000
-6.420000
-6.330000
-5.830000
-5.390000
-5.410000
-6.140000
-6.160000
-6.410000
-6.500000
-7.000000
-6.930000
-6.960000
-6.480000
-5.880000
-5.040000
-4.990000
-4.900000
-5.050000
-7.050000
-7.520000
-7.910000
-7.870000
-7.110000
-7.050000
-7.340000
-7.150000
-6.660000
-6.920000
-6.910000
-7.380000
-7.740000
-7.760000
-7.740000
-8.200000
-8.900000
-9.360000
-9.820000
-10.170000
-10.570000
-10.920000
-11.270000
-11.240000
-11.580000
-11.410000
-11.250000
-12.700000
-13.860000
-14.030000
-14.280000
-14.740000
-15.210000
-15.130000
-15.830000
-15.810000
-15.820000
-16.280000
-16.850000
-16.880000
-16.680000
-16.930000
-16.840000
-17.100000
-17.480000
-17.440000
-17.800000
-18.010000
-18.260000
-18.550000
-18.740000
-19.590000
-19.890000
-20.350000
-20.750000
-21.030000
-21.300000
-21.590000
-21.690000
-22.010000
-22.530000
-22.840000
-23.000000
-23.280000
-23.280000
-23.680000
-23.800000
-23.870000
-24.270000
-24.360000
-24.740000
-24.780000
-25.220000
-25.680000
-26.080000
-26.590000
-26.900000
-27.220000
-26.930000
-27.090000
-27.300000
-27.460000
-27.800000
-28.520000
-28.740000
-28.510000
-28.960000
-28.700000
-29.480000
-29.150000
-29.350000
-29.040000
-29.580000
-29.550000
-30.030000
-30.350000
-30.910000
-31.520000
-32.050000
-31.620000
-31.610000
-31.610000
-30.980000
-31.500000
-32.550000
-33.080000
-33.080000
-33.080000
-33.630000
-33.560000
-32.620000
-32.440000
-32.550000
-32.910000
-33.270000
-33.250000
-32.830000
-32.650000
-32.750000
-32.570000
-32.680000
-32.500000
-32.320000
-32.790000
-32.770000
-31.780000
-32.390000
-32.570000
-31.870000
-32.030000
-31.770000
-31.590000
-31.280000
-31.510000
-31.250000
-31.750000
-30.190000
-29.810000
-29.820000
-30.360000
-31.010000
-30.750000
-28.320000
-28.420000
-28.570000
-28.890000
-28.710000
-28.820000
-29.100000
-28.820000
-28.650000
-28.470000
-28.290000
-28.110000
-28.220000
-28.120000
-27.450000
-27.560000
-27.850000
-27.850000
-27.570000
-27.570000
-27.750000
-27.750000
-28.010000
-27.990000
-29.150000
-29.150000
-28.970000
-28.970000
-29.260000
-29.420000
-28.780000
-28.500000
-25.770000
-25.880000
-25.680000
-25.210000
-25.560000
-25.310000
-24.530000
-24.690000
-23.640000
-22.730000
-22.910000
-23.590000
-23.570000
-23.550000
-23.090000
-23.540000
-23.700000
-23.980000
-23.960000
-23.840000
-23.560000
-23.720000
-23.880000
-23.760000
-23.760000
-23.760000
-23.670000
-23.540000
-24.130000
-24.000000
-24.270000
-24.250000
-24.410000
-25.070000
-24.890000
-25.050000
-26.670000
-26.830000
-26.700000
-26.660000
-26.660000
-26.500000
-26.660000
-26.820000
-26.700000
-25.580000
-25.290000
-25.290000
-25.290000
-25.130000
-25.130000
-26.620000
-26.500000
-24.780000
-23.840000
-23.600000
-23.880000
-24.320000
-24.890000
-24.920000
-25.180000
-23.620000
-23.720000
-23.920000
-23.790000
-23.300000
-21.960000
-22.380000
-25.110000
-23.450000
-23.410000
-23.410000
-23.850000
-23.130000
-22.850000
-23.110000
-22.150000
-22.590000
-23.030000
-23.470000
-23.600000
-23.180000
-24.110000
-24.250000
-24.320000
-24.520000
-25.020000
-25.220000
-25.540000
-26.340000
-26.270000
-26.550000
-26.990000
-27.410000
-27.850000
-27.480000
-27.630000
-27.910000
-28.690000
-27.310000
-29.870000
-30.020000
-30.440000
-29.200000
-27.450000
-27.930000
-28.990000
-28.990000
-29.380000
-30.420000
-30.180000
-30.300000
-30.580000
-28.830000
-29.090000
-28.490000
-28.750000
-28.910000
-29.190000
-28.890000
-27.670000
-27.950000
-26.100000
-24.340000
-22.390000
-22.210000
-22.120000
-21.600000
-21.250000
-21.610000
-19.740000
-17.740000
-17.740000
-17.890000
-16.270000
-16.550000
-15.960000
-14.210000
-14.460000
-14.720000
-12.840000
-12.740000
-12.940000
-10.780000
-10.190000
-12.020000
-11.720000
-11.520000
-11.940000
-11.530000
-11.000000
-10.530000
-10.010000
-9.860000
-9.090000
-7.790000
-7.180000
-4.730000
-3.920000
-3.270000
-1.170000
-0.860000
-2.210000
-1.760000
-1.570000
-1.470000
-2.360000
-1.870000
-1.340000
-2.570000
-1.970000
-2.330000
-0.380000
1.010000
1.220000
1.740000
1.370000
1.870000
2.550000
3.260000
4.570000
5.090000
5.880000
7.730000
7.890000
8.450000
9.360000
9.880000
10.960000
12.170000
12.510000
13.310000
13.250000
13.970000
14.050000
13.850000
14.660000
15.410000
16.170000
15.010000
15.340000
16.080000
16.820000
15.620000
14.060000
14.670000
15.570000
15.950000
15.760000
16.810000
17.580000
18.150000
19.730000
19.270000
20.130000
19.920000
20.610000
21.400000
21.990000
22.150000
21.070000
21.810000
20.440000
19.240000
19.060000
19.200000
19.030000
19.070000
19.530000
20.250000
18.910000
18.880000
19.240000
21.400000
20.300000
21.130000
21.220000
19.830000
22.540000
23.470000
22.200000
22.340000
23.170000
21.640000
21.590000
22.580000
22.650000
24.180000
26.370000
26.370000
26.350000
26.390000
26.410000
24.880000
23.620000
23.400000
24.290000
22.550000
22.350000
23.270000
22.600000
21.230000
21.360000
22.590000
23.930000
24.070000
23.680000
25.060000
25.890000
26.040000
25.970000
26.710000
25.560000
24.070000
24.020000
24.080000
23.680000
23.990000
24.110000
24.010000
23.530000
23.030000
24.390000
23.170000
23.690000
23.840000
25.080000
25.400000
25.180000
25.070000
25.010000
25.140000
26.040000
26.160000
27.390000
28.300000
29.610000
29.700000
29.780000
28.910000
29.960000
32.300000
32.380000
33.720000
34.300000
34.680000
34.670000
34.680000
34.840000
34.740000
34.370000
33.820000
31.830000
30.380000
29.550000
28.730000
27.980000
27.150000
27.400000
27.310000
27.550000
26.770000
26.850000
28.220000
26.130000
26.210000
25.400000
25.460000
25.170000
24.340000
24.550000
22.210000
23.760000
21.560000
20.400000
19.530000
19.560000
18.880000
16.100000
14.710000
13.780000
15.130000
14.180000
12.830000
11.570000
10.410000
9.160000
6.950000
4.700000
4.590000
3.760000
2.930000
2.740000
1.700000
0.880000
-0.610000
-2.150000
-2.120000
-2.770000
-4.920000
-5.720000
-4.330000
-4.600000
-7.160000
-9.010000
-9.930000
-10.340000
-12.690000
-14.770000
-15.950000
-16.670000
-17.370000
-18.610000
-19.820000
-20.460000
-20.370000
-20.370000
-20.270000
-18.980000
-18.790000
-19.850000
-19.970000
-19.960000
-20.670000
-21.500000
-21.490000
-23.790000
-24.590000
-24.420000
-25.230000
-26.460000
-27.430000
-28.710000
-28.660000
-30.010000
-30.920000
-30.900000
-30.930000
-31.120000
-30.090000
-31.100000
-33.560000
-32.380000
-34.240000
-34.690000
-35.110000
-36.200000
-36.600000
-36.670000
-36.990000
-37.290000
-36.660000
-34.170000
-33.110000
-32.290000
-31.350000
-30.430000
-29.810000
-28.450000
-28.420000
-26.970000
-25.980000
-24.690000
-25.000000
-22.790000
-23.360000
-22.530000
-22.000000
-20.400000
-19.470000
-19.970000
-17.600000
-19.050000
-15.570000
-14.500000
-13.490000
-11.850000
-10.960000
-10.180000
-9.000000
-8.070000
-9.550000
-8.650000
-6.570000
-4.310000
-3.200000
-2.040000
-1.070000
1.180000
2.640000
5.080000
5.930000
6.120000
7.160000
8.120000
8.560000
10.650000
10.620000
12.850000
12.850000
13.150000
11.750000
12.130000
13.430000
14.770000
15.440000
16.430000
17.630000
21.270000
22.680000
23.770000
25.590000
26.850000
28.240000
29.230000
30.490000
30.820000
30.610000
29.800000
29.700000
30.780000
30.850000
29.600000
30.470000
32.220000
32.080000
33.960000
35.270000
34.930000
35.940000
37.020000
37.670000
38.870000
38.840000
41.140000
41.390000
41.830000
42.530000
44.000000
44.340000
44.320000
44.600000
43.530000
44.080000
44.100000
44.880000
45.960000
46.520000
47.310000
47.680000
47.920000
47.790000
46.350000
47.550000
47.450000
47.560000
48.810000
49.000000
47.470000
47.850000
46.300000
46.190000
45.010000
43.980000
43.970000
44.570000
45.640000
45.170000
43.490000
43.620000
44.060000
43.520000
43.530000
40.780000
40.760000
42.040000
40.820000
40.470000
40.580000
42.040000
41.890000
42.200000
43.550000
42.820000
41.820000
41.990000
42.180000
42.000000
40.750000
40.580000
39.060000
40.040000
39.990000
41.070000
