-141.000000
-130.500000
-127.000000
-123.250000
-114.400000
-113.166667
-107.857143
-105.875000
-106.888889
-103.000000
-102.818182
-94.916667
-94.000000
-93.142857
-88.000000
-85.375000
-84.588235
-81.777778
-82.368421
-82.150000
-82.238095
-81.863636
-82.826087
-82.625000
-82.080000
-82.346154
-80.814815
-80.714286
-82.413793
-82.500000
-82.354839
-83.281250
-83.393939
-84.029412
-83.571429
-82.333333
-82.486486
-82.078947
-81.897436
-82.600000
-81.487805
-80.666667
-80.860465
-79.295455
-77.822222
-77.239130
-77.638298
-78.291667
-77.367347
-77.080000
-77.627451
-78.865385
-77.905660
-77.592593
-76.018182
-75.142857
-75.228070
-75.724138
-75.372881
-74.966667
-75.590164
-75.903226
-75.460317
-75.875000
-75.738462
-76.090909
-75.910448
-76.102941
-76.753623
-76.714286
-77.070423
-77.597222
-77.287671
-77.243243
-76.786667
-76.013158
-76.350649
-76.666667
-76.708861
-75.900000
-76.395062
-75.987805
-75.566265
-75.904762
-76.247059
-76.686047
-75.850575
-76.159091
-76.235955
-76.222222
-76.593407
-76.869565
-76.462366
-76.659574
-76.431579
-75.510417
-75.402062
-75.806122
-75.787879
-75.120000
-74.400000
-73.410000
-72.650000
-72.100000
-72.310000
-71.810000
-70.840000
-70.670000
-70.100000
-70.060000
-69.630000
-70.700000
-69.630000
-69.760000
-70.640000
-70.570000
-70.390000
-71.050000
-70.200000
-70.070000
-70.260000
-69.600000
-69.710000
-69.290000
-68.240000
-67.200000
-67.540000
-66.840000
-66.480000
-66.380000
-65.820000
-65.730000
-65.790000
-65.880000
-65.930000
-65.560000
-64.740000
-64.670000
-64.380000
-62.920000
-63.450000
-63.220000
-63.170000
-64.320000
-65.200000
-65.330000
-65.580000
-64.990000
-64.510000
-64.700000
-64.390000
-63.140000
-63.130000
-62.810000
-63.580000
-64.160000
-64.270000
-63.790000
-64.390000
-64.630000
-64.120000
-64.310000
-64.290000
-63.970000
-63.190000
-62.810000
-63.250000
-63.100000
-62.490000
-62.950000
-62.370000
-61.800000
-62.030000
-61.930000
-61.900000
-62.220000
-61.140000
-60.980000
-61.190000
-60.720000
-60.240000
-60.810000
-61.360000
-61.470000
-61.310000
-61.330000
-62.230000
-61.800000
-61.580000
-60.590000
-58.930000
-59.070000
-59.450000
-59.350000
-58.230000
-58.990000
-58.510000
-57.350000
-57.010000
-57.620000
-57.620000
-56.890000
-57.290000
-56.250000
-56.670000
-56.130000
-56.770000
-56.860000
-56.860000
-56.700000
-57.460000
-57.420000
-58.050000
-58.210000
-58.600000
-58.250000
-58.820000
-58.010000
-57.910000
-57.530000
-56.720000
-58.060000
-57.030000
-57.160000
-58.440000
-59.510000
-59.910000
-59.670000
-59.050000
-57.520000
-58.210000
-57.540000
-57.000000
-56.890000
-56.910000
-57.280000
-57.700000
-58.250000
-57.820000
-58.670000
-58.880000
-58.830000
-58.190000
-56.730000
-55.360000
-55.640000
-54.910000
-54.960000
-56.220000
-55.590000
-55.040000
-55.060000
-54.550000
-54.530000
-54.960000
-54.920000
-54.560000
-54.190000
-54.110000
-53.910000
-53.810000
-53.050000
-51.240000
-49.760000
-50.650000
-51.460000
-50.020000
-49.900000
-49.920000
-49.840000
-50.510000
-50.420000
-49.450000
-49.190000
-49.340000
-49.520000
-50.420000
-50.270000
-48.360000
-49.390000
-49.450000
-49.870000
-49.580000
-47.740000
-46.600000
-46.280000
-45.890000
-44.390000
-44.460000
-44.510000
-45.260000
-44.640000
-44.540000
-45.150000
-45.200000
-45.480000
-46.630000
-47.320000
-47.770000
-47.750000
-47.610000
-49.250000
-49.910000
-50.760000
-48.770000
-50.170000
-50.420000
-49.170000
-49.540000
-49.760000
-47.900000
-46.810000
-47.580000
-45.570000
-45.570000
-44.950000
-44.760000
-45.350000
-46.580000
-46.500000
-46.470000
-45.720000
-45.790000
-44.780000
-44.810000
-43.370000
-43.710000
-43.350000
-43.700000
-45.640000
-44.090000
-44.330000
-44.640000
-44.160000
-44.110000
-43.360000
-44.030000
-42.470000
-43.360000
-43.990000
-43.620000
-44.130000
-44.710000
-45.450000
-46.000000
-46.240000
-46.680000
-45.560000
-44.670000
-44.860000
-45.300000
-45.300000
-45.730000
-46.210000
-45.290000
-45.580000
-45.630000
-46.010000
-44.530000
-45.130000
-43.690000
-43.070000
-44.970000
-46.350000
-46.200000
-45.690000
-46.240000
-46.310000
-44.790000
-43.150000
-42.790000
-43.800000
-45.110000
-45.340000
-44.220000
-44.460000
-44.540000
-44.100000
-44.110000
-44.350000
-42.310000
-41.810000
-41.830000
-42.050000
-42.390000
-40.650000
-39.530000
-41.590000
-41.550000
-41.050000
-41.550000
-40.640000
-39.810000
-36.950000
-37.070000
-37.270000
-36.870000
-35.620000
-35.850000
-36.010000
-32.920000
-32.290000
-30.230000
-30.880000
-32.880000
-30.880000
-29.760000
-31.290000
-30.020000
-30.480000
-30.580000
-30.890000
-30.650000
-32.310000
-31.450000
-32.930000
-32.200000
-32.340000
-30.310000
-29.300000
-29.140000
-29.570000
-30.110000
-30.100000
-29.940000
-31.250000
-27.810000
-28.630000
-27.550000
-25.570000
-25.930000
-26.650000
-26.870000
-25.750000
-25.970000
-27.450000
-26.740000
-26.740000
-25.600000
-24.070000
-22.730000
-22.950000
-23.020000
-23.390000
-22.980000
-22.740000
-21.410000
-21.460000
-22.140000
-22.430000
-20.720000
-19.710000
-19.550000
-18.820000
-18.800000
-17.610000
-17.930000
-16.540000
-17.100000
-17.070000
-17.620000
-18.440000
-18.630000
-18.990000
-17.900000
-17.690000
-17.050000
-16.140000
-17.790000
-18.680000
-18.540000
-16.220000
-15.480000
-15.780000
-17.150000
-17.060000
-17.080000
-17.840000
-19.200000
-19.210000
-21.230000
-19.850000
-19.310000
-20.740000
-20.170000
-20.890000
-21.610000
-20.020000
-18.920000
-20.730000
-20.730000
-20.270000
-20.900000
-21.750000
-22.770000
-22.390000
-21.150000
-22.640000
-20.180000
-20.460000
-24.160000
-23.210000
-23.550000
-22.070000
-21.250000
-21.850000
-23.440000
-23.440000
-22.830000
-21.100000
-20.930000
-21.180000
-19.670000
-18.820000
-18.280000
-16.860000
-17.290000
-15.830000
-16.430000
-15.770000
-15.160000
-13.600000
-12.390000
-12.580000
-12.800000
-11.330000
-13.430000
-14.280000
-15.850000
-16.120000
-15.500000
-13.890000
-13.660000
-13.410000
-11.970000
-11.810000
-12.330000
-12.150000
-12.270000
-13.610000
-15.330000
-14.110000
-13.690000
-11.840000
-11.410000
-11.330000
-12.890000
-13.860000
-12.680000
-12.450000
-13.000000
-14.550000
-15.060000
-14.470000
-13.720000
-13.790000
-12.790000
-12.780000
-12.040000
-12.070000
-12.200000
-10.680000
-9.120000
-8.590000
-9.990000
-9.440000
-10.160000
-9.790000
-8.220000
-7.630000
-6.200000
-6.680000
-6.250000
-4.750000
-3.400000
-2.540000
-2.430000
-1.880000
-0.880000
0.270000
1.550000
-0.030000
0.740000
0.750000
-0.990000
-0.350000
1.840000
0.260000
0.370000
1.150000
1.430000
1.180000
1.630000
1.900000
2.860000
3.270000
2.730000
4.100000
1.900000
3.300000
4.430000
4.790000
4.250000
4.370000
5.560000
4.770000
6.370000
7.110000
5.030000
4.680000
3.760000
3.660000
3.120000
3.880000
4.450000
4.380000
4.470000
4.820000
5.170000
4.170000
3.930000
2.620000
2.330000
2.810000
3.390000
3.170000
3.840000
5.560000
8.080000
7.740000
6.240000
5.520000
6.110000
4.590000
6.190000
7.600000
8.130000
7.110000
6.590000
6.840000
8.420000
7.800000
8.680000
6.600000
6.250000
7.670000
8.320000
9.110000
7.680000
7.690000
7.490000
8.790000
9.780000
8.530000
8.550000
9.300000
9.520000
9.380000
8.360000
10.090000
10.570000
9.860000
9.490000
10.250000
11.520000
12.120000
12.720000
12.580000
12.090000
12.320000
12.070000
12.180000
11.020000
11.250000
11.270000
10.810000
12.270000
15.760000
14.080000
13.670000
13.320000
15.010000
15.340000
16.630000
18.460000
18.460000
16.000000
17.490000
17.250000
18.680000
19.420000
18.320000
17.660000
17.410000
17.510000
16.690000
17.950000
16.510000
18.050000
18.350000
17.540000
17.370000
16.870000
16.640000
16.740000
16.450000
17.200000
17.940000
20.210000
20.760000
20.480000
22.100000
22.620000
22.100000
21.340000
21.800000
22.850000
22.410000
23.460000
23.860000
25.030000
26.210000
26.040000
25.770000
26.880000
26.870000
26.980000
27.980000
27.520000
28.300000
30.930000
32.250000
32.160000
34.450000
32.990000
33.290000
35.060000
34.940000
35.810000
35.990000
35.030000
34.850000
35.300000
36.060000
35.370000
35.220000
36.170000
36.600000
37.470000
38.750000
38.750000
38.510000
39.290000
41.020000
41.370000
41.420000
41.990000
42.520000
44.400000
44.150000
44.290000
44.400000
44.290000
44.730000
45.450000
45.540000
46.460000
47.760000
48.700000
47.960000
46.570000
47.070000
47.860000
47.850000
48.200000
49.480000
49.850000
47.640000
49.480000
50.400000
51.410000
51.640000
53.130000
53.620000
53.820000
54.050000
55.690000
54.750000
55.440000
55.060000
55.420000
56.620000
56.220000
56.730000
57.420000
57.590000
57.540000
59.170000
59.080000
58.520000
60.450000
60.850000
63.080000
63.330000
63.390000
65.070000
65.110000
63.930000
63.380000
61.510000
62.640000
62.330000
60.680000
61.400000
61.020000
60.850000
61.600000
62.370000
62.000000
62.050000
59.710000
60.370000
59.560000
58.680000
58.760000
58.770000
59.360000
58.740000
58.580000
58.550000
56.200000
56.560000
58.150000
57.720000
56.230000
56.570000
54.400000
54.490000
54.730000
54.640000
55.930000
57.150000
56.990000
58.730000
59.090000
59.390000
59.390000
60.530000
61.390000
62.050000
62.400000
62.810000
62.120000
61.680000
61.320000
61.130000
61.420000
61.490000
61.030000
61.800000
61.570000
61.980000
61.060000
60.960000
60.440000
60.630000
60.080000
59.290000
58.920000
60.380000
61.820000
61.410000
64.420000
64.200000
63.970000
63.770000
63.600000
63.470000
63.370000
63.420000
62.890000
62.720000
60.850000
61.120000
61.020000
60.610000
59.960000
61.180000
61.130000
61.790000
61.780000
61.610000
64.900000
64.880000
64.700000
66.250000
66.550000
69.090000
69.500000
69.940000
70.990000
70.390000
69.310000
69.740000
70.130000
70.170000
69.540000
71.890000
72.480000
74.160000
74.210000
74.310000
77.830000
77.230000
78.570000
79.410000
79.130000
78.690000
78.310000
78.300000
79.720000
79.330000
81.170000
82.630000
83.150000
83.680000
83.650000
83.460000
83.450000
83.530000
85.160000
84.580000
84.010000
83.540000
85.370000
85.130000
86.610000
88.590000
88.790000
90.150000
88.350000
88.560000
90.470000
90.090000
91.150000
91.040000
91.750000
90.480000
90.540000
90.670000
90.550000
90.480000
90.530000
90.530000
90.440000
91.070000
90.480000
89.590000
89.250000
89.210000
89.360000
89.390000
91.500000
91.880000
92.250000
93.540000
93.460000
93.180000
93.260000
93.240000
93.380000
93.560000
91.920000
93.090000
93.100000
92.980000
92.720000
93.160000
93.180000
95.020000
95.400000
95.450000
95.540000
95.380000
95.510000
95.640000
95.770000
95.760000
95.450000
95.460000
96.290000
96.850000
96.020000
95.700000
94.960000
95.560000
95.000000
92.920000
94.060000
94.810000
