-112.000000
-124.000000
-103.333333
-102.500000
-91.400000
-93.166667
-95.571429
-90.750000
-89.000000
-86.400000
-90.454545
-88.666667
-87.000000
-86.785714
-84.933333
-82.625000
-82.352941
-80.333333
-79.052632
-76.950000
-79.285714
-78.772727
-78.956522
-78.458333
-77.480000
-78.846154
-79.629630
-79.071429
-77.862069
-75.133333
-73.935484
-72.968750
-72.727273
-72.470588
-72.828571
-74.611111
-73.648649
-72.921053
-72.974359
-72.750000
-73.585366
-74.238095
-74.000000
-72.000000
-71.488889
-70.565217
-70.829787
-70.541667
-68.714286
-68.620000
-67.392157
-67.326923
-66.377358
-66.537037
-65.836364
-65.178571
-64.666667
-64.327586
-63.559322
-62.816667
-61.967213
-61.645161
-60.968254
-60.875000
-60.338462
-59.712121
-59.104478
-58.632353
-58.057971
-57.842857
-57.563380
-58.333333
-57.739726
-57.297297
-56.720000
-56.328947
-55.688312
-55.166667
-54.784810
-55.537500
-55.222222
-54.731707
-55.469880
-55.392857
-54.917647
-54.476744
-53.367816
-52.931818
-52.640449
-52.377778
-52.593407
-52.369565
-52.021505
-51.723404
-51.284211
-50.947917
-50.618557
-49.948980
-49.474747
-49.050000
-47.110000
-45.930000
-45.500000
-44.700000
-44.420000
-43.280000
-42.320000
-41.940000
-40.520000
-40.080000
-38.900000
-38.280000
-37.880000
-37.530000
-36.870000
-36.390000
-35.790000
-35.780000
-35.670000
-35.750000
-34.540000
-35.080000
-35.140000
-34.600000
-33.640000
-32.670000
-32.360000
-31.980000
-31.610000
-32.080000
-32.150000
-31.100000
-30.900000
-30.310000
-29.320000
-28.380000
-27.860000
-27.510000
-26.770000
-26.080000
-24.940000
-23.980000
-22.070000
-22.180000
-21.930000
-20.760000
-20.380000
-19.700000
-19.010000
-18.240000
-17.150000
-17.020000
-16.900000
-16.580000
-16.730000
-16.330000
-15.800000
-15.130000
-14.990000
-15.230000
-14.890000
-14.470000
-14.730000
-14.630000
-14.210000
-13.910000
-14.170000
-14.350000
-14.590000
-14.060000
-14.110000
-11.640000
-11.840000
-11.510000
-10.560000
-10.280000
-11.100000
-11.400000
-11.180000
-10.060000
-8.770000
-9.070000
-8.360000
-8.320000
-8.620000
-8.900000
-9.230000
-9.510000
-8.250000
-7.870000
-7.120000
-6.710000
-6.560000
-6.310000
-6.430000
-6.100000
-6.170000
-5.460000
-5.880000
-5.510000
-6.780000
-7.050000
-6.750000
-5.990000
-5.560000
-5.610000
-5.270000
-5.530000
-6.650000
-6.430000
-6.750000
-6.550000
-6.730000
-6.690000
-7.210000
-7.660000
-7.930000
-7.930000
-7.930000
-7.930000
-6.730000
-4.050000
-3.170000
-3.490000
-4.360000
-4.650000
-3.540000
-3.290000
-2.160000
-1.360000
-0.770000
-1.840000
-1.840000
-2.240000
-2.810000
-2.830000
-3.410000
-3.730000
-4.170000
-2.790000
-3.310000
-3.710000
-4.830000
-5.310000
-4.080000
-5.410000
-4.830000
-4.830000
-5.970000
-6.550000
-8.030000
-7.330000
-7.730000
-7.840000
-7.260000
-7.160000
-7.300000
-6.460000
-6.480000
-5.060000
-5.390000
-5.360000
-4.830000
-3.450000
-2.490000
-2.860000
-2.860000
-2.270000
-2.290000
-2.190000
-1.570000
-2.740000
-2.230000
-0.510000
-1.770000
-0.810000
0.110000
0.720000
0.860000
0.980000
0.020000
0.580000
1.160000
1.060000
1.060000
1.570000
1.370000
1.370000
0.510000
0.460000
0.630000
0.530000
0.590000
2.360000
2.690000
3.220000
4.920000
3.990000
4.730000
4.430000
4.780000
6.170000
6.940000
7.300000
7.220000
7.180000
7.560000
8.140000
8.720000
8.780000
9.140000
9.040000
9.530000
9.970000
10.450000
10.990000
11.480000
12.030000
13.360000
13.910000
12.810000
11.550000
11.770000
12.400000
12.960000
13.650000
13.190000
13.160000
12.150000
11.970000
12.070000
12.760000
13.230000
13.870000
14.370000
14.930000
16.480000
17.770000
18.160000
16.890000
17.350000
17.750000
17.850000
19.820000
18.740000
19.240000
19.050000
19.020000
19.260000
20.560000
22.180000
21.960000
23.920000
25.770000
27.150000
28.460000
29.700000
28.770000
28.840000
27.880000
28.130000
29.100000
28.770000
28.980000
28.890000
30.600000
31.880000
33.160000
35.230000
36.530000
36.160000
36.090000
37.280000
35.400000
37.390000
37.830000
39.270000
41.360000
41.150000
39.710000
39.840000
39.830000
41.230000
42.980000
44.090000
45.320000
45.530000
46.030000
47.260000
48.700000
49.520000
50.880000
51.100000
49.300000
50.520000
51.240000
49.220000
49.380000
50.510000
50.800000
52.850000
52.820000
52.390000
52.820000
52.840000
52.760000
53.540000
54.400000
55.470000
55.250000
56.530000
57.910000
58.380000
58.150000
58.320000
58.670000
59.840000
60.680000
58.450000
59.890000
60.040000
59.730000
59.320000
59.340000
60.520000
60.040000
62.080000
61.920000
64.390000
65.400000
67.380000
67.120000
70.220000
71.360000
72.720000
74.890000
74.720000
73.680000
73.630000
73.220000
73.620000
73.460000
74.520000
72.560000
72.390000
73.680000
74.310000
75.560000
75.540000
74.500000
75.540000
75.680000
73.950000
72.450000
70.790000
69.070000
67.610000
67.060000
69.340000
69.080000
68.630000
68.850000
70.080000
70.440000
70.640000
70.600000
69.500000
68.300000
68.810000
68.570000
71.830000
72.980000
71.610000
71.500000
72.810000
72.740000
72.180000
69.710000
69.970000
73.600000
73.250000
75.080000
74.840000
73.490000
74.240000
73.830000
76.750000
77.800000
76.260000
76.180000
74.850000
73.350000
72.970000
72.770000
74.270000
72.650000
73.240000
74.560000
75.290000
76.210000
74.350000
73.230000
74.190000
72.540000
72.500000
73.840000
72.250000
71.320000
69.860000
70.190000
68.820000
68.410000
69.870000
72.300000
71.940000
71.960000
72.520000
72.960000
75.640000
73.870000
73.410000
72.570000
73.530000
74.780000
73.260000
73.550000
73.310000
74.710000
74.390000
73.020000
70.490000
69.350000
66.010000
65.970000
64.310000
61.770000
62.170000
64.520000
65.360000
65.170000
66.970000
66.980000
66.500000
66.740000
68.220000
67.070000
66.150000
64.630000
65.310000
66.330000
64.950000
65.610000
66.890000
66.850000
66.680000
67.710000
68.730000
68.840000
68.010000
69.370000
69.390000
69.230000
69.310000
68.750000
68.460000
66.650000
67.740000
67.450000
66.260000
65.830000
63.570000
62.130000
62.980000
64.110000
62.090000
61.580000
61.500000
62.660000
63.330000
61.880000
61.920000
60.820000
60.350000
61.330000
60.750000
60.700000
58.500000
58.200000
59.200000
58.740000
60.000000
61.190000
62.280000
63.440000
61.440000
62.490000
63.300000
62.710000
61.380000
60.990000
61.720000
62.600000
62.010000
63.130000
63.660000
63.040000
63.930000
64.530000
65.450000
66.070000
67.070000
66.730000
65.420000
63.870000
64.690000
64.900000
61.970000
61.470000
60.810000
61.710000
62.640000
64.410000
64.310000
63.500000
64.390000
65.000000
63.880000
63.320000
61.780000
62.590000
63.540000
65.340000
66.230000
65.580000
66.450000
66.400000
65.590000
62.260000
60.370000
60.280000
58.710000
59.550000
59.360000
59.030000
56.650000
56.990000
56.910000
56.570000
56.570000
55.210000
53.220000
51.920000
50.330000
50.030000
49.800000
48.440000
46.450000
45.600000
43.620000
43.010000
42.760000
40.880000
39.290000
37.820000
35.720000
34.980000
34.680000
35.390000
35.090000
34.780000
33.430000
34.260000
33.950000
33.650000
33.340000
33.150000
31.160000
30.740000
28.750000
26.760000
25.770000
25.460000
23.480000
21.490000
19.500000
17.530000
16.230000
16.690000
16.650000
14.550000
14.260000
13.740000
13.320000
11.240000
10.810000
10.390000
10.090000
9.790000
10.070000
9.910000
9.610000
9.720000
9.680000
9.380000
9.810000
9.800000
9.800000
9.800000
9.920000
9.900000
9.740000
8.640000
8.640000
8.780000
6.980000
6.970000
8.530000
8.430000
8.540000
8.270000
8.260000
8.540000
8.660000
8.300000
8.420000
8.420000
8.060000
7.710000
8.150000
7.910000
7.480000
7.940000
8.080000
7.720000
8.180000
9.270000
9.530000
11.690000
13.850000
15.480000
15.940000
15.960000
15.600000
16.410000
17.860000
17.610000
18.330000
19.140000
18.790000
20.420000
21.870000
23.500000
24.310000
25.120000
26.750000
28.280000
29.720000
31.160000
31.970000
31.740000
32.550000
33.650000
34.470000
36.100000
37.550000
39.790000
39.550000
39.200000
38.850000
38.610000
39.420000
39.880000
40.460000
40.110000
39.870000
40.440000
41.890000
41.650000
43.090000
44.540000
46.780000
47.360000
49.620000
51.980000
53.420000
54.840000
56.420000
55.420000
54.920000
56.360000
56.800000
56.560000
56.320000
57.740000
57.620000
57.500000
55.840000
56.420000
56.420000
56.860000
57.440000
56.950000
56.460000
56.230000
55.420000
55.050000
54.670000
55.220000
54.720000
54.200000
53.820000
54.540000
54.170000
53.670000
55.910000
55.530000
55.290000
54.790000
54.290000
54.170000
54.610000
53.800000
53.300000
54.120000
54.440000
54.060000
54.060000
54.050000
53.350000
53.230000
53.190000
52.370000
52.660000
51.430000
50.610000
50.120000
49.620000
48.910000
48.190000
47.370000
46.560000
46.180000
46.190000
47.010000
47.000000
47.010000
47.010000
47.830000
48.640000
47.820000
48.630000
47.810000
47.820000
47.830000
47.010000
46.290000
46.790000
46.800000
46.810000
46.800000
46.690000
46.700000
46.690000
45.870000
45.860000
45.040000
45.040000
45.410000
45.400000
45.400000
45.400000
44.580000
43.760000
44.570000
44.570000
43.640000
43.630000
43.630000
43.630000
43.630000
42.700000
41.880000
41.060000
40.140000
40.140000
40.140000
39.330000
39.140000
39.150000
39.270000
38.340000
38.230000
38.230000
38.230000
38.230000
38.230000
39.650000
38.830000
38.010000
37.080000
36.030000
36.030000
36.030000
35.900000
35.890000
35.770000
35.770000
34.730000
34.730000
34.730000
34.730000
34.730000
34.600000
34.530000
34.090000
34.090000
34.210000
35.030000
34.920000
35.300000
34.480000
34.470000
34.470000
34.470000
34.030000
34.850000
34.950000
34.950000
35.650000
35.650000
35.690000
36.360000
35.430000
36.770000
36.780000
36.470000
36.480000
36.460000
36.800000
37.440000
36.200000
36.010000
36.230000
35.670000
35.310000
35.220000
35.320000
35.450000
34.780000
34.700000
33.490000
33.630000
33.550000
34.180000
33.860000
33.790000
34.080000
34.040000
34.150000
33.960000
33.460000
33.490000
33.610000
33.540000
33.300000
32.930000
32.650000
31.920000
32.530000
31.690000
31.570000
31.070000
31.470000
29.930000
31.130000
30.940000
31.400000
31.170000
32.060000
32.590000
31.980000
32.350000
32.360000
32.090000
32.980000
33.710000
37.170000
36.640000
35.910000
37.880000
39.140000
38.750000
39.890000
39.900000
40.900000
41.250000
42.550000
42.970000
43.390000
42.780000
