-20.000000
-49.500000
-57.666667
-69.000000
-63.200000
-70.833333
-73.571429
-73.125000
-72.222222
-73.800000
-72.181818
-70.916667
-72.307692
-75.000000
-77.533333
-75.562500
-76.411765
-78.388889
-76.736842
-74.800000
-75.000000
-70.500000
-65.956522
-63.833333
-60.720000
-60.269231
-59.629630
-60.392857
-59.655172
-61.233333
-60.483871
-61.218750
-59.606061
-60.764706
-59.942857
-61.388889
-61.378378
-60.052632
-60.641026
-61.925000
-59.536585
-60.000000
-61.302326
-61.045455
-61.533333
-61.978261
-62.638298
-64.145833
-65.204082
-66.220000
-67.196078
-67.192308
-66.075472
-66.296296
-66.581818
-65.964286
-66.263158
-66.482759
-67.305085
-67.966667
-68.196721
-68.129032
-68.634921
-68.921875
-69.123077
-69.833333
-70.522388
-70.691176
-70.840580
-71.457143
-71.563380
-71.708333
-71.849315
-71.972973
-72.093333
-72.473684
-73.090909
-73.205128
-73.405063
-73.512500
-73.580247
-73.743902
-73.843373
-73.928571
-74.011765
-74.104651
-74.195402
-74.284091
-74.370787
-74.455556
-74.538462
-73.336957
-73.430108
-73.521277
-73.610526
-73.697917
-73.783505
-73.867347
-73.949495
-74.030000
-74.650000
-74.680000
-74.760000
-74.550000
-74.970000
-74.690000
-74.940000
-75.390000
-75.560000
-75.500000
-75.760000
-76.310000
-76.240000
-75.950000
-75.640000
-75.990000
-75.910000
-75.600000
-75.950000
-76.390000
-76.420000
-77.480000
-78.640000
-79.310000
-80.270000
-80.600000
-80.880000
-80.890000
-81.320000
-81.070000
-81.510000
-81.490000
-82.230000
-82.060000
-82.560000
-82.260000
-81.640000
-82.350000
-82.340000
-82.040000
-83.220000
-83.250000
-82.910000
-83.230000
-83.270000
-83.270000
-83.480000
-82.950000
-82.610000
-82.270000
-82.000000
-82.140000
-82.880000
-82.920000
-82.920000
-83.420000
-83.410000
-83.420000
-83.080000
-82.820000
-82.810000
-82.980000
-82.800000
-82.750000
-82.650000
-82.310000
-81.770000
-81.570000
-81.580000
-81.060000
-80.770000
-80.450000
-78.500000
-78.070000
-77.640000
-75.730000
-74.910000
-74.470000
-73.960000
-72.130000
-71.720000
-71.230000
-70.790000
-70.360000
-69.930000
-69.490000
-68.870000
-67.490000
-67.050000
-66.610000
-65.010000
-65.750000
-65.310000
-64.870000
-64.430000
-64.400000
-62.800000
-62.170000
-60.570000
-59.940000
-58.830000
-58.200000
-57.570000
-55.970000
-55.340000
-55.350000
-53.190000
-52.420000
-51.790000
-51.880000
-51.260000
-49.370000
-48.740000
-48.120000
-46.400000
-46.070000
-44.470000
-42.890000
-42.260000
-40.660000
-38.940000
-38.310000
-37.680000
-35.970000
-34.260000
-33.740000
-33.220000
-31.620000
-31.240000
-30.000000
-28.290000
-28.220000
-26.680000
-26.140000
-25.590000
-23.870000
-24.210000
-23.590000
-22.980000
-22.370000
-20.760000
-20.310000
-19.840000
-19.370000
-15.920000
-15.350000
-13.800000
-12.900000
-12.090000
-11.530000
-10.720000
-10.360000
-9.940000
-9.330000
-8.700000
-7.990000
-8.290000
-7.550000
-7.070000
-7.010000
-5.070000
-5.420000
-5.640000
-5.030000
-4.450000
-4.300000
-2.650000
-1.400000
-1.740000
-2.170000
-2.830000
-2.430000
-4.110000
-4.880000
-4.470000
-5.040000
-5.430000
-5.860000
-6.110000
-7.620000
-7.880000
-7.800000
-8.060000
-7.260000
-8.040000
-8.870000
-7.640000
-8.620000
-7.830000
-7.970000
-9.800000
-9.840000
-9.870000
-10.410000
-9.610000
-9.340000
-9.700000
-8.380000
-9.680000
-8.360000
-8.840000
-8.030000
-7.210000
-8.280000
-7.680000
-7.500000
-8.590000
-9.400000
-10.320000
-9.150000
-8.920000
-10.330000
-10.310000
-10.560000
-11.170000
-12.010000
-12.270000
-13.230000
-13.530000
-15.050000
-16.020000
-15.410000
-16.260000
-17.090000
-17.560000
-16.050000
-16.240000
-17.130000
-17.280000
-17.880000
-19.260000
-17.640000
-18.470000
-19.310000
-19.360000
-20.810000
-20.080000
-18.440000
-19.350000
-19.360000
-20.490000
-20.150000
-19.990000
-20.390000
-23.370000
-24.280000
-24.280000
-24.940000
-24.520000
-23.030000
-21.130000
-21.690000
-20.300000
-21.030000
-20.520000
-20.490000
-19.860000
-19.880000
-20.670000
-20.240000
-21.480000
-19.910000
-18.810000
-17.300000
-17.190000
-17.010000
-17.710000
-18.630000
-16.690000
-14.510000
-13.420000
-11.470000
-11.410000
-10.280000
-9.420000
-9.840000
-9.040000
-7.120000
-7.540000
-7.530000
-6.730000
-7.100000
-6.390000
-6.850000
-6.430000
-5.410000
-6.630000
-7.370000
-8.120000
-7.790000
-7.550000
-8.290000
-9.100000
-8.230000
-8.840000
-7.730000
-8.290000
-10.580000
-10.250000
-11.870000
-10.160000
-11.070000
-12.430000
-12.690000
-14.020000
-13.610000
-13.510000
-12.970000
-12.620000
-10.880000
-10.770000
-9.130000
-9.090000
-8.740000
-9.590000
-8.260000
-8.790000
-8.550000
-7.940000
-7.050000
-6.370000
-6.020000
-5.630000
-6.850000
-7.180000
-8.190000
-6.790000
-6.830000
-3.620000
-3.540000
-3.710000
-4.440000
-4.720000
-3.630000
-3.360000
-2.740000
-2.760000
-4.110000
-2.730000
-3.130000
-3.290000
-3.150000
-4.110000
-3.060000
-2.350000
-1.160000
-2.240000
-1.710000
-2.240000
-3.480000
-4.210000
-2.780000
-3.820000
-3.530000
-3.900000
-3.870000
-4.280000
-4.190000
-2.910000
-2.670000
-2.520000
-2.740000
-3.550000
-3.430000
-3.280000
-2.860000
-3.580000
-3.960000
-4.310000
-5.250000
-5.080000
-6.760000
-6.960000
-7.050000
-7.820000
-7.880000
-7.750000
-8.760000
-7.760000
-7.430000
-8.180000
-7.470000
-7.670000
-7.820000
-6.950000
-7.040000
-6.560000
-5.370000
-5.110000
-4.990000
-4.130000
-3.040000
0.650000
0.420000
0.270000
-0.390000
-0.260000
0.770000
0.290000
0.710000
-1.160000
-1.210000
-0.410000
0.070000
2.010000
2.170000
3.250000
4.130000
5.820000
3.860000
4.490000
3.530000
3.370000
3.320000
3.770000
3.870000
3.870000
3.920000
3.730000
3.730000
3.510000
2.850000
3.500000
4.720000
4.660000
4.210000
3.110000
3.420000
0.250000
0.300000
1.060000
0.930000
2.370000
2.530000
2.650000
2.510000
3.260000
3.370000
3.630000
4.240000
4.870000
4.900000
5.660000
5.280000
4.810000
5.410000
6.010000
6.190000
7.160000
7.070000
6.090000
6.140000
6.080000
6.860000
6.990000
8.830000
9.500000
9.550000
9.640000
9.700000
9.690000
9.470000
9.730000
8.260000
8.070000
8.170000
8.420000
9.230000
9.140000
8.360000
7.890000
7.830000
9.720000
11.030000
10.900000
12.270000
13.320000
13.290000
13.480000
13.270000
15.100000
14.720000
14.600000
14.740000
14.100000
14.300000
13.930000
13.960000
14.070000
14.550000
15.030000
15.510000
14.170000
14.870000
16.340000
15.960000
15.870000
17.220000
17.700000
18.190000
19.070000
20.580000
20.140000
21.970000
21.480000
21.090000
19.480000
19.140000
18.630000
19.000000
20.520000
21.010000
21.720000
22.280000
22.810000
23.120000
24.340000
24.770000
25.250000
25.520000
25.540000
25.840000
26.370000
27.440000
27.570000
27.320000
27.820000
28.790000
29.760000
31.050000
32.010000
32.410000
32.430000
32.710000
33.770000
34.900000
34.880000
35.810000
36.420000
38.760000
39.730000
40.010000
41.550000
42.050000
43.310000
45.030000
45.630000
46.600000
46.580000
47.100000
48.090000
48.040000
49.280000
50.450000
50.790000
50.030000
50.790000
51.860000
52.740000
53.800000
54.660000
55.110000
56.700000
57.880000
58.370000
58.750000
59.310000
60.300000
60.370000
61.380000
62.640000
62.940000
62.150000
61.960000
65.990000
65.180000
65.100000
65.450000
65.720000
66.500000
66.390000
68.580000
70.260000
71.140000
72.070000
72.570000
73.070000
73.900000
74.760000
75.250000
75.850000
76.340000
75.630000
76.100000
75.390000
77.850000
78.370000
78.050000
79.140000
80.660000
80.550000
79.790000
80.580000
79.710000
79.600000
80.960000
81.890000
83.100000
83.100000
83.110000
81.230000
81.600000
81.600000
81.600000
81.600000
81.590000
80.800000
81.370000
81.370000
81.370000
81.370000
81.380000
81.270000
81.040000
81.650000
82.570000
82.560000
81.840000
81.840000
81.750000
81.110000
81.110000
80.450000
80.450000
79.740000
80.860000
80.170000
80.140000
80.200000
78.970000
78.870000
79.480000
78.750000
78.740000
78.410000
76.480000
76.360000
75.670000
75.250000
75.250000
75.260000
75.730000
75.370000
74.480000
74.950000
74.700000
75.100000
74.750000
74.400000
74.140000
74.270000
74.260000
74.050000
73.330000
73.690000
74.170000
74.640000
74.410000
74.420000
74.410000
73.930000
73.930000
74.290000
74.050000
70.440000
70.440000
69.730000
70.270000
70.750000
71.120000
71.290000
69.960000
68.950000
68.540000
68.900000
69.630000
69.170000
69.410000
69.630000
69.500000
68.780000
68.770000
68.760000
68.290000
68.290000
67.170000
67.170000
66.680000
66.830000
65.300000
65.300000
65.660000
65.660000
65.180000
65.180000
65.280000
65.870000
65.540000
65.900000
66.250000
66.250000
66.120000
66.110000
66.110000
66.610000
67.360000
67.960000
67.760000
67.770000
68.130000
68.500000
69.060000
69.050000
68.560000
68.720000
68.720000
68.730000
68.740000
68.730000
68.360000
68.360000
69.150000
69.150000
69.640000
70.120000
68.890000
69.360000
69.150000
68.860000
68.170000
67.580000
67.330000
67.680000
67.690000
67.690000
68.250000
68.850000
71.890000
71.890000
72.250000
71.100000
71.240000
70.880000
70.880000
70.940000
70.570000
70.050000
69.680000
69.310000
69.700000
69.090000
69.090000
68.970000
69.430000
69.970000
70.080000
70.170000
69.680000
70.320000
71.020000
71.140000
71.140000
71.270000
72.520000
73.130000
73.800000
74.390000
74.400000
74.570000
74.930000
74.660000
75.110000
75.710000
77.300000
77.600000
77.540000
78.610000
76.670000
75.970000
76.400000
77.020000
77.000000
78.510000
79.120000
79.940000
80.150000
80.880000
81.480000
81.500000
82.150000
82.690000
84.300000
85.210000
85.210000
85.570000
86.730000
86.780000
86.420000
86.050000
86.240000
86.810000
87.500000
88.170000
88.780000
88.270000
87.520000
86.910000
86.420000
88.060000
88.050000
88.820000
88.870000
89.460000
90.120000
88.870000
89.440000
89.430000
88.970000
89.550000
89.790000
90.360000
92.860000
93.570000
94.210000
94.320000
95.410000
96.110000
96.760000
96.830000
97.430000
98.050000
98.280000
100.190000
103.060000
103.420000
102.850000
102.740000
100.290000
101.620000
101.980000
103.060000
103.370000
107.300000
108.890000
109.050000
109.540000
110.870000
112.520000
113.230000
113.390000
114.610000
117.690000
118.260000
119.300000
119.450000
119.560000
119.660000
120.330000
121.190000
121.220000
125.440000
126.180000
127.400000
127.840000
128.120000
128.070000
128.560000
129.860000
128.760000
129.420000
129.450000
129.970000
131.570000
131.620000
131.550000
132.130000
131.440000
133.870000
135.480000
137.220000
137.350000
138.200000
137.270000
138.400000
138.290000
138.870000
137.850000
138.000000
138.020000
138.370000
