-108.000000
-117.000000
-108.000000
-104.000000
-103.600000
-99.500000
-89.142857
-83.750000
-86.777778
-83.100000
-81.636364
-81.583333
-81.000000
-83.500000
-84.666667
-85.812500
-86.411765
-87.444444
-88.684211
-87.400000
-83.904762
-84.545455
-80.217391
-78.791667
-79.160000
-79.076923
-77.592593
-76.107143
-72.413793
-68.900000
-68.322581
-67.968750
-64.848485
-65.352941
-65.400000
-67.416667
-64.675676
-65.921053
-66.282051
-67.525000
-68.560976
-70.357143
-72.023256
-73.340909
-74.155556
-74.934783
-75.191489
-75.895833
-76.285714
-76.400000
-76.980392
-77.173077
-78.396226
-78.277778
-78.836364
-79.428571
-79.438596
-79.724138
-78.406780
-78.966667
-78.868852
-79.338710
-77.634921
-77.640625
-77.553846
-76.590909
-76.014925
-76.000000
-76.231884
-75.171429
-75.211268
-75.444444
-75.493151
-73.770270
-72.093333
-71.473684
-71.012987
-71.538462
-71.455696
-70.587500
-70.851852
-70.939024
-68.457831
-66.035714
-63.541176
-63.174419
-63.344828
-62.034091
-60.337079
-59.122222
-57.483516
-57.402174
-55.838710
-56.159574
-54.747368
-53.135417
-53.536082
-53.489796
-52.040404
-51.000000
-50.740000
-50.300000
-49.580000
-49.220000
-49.010000
-49.140000
-49.790000
-48.450000
-46.760000
-46.970000
-47.220000
-45.510000
-43.870000
-41.820000
-40.290000
-38.360000
-36.500000
-35.040000
-33.030000
-31.990000
-30.950000
-30.890000
-30.270000
-30.890000
-30.820000
-29.630000
-30.050000
-29.280000
-28.690000
-29.700000
-29.470000
-28.490000
-29.340000
-27.800000
-27.710000
-25.090000
-25.710000
-23.580000
-22.370000
-21.710000
-19.580000
-18.510000
-16.190000
-14.480000
-13.420000
-13.240000
-12.870000
-11.370000
-10.000000
-8.050000
-6.580000
-6.270000
-3.720000
-2.580000
-0.970000
0.560000
2.490000
2.940000
4.090000
4.710000
5.850000
6.430000
5.230000
5.730000
7.220000
8.490000
11.010000
12.180000
12.600000
13.610000
15.290000
17.240000
17.650000
18.060000
18.570000
19.240000
20.730000
22.270000
24.050000
25.130000
26.490000
27.690000
27.470000
26.780000
25.740000
25.560000
26.760000
25.740000
25.980000
26.750000
26.870000
28.500000
28.760000
30.750000
31.100000
30.520000
31.400000
33.020000
33.180000
33.870000
35.860000
38.460000
39.900000
41.590000
43.530000
45.650000
47.780000
48.090000
48.720000
50.080000
51.650000
51.880000
51.610000
51.850000
51.750000
52.040000
52.170000
52.060000
52.120000
52.920000
53.150000
55.100000
53.830000
56.040000
57.880000
58.540000
60.520000
61.140000
61.430000
63.150000
64.690000
65.410000
67.040000
67.470000
67.550000
67.350000
68.780000
68.940000
69.580000
71.160000
71.160000
72.560000
72.690000
73.450000
74.660000
76.730000
78.290000
78.990000
79.650000
79.590000
80.440000
81.660000
81.560000
82.240000
82.750000
83.600000
83.510000
84.980000
85.110000
86.870000
87.720000
89.480000
91.660000
93.200000
93.490000
93.190000
92.310000
92.920000
94.480000
94.530000
94.800000
95.030000
96.560000
96.770000
97.000000
97.610000
97.740000
98.150000
98.050000
98.020000
98.320000
99.040000
98.260000
98.600000
99.310000
100.980000
102.670000
104.240000
104.240000
104.190000
104.200000
104.100000
103.990000
104.090000
103.920000
104.760000
106.060000
105.960000
105.930000
105.750000
105.770000
105.020000
105.030000
105.740000
105.690000
105.670000
105.490000
105.360000
105.210000
105.720000
106.100000
106.000000
104.260000
104.170000
104.780000
104.620000
104.750000
105.560000
104.080000
103.900000
103.940000
104.320000
105.650000
105.620000
105.850000
106.030000
106.120000
106.350000
106.190000
106.410000
106.470000
106.600000
106.730000
106.840000
108.470000
108.560000
108.440000
108.400000
108.370000
108.320000
108.420000
108.420000
109.490000
109.150000
108.810000
108.790000
108.990000
109.040000
109.200000
109.970000
109.970000
110.140000
109.940000
109.880000
109.980000
109.910000
110.010000
110.170000
109.470000
109.470000
109.420000
109.290000
109.020000
109.020000
108.980000
109.640000
109.640000
109.600000
109.660000
109.450000
109.440000
109.210000
109.130000
108.820000
108.390000
108.190000
108.030000
108.030000
107.830000
107.630000
109.970000
109.660000
110.140000
110.280000
110.410000
110.070000
109.640000
109.700000
109.590000
109.210000
109.010000
109.020000
108.820000
108.720000
108.890000
108.370000
108.150000
108.250000
108.480000
108.720000
108.790000
108.790000
108.920000
108.220000
107.970000
107.820000
107.560000
107.870000
108.450000
107.890000
107.820000
107.520000
109.360000
109.300000
109.310000
109.170000
108.900000
108.520000
109.810000
110.050000
110.040000
109.670000
109.970000
109.520000
109.030000
108.870000
108.780000
108.530000
108.540000
108.110000
107.920000
107.770000
107.170000
107.040000
107.090000
106.900000
107.000000
107.000000
107.110000
107.960000
107.560000
107.660000
106.690000
106.990000
107.130000
107.130000
106.890000
106.500000
106.520000
105.840000
105.710000
106.010000
106.310000
106.930000
106.930000
106.870000
106.970000
106.980000
107.550000
107.420000
107.240000
107.070000
107.210000
105.330000
105.570000
105.210000
105.080000
105.220000
105.230000
105.580000
105.470000
105.570000
105.640000
106.040000
106.370000
106.700000
106.870000
108.010000
108.450000
108.750000
106.760000
106.960000
107.400000
107.660000
107.740000
108.170000
107.420000
107.520000
107.990000
108.440000
108.880000
108.670000
109.100000
109.230000
109.410000
109.960000
110.180000
110.310000
110.000000
110.590000
110.620000
110.750000
110.320000
110.480000
110.910000
110.610000
110.470000
110.110000
109.200000
109.860000
110.040000
110.040000
110.440000
110.190000
109.780000
109.620000
109.810000
109.910000
109.870000
109.330000
109.430000
109.450000
107.920000
108.330000
108.970000
109.020000
108.890000
109.060000
108.750000
108.960000
109.000000
108.990000
108.990000
107.340000
107.250000
107.720000
107.770000
108.050000
107.580000
107.000000
107.370000
107.180000
106.850000
107.140000
107.470000
107.380000
107.020000
107.550000
107.340000
107.010000
106.250000
106.130000
106.100000
105.330000
105.030000
104.530000
104.420000
104.660000
104.230000
103.980000
104.080000
104.250000
104.250000
105.700000
105.560000
106.300000
106.190000
106.020000
105.910000
105.560000
105.070000
104.860000
104.750000
104.650000
104.600000
105.200000
105.250000
104.260000
103.820000
103.780000
103.730000
103.660000
103.520000
103.250000
102.570000
102.300000
102.400000
102.300000
101.650000
101.490000
101.350000
100.690000
100.560000
100.330000
100.050000
99.860000
99.710000
99.180000
99.360000
98.460000
98.200000
98.210000
98.070000
97.570000
97.340000
98.100000
98.510000
98.650000
98.750000
98.620000
98.610000
98.620000
98.440000
98.840000
98.980000
99.380000
99.070000
99.370000
99.880000
100.210000
99.720000
99.470000
101.000000
100.770000
100.260000
100.750000
100.970000
100.920000
101.320000
101.110000
100.960000
100.910000
102.160000
103.800000
103.840000
103.560000
104.060000
103.800000
104.630000
104.450000
104.380000
104.610000
104.930000
104.340000
103.970000
103.580000
103.880000
104.550000
104.460000
104.650000
105.770000
106.050000
106.470000
106.690000
106.650000
107.860000
107.830000
107.980000
108.400000
108.630000
108.630000
108.990000
109.220000
109.420000
109.560000
108.790000
109.200000
107.430000
107.790000
107.910000
108.350000
107.730000
107.970000
108.340000
108.500000
107.900000
108.070000
108.350000
109.010000
109.410000
109.300000
109.600000
109.740000
110.010000
111.630000
111.950000
112.190000
110.250000
110.880000
111.690000
112.050000
114.170000
114.100000
112.210000
112.670000
112.590000
112.970000
113.520000
113.480000
114.120000
114.360000
114.680000
115.330000
115.800000
116.260000
116.260000
116.550000
115.370000
116.060000
116.190000
116.160000
116.680000
117.220000
117.510000
118.230000
118.800000
119.160000
119.250000
119.140000
119.210000
119.800000
119.890000
120.630000
121.500000
122.090000
121.950000
121.960000
122.090000
121.690000
122.560000
122.620000
123.060000
122.410000
122.300000
122.690000
122.870000
122.140000
122.850000
122.720000
122.860000
123.090000
123.310000
123.550000
121.910000
122.240000
123.080000
122.200000
121.720000
122.250000
122.600000
122.370000
122.380000
122.350000
122.680000
123.380000
122.800000
123.410000
123.380000
123.420000
123.800000
124.810000
124.700000
124.830000
124.890000
124.910000
124.920000
124.580000
126.880000
127.140000
127.320000
127.800000
128.460000
128.500000
128.660000
128.480000
128.860000
128.690000
128.920000
128.360000
127.960000
128.390000
128.620000
128.710000
128.670000
127.750000
127.930000
127.750000
130.000000
129.300000
128.660000
128.460000
127.290000
127.260000
129.210000
128.810000
129.300000
129.370000
129.350000
129.590000
127.470000
127.040000
126.890000
126.670000
126.770000
126.640000
126.590000
126.840000
128.310000
128.080000
128.310000
128.260000
128.090000
127.500000
127.370000
127.720000
127.110000
127.070000
127.490000
127.850000
127.560000
127.790000
127.980000
127.190000
126.760000
126.360000
125.990000
123.910000
123.920000
124.680000
123.810000
123.860000
122.930000
122.710000
123.530000
123.100000
123.280000
123.330000
123.020000
122.760000
122.920000
122.750000
122.930000
123.070000
124.880000
124.710000
124.480000
125.510000
125.280000
124.880000
124.530000
124.300000
124.800000
124.620000
124.560000
124.570000
124.510000
124.300000
124.080000
124.010000
124.370000
123.850000
123.900000
123.920000
124.320000
124.530000
124.510000
124.810000
124.730000
124.580000
124.570000
124.360000
124.550000
124.740000
123.620000
123.540000
123.540000
123.650000
123.720000
123.780000
123.990000
124.110000
123.750000
123.220000
123.070000
123.200000
123.380000
123.380000
123.540000
123.630000
123.330000
123.070000
123.190000
123.660000
123.850000
124.120000
124.100000
123.810000
124.040000
124.250000
126.380000
126.740000
126.610000
126.890000
126.810000
126.810000
126.870000
126.780000
124.520000
124.640000
124.540000
124.990000
125.260000
125.440000
125.520000
125.200000
125.350000
125.760000
125.640000
125.640000
126.300000
126.310000
126.350000
126.810000
126.820000
127.260000
127.620000
129.690000
129.550000
129.550000
130.240000
130.530000
131.070000
131.130000
130.700000
130.990000
130.990000
131.530000
132.470000
132.610000
132.250000
132.150000
131.610000
131.270000
131.550000
131.770000
130.240000
130.230000
130.240000
130.060000
130.170000
130.300000
129.300000
129.080000
129.000000
128.530000
128.220000
127.860000
127.820000
128.110000
127.250000
126.800000
126.660000
126.450000
126.760000
126.510000
126.450000
126.220000
125.610000
125.620000
126.000000
126.230000
126.320000
126.310000
127.040000
128.590000
128.310000
127.990000
127.420000
127.420000
127.550000
127.350000
127.220000
127.990000
128.070000
127.740000
127.580000
127.260000
127.050000
127.290000
127.400000
127.580000
127.580000
127.330000
127.300000
127.230000
127.100000
126.970000
126.970000
126.690000
126.470000
