-108.000000
-80.500000
-88.333333
-97.500000
-88.200000
-92.166667
-83.000000
-81.750000
-84.000000
-69.900000
-70.636364
-74.333333
-78.769231
-77.785714
-78.200000
-78.812500
-77.823529
-76.888889
-78.736842
-80.900000
-78.809524
-79.500000
-81.086957
-82.375000
-79.200000
-79.307692
-80.148148
-81.000000
-81.689655
-83.366667
-82.483871
-82.625000
-81.666667
-81.676471
-82.628571
-80.583333
-81.513514
-82.052632
-82.897436
-83.350000
-82.951220
-83.380952
-83.651163
-82.159091
-81.333333
-80.956522
-79.212766
-78.791667
-78.877551
-77.800000
-77.725490
-76.980769
-77.716981
-77.851852
-78.345455
-78.178571
-78.771930
-79.224138
-79.322034
-79.483333
-79.606557
-79.645161
-80.206349
-79.953125
-80.123077
-79.575758
-80.029851
-79.720588
-78.507246
-78.157143
-76.802817
-76.458333
-76.986301
-76.729730
-76.320000
-76.763158
-76.103896
-76.461538
-75.455696
-75.162500
-74.333333
-74.707317
-75.060241
-75.559524
-76.011765
-75.790698
-76.252874
-76.306818
-75.415730
-75.866667
-75.384615
-75.826087
-76.258065
-76.680851
-76.968421
-77.333333
-77.670103
-77.602041
-76.838384
-77.510000
-77.310000
-77.830000
-77.750000
-77.660000
-78.000000
-77.960000
-78.840000
-79.270000
-79.410000
-81.140000
-81.520000
-81.530000
-81.370000
-81.880000
-82.200000
-82.480000
-83.020000
-83.570000
-83.610000
-83.550000
-83.200000
-82.750000
-82.750000
-82.790000
-83.920000
-83.650000
-83.710000
-83.830000
-83.900000
-83.400000
-83.660000
-83.750000
-84.400000
-84.740000
-84.750000
-85.820000
-84.860000
-85.000000
-85.010000
-84.390000
-84.880000
-84.690000
-84.560000
-84.880000
-85.590000
-85.760000
-86.590000
-86.190000
-86.520000
-87.430000
-86.710000
-87.480000
-86.940000
-87.250000
-86.390000
-86.860000
-85.930000
-85.070000
-85.380000
-84.680000
-84.360000
-83.560000
-83.570000
-83.320000
-83.570000
-83.150000
-82.070000
-82.440000
-82.500000
-83.000000
-84.100000
-84.740000
-83.780000
-84.540000
-83.660000
-83.050000
-82.980000
-81.960000
-82.010000
-81.880000
-82.890000
-81.980000
-81.730000
-80.940000
-80.180000
-79.740000
-78.600000
-77.810000
-78.220000
-77.200000
-77.260000
-76.490000
-75.520000
-74.820000
-74.700000
-74.450000
-73.370000
-72.680000
-72.680000
-71.260000
-70.400000
-69.370000
-68.540000
-67.760000
-67.300000
-66.130000
-64.990000
-63.850000
-62.710000
-61.930000
-60.680000
-59.110000
-55.850000
-54.350000
-53.570000
-52.000000
-49.940000
-49.160000
-48.900000
-47.320000
-46.890000
-45.500000
-43.210000
-42.550000
-40.970000
-40.880000
-39.380000
-38.740000
-36.530000
-34.580000
-34.550000
-34.530000
-32.470000
-30.890000
-28.000000
-27.170000
-27.900000
-25.610000
-25.100000
-22.880000
-20.590000
-20.690000
-20.260000
-20.510000
-19.850000
-19.540000
-17.590000
-17.260000
-15.800000
-13.620000
-14.760000
-12.670000
-12.260000
-11.360000
-12.000000
-11.390000
-12.540000
-11.630000
-11.280000
-12.030000
-11.220000
-11.370000
-10.590000
-11.100000
-10.230000
-11.370000
-11.850000
-11.390000
-11.870000
-11.470000
-9.980000
-9.140000
-9.260000
-7.380000
-8.850000
-7.400000
-6.240000
-6.190000
-6.980000
-7.510000
-6.920000
-5.760000
-5.870000
-6.390000
-6.930000
-7.330000
-6.430000
-7.030000
-5.630000
-4.560000
-4.820000
-5.350000
-4.180000
-2.600000
-1.990000
-2.040000
-1.320000
-2.200000
-1.200000
0.130000
-0.770000
0.250000
1.320000
3.260000
2.730000
3.640000
3.350000
2.730000
4.260000
6.740000
7.670000
6.340000
3.330000
5.070000
5.150000
4.100000
4.520000
5.930000
5.910000
4.590000
3.580000
3.710000
2.090000
1.680000
2.850000
4.910000
3.980000
6.090000
5.110000
2.820000
2.700000
2.730000
2.180000
1.260000
-0.620000
-0.940000
-0.940000
-0.910000
-1.170000
-3.920000
-5.960000
-5.960000
-5.990000
-6.150000
-3.550000
-1.990000
-4.160000
-5.050000
-5.990000
-7.920000
-7.030000
-7.280000
-7.980000
-8.630000
-8.710000
-6.200000
-5.480000
-7.110000
-5.440000
-5.650000
-7.070000
-5.730000
-6.270000
-6.290000
-6.910000
-4.780000
-5.190000
-5.410000
-5.830000
-6.110000
-7.590000
-8.190000
-8.790000
-10.490000
-10.360000
-12.150000
-12.440000
-13.390000
-13.730000
-13.280000
-13.940000
-15.680000
-15.940000
-15.050000
-14.850000
-14.410000
-15.630000
-15.760000
-17.700000
-19.710000
-19.990000
-19.980000
-22.110000
-23.950000
-24.410000
-24.410000
-26.030000
-26.050000
-27.950000
-30.180000
-29.570000
-31.570000
-33.430000
-35.900000
-35.020000
-37.180000
-37.790000
-38.060000
-39.870000
-42.890000
-44.820000
-44.810000
-43.400000
-46.200000
-46.050000
-46.530000
-48.160000
-50.090000
-50.080000
-50.100000
-50.050000
-51.990000
-52.660000
-52.800000
-54.860000
-56.940000
-56.850000
-59.160000
-59.380000
-59.050000
-59.300000
-59.510000
-60.760000
-61.090000
-61.990000
-62.280000
-62.510000
-64.240000
-63.820000
-64.060000
-63.210000
-63.010000
-62.700000
-62.050000
-64.870000
-66.040000
-65.050000
-64.410000
-64.040000
-63.850000
-63.020000
-62.570000
-61.910000
-61.050000
-60.840000
-63.560000
-63.670000
-62.230000
-63.810000
-62.770000
-59.270000
-59.670000
-58.600000
-57.630000
-57.750000
-59.020000
-59.220000
-57.460000
-56.670000
-56.360000
-56.170000
-56.080000
-56.110000
-55.060000
-54.410000
-51.930000
-52.510000
-50.930000
-49.670000
-49.810000
-48.290000
-47.710000
-44.700000
-45.410000
-44.640000
-44.440000
-43.890000
-43.290000
-42.680000
-40.330000
-39.310000
-38.670000
-37.390000
-37.140000
-35.990000
-35.250000
-34.290000
-33.030000
-31.960000
-31.280000
-31.050000
-28.820000
-28.040000
-27.230000
-26.230000
-25.060000
-22.840000
-22.650000
-22.190000
-20.510000
-19.520000
-18.930000
-19.500000
-18.250000
-18.110000
-17.260000
-17.220000
-17.040000
-16.020000
-15.370000
-14.700000
-13.840000
-12.570000
-11.370000
-11.020000
-10.710000
-10.430000
-9.790000
-9.790000
-9.170000
-7.230000
-6.030000
-5.300000
-4.700000
-4.480000
-2.740000
-1.660000
-0.600000
0.260000
2.680000
2.650000
3.300000
3.330000
4.670000
5.360000
4.750000
4.460000
3.850000
3.990000
4.910000
5.200000
3.980000
5.870000
5.820000
6.470000
7.810000
9.030000
8.230000
10.150000
10.780000
7.720000
6.680000
6.260000
5.490000
6.470000
6.050000
6.970000
5.770000
6.680000
7.180000
7.960000
8.070000
8.880000
9.770000
9.870000
7.500000
6.850000
8.610000
9.010000
9.550000
9.380000
10.570000
8.830000
9.280000
10.040000
9.220000
8.290000
9.070000
9.330000
9.150000
8.780000
9.160000
8.310000
8.060000
10.030000
9.800000
9.490000
9.120000
8.700000
8.670000
8.030000
6.240000
5.230000
4.610000
2.930000
2.660000
0.640000
1.100000
2.190000
2.470000
1.810000
3.040000
2.840000
2.200000
1.940000
1.940000
2.020000
4.070000
3.990000
5.850000
5.150000
7.380000
7.990000
7.660000
7.670000
7.860000
8.130000
9.630000
9.590000
11.020000
10.040000
10.090000
11.730000
11.700000
12.370000
12.470000
12.330000
11.770000
11.180000
10.010000
10.640000
10.590000
11.670000
12.170000
13.630000
14.290000
14.820000
16.760000
17.130000
16.330000
16.540000
16.360000
14.390000
14.290000
14.270000
13.500000
14.020000
14.440000
14.520000
14.960000
15.730000
15.860000
15.650000
17.760000
20.000000
21.730000
23.420000
24.790000
24.700000
25.320000
26.630000
27.200000
28.620000
27.990000
28.250000
29.110000
31.880000
31.820000
31.450000
31.450000
31.320000
31.670000
32.160000
32.310000
32.860000
33.560000
34.100000
33.310000
34.560000
33.560000
34.720000
37.090000
37.760000
39.780000
37.560000
39.140000
40.700000
40.930000
42.630000
44.200000
46.130000
47.750000
50.210000
51.770000
52.410000
52.530000
54.450000
54.510000
53.350000
52.230000
53.750000
53.870000
54.360000
55.600000
56.670000
57.010000
57.270000
55.810000
57.260000
56.070000
56.410000
54.280000
53.840000
55.270000
56.310000
57.450000
58.280000
57.880000
59.200000
59.010000
60.270000
60.380000
59.950000
61.380000
62.510000
62.770000
64.150000
65.280000
66.650000
67.730000
68.360000
70.450000
70.640000
70.120000
70.240000
71.920000
72.680000
72.700000
73.350000
75.080000
75.190000
76.590000
78.010000
79.420000
80.660000
82.100000
82.130000
82.980000
82.760000
82.860000
83.900000
85.010000
86.530000
86.240000
86.010000
85.960000
85.510000
85.470000
86.020000
86.660000
86.360000
87.570000
87.350000
88.020000
89.060000
90.400000
89.670000
88.660000
89.690000
91.200000
92.350000
92.080000
92.460000
93.560000
93.720000
95.690000
97.080000
98.390000
98.230000
99.270000
99.400000
98.050000
99.000000
98.860000
99.790000
99.690000
99.500000
99.260000
96.740000
97.050000
96.990000
96.960000
96.740000
96.970000
98.040000
99.390000
99.220000
100.550000
101.570000
102.750000
103.990000
104.090000
105.000000
105.040000
105.340000
106.480000
107.770000
108.980000
108.580000
109.210000
111.470000
112.550000
113.300000
113.140000
113.300000
113.180000
113.680000
113.560000
113.480000
113.580000
113.980000
114.730000
114.720000
114.640000
114.740000
114.500000
114.590000
114.620000
114.600000
114.560000
114.380000
113.860000
113.740000
114.610000
114.110000
114.180000
114.400000
114.290000
115.400000
115.350000
115.240000
115.000000
113.390000
113.220000
114.080000
113.800000
114.260000
114.170000
114.220000
114.660000
114.790000
115.020000
114.900000
115.140000
114.990000
115.000000
115.080000
114.950000
114.790000
114.630000
115.630000
115.630000
116.580000
117.260000
117.260000
117.230000
116.650000
116.230000
116.440000
115.860000
116.240000
116.400000
116.510000
116.910000
116.650000
115.680000
116.070000
116.520000
117.080000
117.210000
117.120000
117.590000
118.490000
118.330000
118.560000
118.750000
118.910000
120.210000
122.790000
122.250000
122.360000
122.930000
123.100000
123.630000
124.240000
124.290000
124.520000
124.510000
125.000000
125.120000
123.970000
124.100000
122.160000
122.250000
122.410000
122.460000
122.600000
123.020000
123.450000
123.560000
122.690000
122.590000
122.480000
122.430000
122.280000
122.250000
121.940000
122.110000
122.510000
123.170000
122.650000
122.620000
122.910000
123.310000
123.160000
123.340000
123.220000
124.410000
126.040000
126.080000
127.130000
127.310000
127.740000
127.940000
128.130000
127.430000
127.250000
127.250000
126.430000
126.870000
126.990000
127.290000
129.470000
130.130000
129.280000
129.250000
129.350000
129.480000
129.450000
129.190000
129.050000
129.190000
129.400000
129.640000
129.470000
129.820000
130.240000
131.220000
131.460000
132.130000
131.030000
131.100000
130.180000
129.730000
129.730000
129.750000
131.370000
131.570000
131.420000
131.550000
132.060000
131.860000
132.090000
131.890000
131.740000
132.830000
132.350000
132.140000
131.650000
131.530000
131.730000
131.210000
130.610000
130.850000
130.840000
130.760000
131.080000
131.040000
130.750000
130.840000
