-92.000000
-104.000000
-103.666667
-103.250000
-100.200000
-99.833333
-98.714286
-99.125000
-102.000000
-97.100000
-98.909091
-95.916667
-93.923077
-90.071429
-92.466667
-88.062500
-85.470588
-86.444444
-87.210526
-88.500000
-88.714286
-86.136364
-88.434783
-90.750000
-90.720000
-91.500000
-91.481481
-93.321429
-93.965517
-94.433333
-92.612903
-93.187500
-93.454545
-95.000000
-95.228571
-96.250000
-95.000000
-94.263158
-93.256410
-93.150000
-94.439024
-94.261905
-94.232558
-93.704545
-92.444444
-92.282609
-92.659574
-93.083333
-93.183673
-92.900000
-93.039216
-92.211538
-91.396226
-89.870370
-90.127273
-89.767857
-89.473684
-89.431034
-89.525424
-89.883333
-88.540984
-88.870968
-88.603175
-88.843750
-89.246154
-89.030303
-89.358209
-89.235294
-87.956522
-87.328571
-86.845070
-87.222222
-87.219178
-87.243243
-86.933333
-87.157895
-87.090909
-87.166667
-87.316456
-87.625000
-88.135802
-88.146341
-87.975904
-87.416667
-87.623529
-87.941860
-88.252874
-87.840909
-87.662921
-87.400000
-87.989011
-87.836957
-88.408602
-88.478723
-88.421053
-88.864583
-88.886598
-89.091837
-88.464646
-88.330000
-88.400000
-88.370000
-88.600000
-88.460000
-88.460000
-88.360000
-88.600000
-88.260000
-88.100000
-88.600000
-87.860000
-88.320000
-88.820000
-88.690000
-87.280000
-87.580000
-88.220000
-88.620000
-88.380000
-88.380000
-88.620000
-88.540000
-88.250000
-88.210000
-88.320000
-87.800000
-87.960000
-86.720000
-87.030000
-85.970000
-86.240000
-85.340000
-84.760000
-83.770000
-83.780000
-83.020000
-83.190000
-83.640000
-84.540000
-85.000000
-83.750000
-84.190000
-83.940000
-84.460000
-84.730000
-84.970000
-85.020000
-84.570000
-83.760000
-84.060000
-83.640000
-83.560000
-84.500000
-84.940000
-84.790000
-84.420000
-83.870000
-83.800000
-83.340000
-82.400000
-83.170000
-82.400000
-82.800000
-81.920000
-82.120000
-82.430000
-82.050000
-82.240000
-82.450000
-83.410000
-83.840000
-83.700000
-83.510000
-83.280000
-83.470000
-83.340000
-82.670000
-82.270000
-81.750000
-81.210000
-81.070000
-80.900000
-80.850000
-80.840000
-80.800000
-80.130000
-79.080000
-78.310000
-78.550000
-79.190000
-78.110000
-78.020000
-76.900000
-76.620000
-76.690000
-76.530000
-76.210000
-75.320000
-76.000000
-75.890000
-75.890000
-75.330000
-75.060000
-74.810000
-74.780000
-74.770000
-73.730000
-73.330000
-73.280000
-73.090000
-73.080000
-73.320000
-72.340000
-72.320000
-73.260000
-73.960000
-73.270000
-72.150000
-72.820000
-72.700000
-72.540000
-72.820000
-72.540000
-72.260000
-71.880000
-71.430000
-71.490000
-71.860000
-71.860000
-72.380000
-72.260000
-72.800000
-72.440000
-73.390000
-72.870000
-72.950000
-72.670000
-70.920000
-69.710000
-67.640000
-67.140000
-67.270000
-67.230000
-66.450000
-66.440000
-66.030000
-65.620000
-66.250000
-66.830000
-66.500000
-66.560000
-66.640000
-65.710000
-65.060000
-64.530000
-64.750000
-64.370000
-63.700000
-63.200000
-63.330000
-62.980000
-62.670000
-62.120000
-62.850000
-62.080000
-61.330000
-61.380000
-60.760000
-61.370000
-61.070000
-61.090000
-60.640000
-61.310000
-60.980000
-60.790000
-60.510000
-60.920000
-60.870000
-60.580000
-60.730000
-60.220000
-59.410000
-60.060000
-60.690000
-60.770000
-61.010000
-61.680000
-62.810000
-62.220000
-61.740000
-61.950000
-61.230000
-62.000000
-61.200000
-60.860000
-60.590000
-60.660000
-60.990000
-60.600000
-60.450000
-60.810000
-61.620000
-61.230000
-60.780000
-60.320000
-60.610000
-61.260000
-62.290000
-61.390000
-61.210000
-61.720000
-60.280000
-60.830000
-61.250000
-61.240000
-61.220000
-61.810000
-61.380000
-60.180000
-59.750000
-58.590000
-58.710000
-59.100000
-57.650000
-57.980000
-58.290000
-57.890000
-58.220000
-57.540000
-57.290000
-57.200000
-57.190000
-57.960000
-56.220000
-55.850000
-55.540000
-55.890000
-57.060000
-56.590000
-57.970000
-58.510000
-57.360000
-57.000000
-56.680000
-56.780000
-57.300000
-56.610000
-56.080000
-54.930000
-54.920000
-54.190000
-54.900000
-55.600000
-56.370000
-56.970000
-56.710000
-57.650000
-58.300000
-58.210000
-59.330000
-59.480000
-60.130000
-60.520000
-60.290000
-59.470000
-59.900000
-59.310000
-60.070000
-59.000000
-58.670000
-58.050000
-58.440000
-58.430000
-58.030000
-58.290000
-57.890000
-58.490000
-59.120000
-59.020000
-58.930000
-59.000000
-59.650000
-58.460000
-58.630000
-56.860000
-56.120000
-54.990000
-55.150000
-54.430000
-53.990000
-54.220000
-55.490000
-55.200000
-56.480000
-56.700000
-56.600000
-56.930000
-56.670000
-57.200000
-57.550000
-57.320000
-56.490000
-56.900000
-57.510000
-57.470000
-56.840000
-56.400000
-56.120000
-55.620000
-55.740000
-54.760000
-54.760000
-54.830000
-55.000000
-55.010000
-54.650000
-54.050000
-53.550000
-52.730000
-52.940000
-53.650000
-52.340000
-52.040000
-51.900000
-50.370000
-50.350000
-50.360000
-50.050000
-49.200000
-48.550000
-48.900000
-48.660000
-48.350000
-49.610000
-49.890000
-50.230000
-50.620000
-50.880000
-51.960000
-51.980000
-52.550000
-52.540000
-53.040000
-52.900000
-53.010000
-52.540000
-53.050000
-53.690000
-55.250000
-54.810000
-55.450000
-54.450000
-54.090000
-54.590000
-54.480000
-53.950000
-53.760000
-53.720000
-54.570000
-53.820000
-54.110000
-54.360000
-54.130000
-53.450000
-53.110000
-52.810000
-52.490000
-51.590000
-52.680000
-52.460000
-52.140000
-52.150000
-51.960000
-53.230000
-52.490000
-52.180000
-51.160000
-48.910000
-49.040000
-48.940000
-48.800000
-47.440000
-47.260000
-46.790000
-46.890000
-47.680000
-48.520000
-47.620000
-49.030000
-49.420000
-49.800000
-49.170000
-48.460000
-47.460000
-46.840000
-45.480000
-44.930000
-44.930000
-44.780000
-44.380000
-43.340000
-43.950000
-43.610000
-42.970000
-43.170000
-43.300000
-43.690000
-43.810000
-45.030000
-44.440000
-45.040000
-45.930000
-46.130000
-45.840000
-45.600000
-44.620000
-45.190000
-46.720000
-47.380000
-46.670000
-46.070000
-46.920000
-46.920000
-46.940000
-48.660000
-48.420000
-48.820000
-48.430000
-48.500000
-49.410000
-49.170000
-48.880000
-49.380000
-48.730000
-48.490000
-48.970000
-47.150000
-46.840000
-46.540000
-46.410000
-45.670000
-45.260000
-44.930000
-45.490000
-45.600000
-44.470000
-43.990000
-42.670000
-41.500000
-41.070000
-41.660000
-41.540000
-40.780000
-40.430000
-40.130000
-40.450000
-40.450000
-39.580000
-39.380000
-38.900000
-38.510000
-37.460000
-37.480000
-38.250000
-38.690000
-38.800000
-39.480000
-40.180000
-40.270000
-39.690000
-40.440000
-40.640000
-39.460000
-38.810000
-38.620000
-38.780000
-38.720000
-40.640000
-40.510000
-41.130000
-41.350000
-42.700000
-43.280000
-43.700000
-44.950000
-45.150000
-45.820000
-45.650000
-45.140000
-44.270000
-43.670000
-43.650000
-44.140000
-44.530000
-44.860000
-45.980000
-45.190000
-45.000000
-44.610000
-44.350000
-45.210000
-44.600000
-44.760000
-45.160000
-45.780000
-45.220000
-44.580000
-43.510000
-43.040000
-43.600000
-43.720000
-43.690000
-43.550000
-43.790000
-43.280000
-42.790000
-42.390000
-41.670000
-40.560000
-40.580000
-41.090000
-40.080000
-39.840000
-39.840000
-38.090000
-37.330000
-35.210000
-35.370000
-35.690000
-34.120000
-33.120000
-31.930000
-30.760000
-30.020000
-28.820000
-27.640000
-29.110000
-28.260000
-28.220000
-28.110000
-27.780000
-28.100000
-27.280000
-26.970000
-26.510000
-27.740000
-27.410000
-27.800000
-28.300000
-28.390000
-27.110000
-27.330000
-27.800000
-26.120000
-24.630000
-24.630000
-23.650000
-22.950000
-21.460000
-21.820000
-21.780000
-20.980000
-20.610000
-20.230000
-20.230000
-19.550000
-19.140000
-18.060000
-17.020000
-17.000000
-17.010000
-15.910000
-16.470000
-16.510000
-17.230000
-17.260000
-16.300000
-15.380000
-14.720000
-14.140000
-13.890000
-12.700000
-11.170000
-10.550000
-10.260000
-9.180000
-7.020000
-5.810000
-5.130000
-4.170000
-3.590000
-3.190000
-3.380000
-2.820000
-2.880000
-2.200000
-1.260000
-1.290000
-0.600000
-0.600000
0.480000
0.830000
1.460000
1.230000
2.170000
1.730000
2.030000
1.890000
3.260000
4.690000
5.400000
6.970000
7.560000
8.280000
9.270000
8.560000
8.830000
8.920000
7.810000
7.740000
8.280000
8.750000
9.790000
9.250000
8.370000
9.070000
9.370000
9.830000
9.380000
9.600000
10.270000
9.010000
10.050000
9.620000
8.330000
8.290000
8.830000
7.730000
8.030000
9.530000
8.930000
9.050000
9.800000
9.860000
9.640000
11.410000
12.100000
12.580000
14.330000
14.240000
14.090000
13.810000
15.800000
14.760000
14.880000
16.020000
16.460000
15.640000
14.690000
15.270000
15.770000
14.950000
15.800000
16.020000
16.380000
16.370000
16.080000
15.220000
15.090000
15.160000
15.260000
15.150000
15.920000
16.450000
17.060000
17.450000
15.990000
16.850000
17.720000
18.160000
18.620000
17.820000
17.900000
18.410000
18.710000
18.800000
17.320000
17.080000
16.950000
15.470000
15.280000
15.370000
15.430000
14.600000
15.870000
15.870000
15.900000
15.850000
15.220000
15.260000
15.040000
15.520000
15.650000
16.410000
16.370000
17.430000
18.430000
19.990000
19.350000
19.640000
19.810000
18.270000
18.000000
18.000000
16.980000
16.240000
16.330000
16.780000
18.750000
20.650000
21.350000
19.860000
19.590000
19.360000
19.670000
18.250000
16.150000
15.980000
18.300000
17.340000
17.410000
17.650000
16.100000
15.370000
15.400000
15.140000
15.230000
16.180000
15.900000
14.380000
14.350000
14.620000
13.530000
13.050000
13.180000
13.320000
12.230000
11.730000
10.480000
10.460000
9.620000
9.510000
8.890000
10.040000
8.830000
7.380000
7.240000
6.780000
7.300000
7.910000
7.370000
7.180000
7.720000
7.740000
7.560000
8.510000
9.450000
10.150000
10.000000
9.300000
9.490000
9.080000
8.650000
8.010000
8.260000
7.710000
8.100000
7.240000
5.070000
4.940000
5.070000
5.040000
3.130000
4.530000
4.420000
5.160000
5.280000
5.530000
6.410000
6.460000
7.760000
8.640000
9.200000
10.080000
10.310000
11.110000
10.620000
12.370000
12.810000
12.840000
13.740000
14.540000
15.430000
15.070000
15.150000
14.340000
12.570000
11.490000
12.090000
10.930000
11.410000
12.960000
13.590000
14.640000
15.420000
16.050000
16.350000
16.170000
14.340000
14.580000
13.620000
14.750000
15.140000
15.980000
16.510000
16.690000
19.620000
20.370000
20.010000
20.630000
20.530000
21.200000
22.630000
24.230000
27.370000
27.260000
27.470000
26.700000
28.270000
29.540000
29.530000
28.900000
29.960000
30.100000
30.170000
28.910000
28.940000
29.330000
29.430000
30.410000
32.610000
34.090000
34.010000
34.580000
35.910000
35.980000
35.070000
36.610000
35.410000
35.460000
35.320000
34.920000
34.990000
35.910000
36.190000
34.530000
36.200000
37.110000
37.910000
39.050000
40.670000
40.720000
40.730000
41.600000
42.770000
42.900000
43.750000
44.670000
45.310000
45.500000
46.330000
48.180000
49.930000
49.120000
50.370000
50.470000
50.540000
49.010000
50.320000
51.460000
51.940000
50.840000
51.680000
52.440000
51.610000
51.460000
51.390000
49.720000
49.190000
50.280000
