-134.000000
-109.000000
-89.000000
-80.000000
-74.000000
-80.666667
-82.428571
-86.250000
-86.555556
-88.900000
-90.363636
-89.083333
-93.153846
-92.785714
-93.933333
-90.000000
-91.882353
-90.666667
-91.368421
-89.100000
-89.142857
-87.636364
-88.652174
-87.250000
-86.920000
-87.807692
-88.074074
-87.678571
-88.517241
-88.166667
-87.677419
-86.125000
-85.363636
-86.147059
-85.257143
-84.222222
-84.756757
-83.210526
-84.179487
-83.700000
-83.609756
-82.833333
-82.674419
-83.931818
-83.711111
-83.847826
-82.680851
-83.708333
-82.326531
-82.200000
-81.294118
-81.500000
-81.188679
-81.555556
-82.509091
-82.535714
-83.087719
-83.517241
-83.288136
-82.016667
-82.000000
-81.612903
-81.444444
-81.953125
-81.430769
-81.909091
-81.238806
-81.220588
-81.376812
-81.271429
-80.338028
-79.916667
-80.616438
-81.202703
-80.213333
-79.671053
-79.480519
-79.397436
-79.784810
-79.075000
-78.580247
-78.219512
-78.662651
-78.809524
-79.388235
-79.569767
-79.816092
-79.318182
-79.528090
-79.155556
-79.263736
-79.695652
-79.043011
-79.542553
-79.589474
-79.229167
-79.402062
-79.642857
-79.828283
-79.850000
-79.210000
-79.300000
-79.950000
-80.160000
-80.670000
-80.200000
-79.920000
-79.980000
-80.210000
-79.740000
-79.220000
-79.680000
-78.850000
-78.910000
-78.560000
-78.750000
-78.260000
-78.880000
-79.150000
-79.740000
-80.160000
-80.450000
-80.240000
-80.220000
-80.370000
-80.300000
-80.370000
-80.790000
-81.020000
-81.100000
-81.520000
-81.220000
-81.290000
-80.430000
-80.920000
-81.660000
-81.540000
-82.300000
-82.440000
-82.120000
-82.610000
-82.820000
-83.280000
-82.480000
-82.410000
-82.670000
-83.390000
-82.610000
-83.360000
-83.640000
-84.220000
-83.790000
-84.300000
-83.750000
-83.840000
-83.740000
-83.530000
-83.100000
-83.550000
-84.620000
-84.200000
-84.460000
-84.090000
-83.970000
-83.890000
-83.110000
-83.120000
-83.150000
-82.760000
-82.800000
-83.040000
-83.560000
-82.950000
-82.950000
-83.820000
-83.740000
-84.210000
-84.910000
-84.170000
-85.050000
-85.070000
-85.810000
-85.200000
-85.040000
-84.520000
-84.350000
-84.260000
-84.310000
-83.170000
-83.380000
-83.470000
-82.380000
-82.760000
-82.480000
-81.980000
-82.440000
-82.240000
-81.980000
-82.150000
-81.930000
-81.670000
-81.180000
-81.340000
-81.080000
-80.490000
-80.510000
-80.890000
-80.610000
-79.880000
-80.320000
-80.280000
-80.270000
-80.380000
-80.680000
-80.020000
-80.630000
-81.040000
-80.820000
-80.740000
-80.310000
-78.960000
-78.750000
-78.520000
-78.910000
-78.460000
-78.400000
-77.690000
-77.610000
-77.550000
-76.870000
-75.700000
-76.260000
-77.010000
-77.590000
-77.550000
-76.980000
-77.400000
-77.660000
-76.970000
-77.380000
-76.850000
-77.170000
-76.790000
-77.300000
-77.840000
-77.210000
-77.440000
-77.190000
-76.870000
-76.870000
-76.750000
-77.140000
-76.550000
-77.210000
-76.260000
-76.030000
-76.260000
-76.430000
-75.800000
-74.950000
-75.430000
-75.300000
-76.310000
-75.560000
-76.090000
-76.320000
-76.970000
-76.540000
-76.100000
-75.590000
-75.960000
-75.550000
-74.620000
-74.800000
-75.000000
-75.680000
-75.050000
-74.190000
-74.720000
-74.510000
-74.860000
-75.080000
-74.920000
-74.630000
-74.440000
-74.710000
-74.910000
-74.890000
-74.810000
-75.300000
-74.770000
-75.260000
-75.530000
-75.330000
-75.800000
-76.240000
-75.700000
-75.420000
-74.340000
-74.340000
-74.780000
-75.350000
-74.890000
-75.140000
-75.570000
-75.820000
-75.390000
-74.760000
-75.410000
-75.110000
-74.610000
-73.680000
-73.610000
-72.780000
-73.620000
-73.630000
-72.560000
-71.340000
-70.250000
-70.830000
-71.660000
-72.460000
-72.490000
-72.170000
-72.190000
-71.240000
-71.690000
-70.340000
-70.070000
-70.840000
-71.250000
-71.220000
-70.630000
-70.780000
-70.700000
-71.240000
-70.450000
-70.320000
-70.380000
-70.410000
-70.560000
-70.170000
-69.210000
-68.790000
-68.510000
-67.680000
-66.890000
-68.020000
-68.130000
-67.800000
-67.350000
-66.440000
-66.300000
-65.420000
-65.580000
-66.320000
-65.880000
-65.170000
-65.260000
-65.440000
-65.150000
-65.470000
-65.170000
-64.900000
-64.760000
-64.810000
-64.160000
-64.280000
-64.670000
-65.550000
-64.650000
-64.790000
-65.340000
-65.270000
-64.630000
-64.770000
-65.430000
-64.740000
-64.690000
-64.240000
-64.500000
-63.580000
-64.140000
-64.540000
-65.360000
-64.960000
-65.050000
-65.030000
-65.210000
-64.150000
-64.810000
-64.980000
-65.360000
-64.800000
-64.160000
-63.300000
-64.410000
-64.730000
-65.450000
-65.580000
-64.630000
-64.630000
-65.180000
-64.680000
-64.840000
-64.640000
-64.690000
-65.040000
-64.960000
-64.830000
-66.000000
-65.200000
-64.640000
-65.470000
-65.060000
-63.480000
-64.050000
-64.630000
-65.530000
-64.320000
-63.400000
-63.080000
-63.020000
-63.310000
-62.890000
-62.650000
-62.770000
-63.850000
-63.200000
-63.290000
-63.620000
-64.000000
-64.310000
-63.650000
-63.190000
-63.230000
-63.800000
-62.950000
-63.120000
-62.340000
-62.430000
-62.480000
-62.790000
-62.900000
-63.120000
-63.580000
-62.950000
-62.280000
-62.930000
-63.080000
-63.210000
-63.050000
-62.580000
-63.080000
-62.720000
-62.230000
-62.090000
-62.820000
-62.680000
-62.940000
-62.830000
-62.300000
-61.850000
-61.850000
-60.900000
-60.260000
-60.250000
-60.860000
-61.530000
-61.130000
-62.310000
-62.200000
-62.720000
-61.920000
-61.990000
-62.220000
-62.090000
-61.960000
-61.680000
-61.580000
-60.870000
-60.990000
-60.880000
-60.990000
-59.790000
-59.110000
-57.870000
-58.490000
-58.590000
-58.140000
-57.230000
-57.670000
-56.820000
-56.560000
-55.690000
-55.790000
-55.900000
-56.140000
-56.390000
-56.400000
-57.260000
-57.200000
-56.410000
-56.500000
-55.470000
-55.380000
-55.560000
-55.570000
-55.120000
-55.210000
-54.800000
-55.320000
-56.350000
-55.720000
-55.170000
-56.750000
-56.200000
-56.490000
-56.050000
-56.300000
-56.980000
-56.640000
-57.030000
-56.110000
-56.730000
-57.370000
-57.540000
-57.240000
-57.510000
-57.350000
-57.980000
-58.460000
-58.220000
-58.340000
-58.980000
-59.210000
-59.410000
-59.690000
-59.280000
-59.420000
-59.010000
-59.790000
-59.300000
-59.940000
-59.600000
-58.970000
-60.090000
-59.980000
-59.280000
-59.250000
-59.490000
-60.540000
-61.740000
-61.750000
-62.100000
-61.410000
-61.940000
-62.100000
-62.790000
-63.220000
-63.520000
-63.910000
-63.260000
-63.560000
-63.720000
-64.780000
-64.680000
-63.690000
-63.150000
-63.530000
-63.800000
-64.030000
-64.310000
-64.610000
-64.490000
-64.550000
-63.420000
-64.330000
-64.430000
-65.030000
-66.080000
-66.010000
-64.940000
-64.690000
-64.670000
-64.680000
-65.190000
-65.310000
-66.360000
-66.850000
-67.550000
-67.360000
-68.180000
-67.750000
-69.190000
-69.350000
-67.550000
-67.700000
-67.510000
-67.610000
-66.820000
-66.990000
-67.030000
-67.570000
-67.460000
-67.160000
-66.530000
-66.820000
-67.090000
-66.320000
-66.320000
-66.790000
-66.850000
-67.180000
-68.560000
-68.590000
-68.700000
-68.990000
-68.830000
-69.370000
-68.950000
-69.330000
-68.680000
-69.550000
-69.950000
-70.170000
-70.230000
-70.810000
-70.420000
-70.650000
-70.610000
-69.960000
-70.200000
-70.900000
-70.210000
-68.790000
-67.230000
-66.620000
-66.020000
-66.290000
-66.370000
-64.530000
-65.990000
-65.880000
-65.850000
-66.210000
-66.210000
-66.620000
-67.070000
-66.990000
-65.730000
-66.020000
-65.520000
-65.770000
-64.740000
-65.880000
-65.400000
-65.140000
-64.100000
-63.180000
-63.520000
-62.560000
-62.810000
-63.030000
-62.980000
-62.670000
-63.170000
-64.190000
-64.390000
-63.500000
-61.950000
-61.840000
-60.820000
-61.080000
-61.270000
-60.430000
-61.210000
-61.310000
-61.210000
-60.020000
-59.470000
-60.040000
-60.320000
-59.840000
-59.560000
-60.680000
-61.360000
-60.920000
-59.470000
-60.500000
-59.570000
-59.220000
-58.520000
-59.980000
-60.510000
-61.110000
-62.060000
-61.910000
-60.820000
-60.090000
-59.970000
-59.860000
-58.960000
-59.030000
-59.510000
-59.340000
-59.280000
-59.650000
-59.920000
-61.060000
-61.760000
-61.780000
-61.510000
-60.960000
-60.760000
-59.480000
-59.520000
-58.750000
-58.350000
-58.230000
-57.880000
-57.830000
-57.090000
-56.460000
-56.070000
-56.540000
-56.460000
-56.320000
-56.430000
-56.630000
-54.880000
-54.690000
-53.570000
-52.310000
-52.430000
-52.970000
-52.250000
-52.940000
-53.940000
-53.680000
-53.600000
-55.120000
-55.120000
-53.690000
-54.080000
-54.390000
-54.000000
-53.890000
-53.840000
-54.090000
-54.850000
-54.030000
-53.500000
-53.820000
-55.470000
-54.480000
-54.200000
-53.850000
-55.080000
-54.950000
-54.710000
-55.890000
-56.820000
-57.310000
-58.360000
-58.630000
-57.850000
-56.740000
-56.010000
-57.190000
-58.540000
-58.890000
-58.540000
-58.120000
-58.630000
-58.670000
-59.000000
-58.530000
-59.180000
-60.560000
-60.870000
-60.720000
-61.790000
-62.590000
-63.260000
-63.480000
-63.470000
-62.880000
-64.020000
-63.960000
-64.650000
-65.310000
-64.820000
-65.260000
-65.110000
-64.990000
-65.410000
-65.470000
-66.420000
-67.740000
-67.890000
-66.850000
-68.270000
-68.440000
-69.020000
-69.650000
-70.500000
-70.310000
-69.360000
-69.410000
-68.040000
-68.670000
-67.930000
-68.960000
-68.830000
-68.590000
-69.460000
-70.000000
-71.290000
-71.350000
-72.760000
-70.970000
-72.590000
-72.630000
-73.010000
-72.770000
-72.900000
-71.560000
-72.360000
-72.290000
-73.830000
-74.240000
-74.340000
-75.870000
-76.030000
-76.490000
-78.230000
-77.210000
-75.860000
-76.270000
-76.300000
-76.250000
-74.690000
-75.850000
-75.990000
-76.830000
-77.390000
-77.610000
-77.720000
-77.770000
-78.520000
-79.220000
-79.230000
-77.990000
-78.170000
-78.560000
-78.800000
-78.940000
-78.630000
-79.630000
-79.790000
-79.730000
-79.720000
-79.760000
-79.800000
-79.840000
-80.180000
-81.160000
-82.190000
-81.780000
-81.280000
-81.280000
-81.510000
-81.880000
-81.440000
-81.080000
-80.600000
-79.960000
-79.910000
-79.830000
-79.730000
-79.670000
-79.580000
-79.480000
-79.960000
-79.660000
-79.100000
-80.040000
-80.290000
-80.210000
-79.540000
-78.820000
-79.870000
-79.460000
-79.490000
-79.300000
-79.410000
-79.340000
-80.060000
-79.650000
-80.660000
-81.850000
-81.180000
-81.190000
-81.420000
-80.420000
-80.540000
-80.210000
-81.140000
-80.990000
-81.700000
-80.670000
-81.260000
-80.100000
-78.970000
-78.430000
-78.760000
-79.060000
-78.750000
-78.930000
-78.890000
-80.590000
-79.710000
-80.620000
-80.630000
-79.930000
-79.810000
-81.210000
-81.080000
-80.750000
-80.810000
-80.380000
-81.280000
-80.890000
-81.360000
-81.460000
-81.840000
-83.220000
-84.710000
-84.950000
-85.490000
-84.760000
-85.600000
-85.600000
-84.900000
-84.560000
-84.060000
-83.810000
-83.260000
-83.250000
-82.220000
-81.570000
-82.460000
-83.160000
-82.890000
-83.400000
-83.420000
-83.500000
-83.120000
-81.650000
-82.080000
-81.700000
-81.490000
-80.240000
-79.810000
-79.140000
-79.420000
-79.300000
-78.800000
-78.450000
-78.390000
-77.020000
-77.300000
-76.680000
-77.090000
-77.440000
-77.530000
-78.260000
-77.360000
-77.060000
-76.710000
-76.150000
-75.510000
-75.690000
-75.200000
-74.840000
-74.960000
-74.610000
-73.960000
-73.310000
-73.870000
-72.910000
-72.520000
-72.280000
-71.790000
-71.130000
-69.820000
-69.540000
-68.720000
-68.370000
