-90.000000
-101.500000
-108.000000
-96.250000
-99.600000
-96.666667
-99.285714
-82.500000
-84.777778
-83.100000
-82.000000
-83.666667
-83.307692
-80.857143
-83.200000
-81.312500
-82.235294
-85.222222
-85.631579
-83.550000
-81.000000
-81.909091
-83.173913
-81.958333
-81.240000
-81.884615
-79.592593
-80.321429
-80.413793
-82.166667
-80.483871
-80.468750
-81.121212
-81.176471
-81.742857
-82.583333
-81.945946
-81.947368
-82.076923
-82.575000
-80.731707
-81.166667
-81.767442
-82.204545
-82.555556
-82.086957
-83.191489
-83.083333
-83.510204
-82.780000
-82.921569
-83.000000
-82.358491
-82.462963
-83.563636
-83.892857
-83.456140
-83.862069
-84.389831
-84.516667
-84.393443
-83.887097
-84.333333
-84.750000
-85.123077
-84.863636
-85.223881
-84.911765
-85.188406
-85.414286
-85.901408
-85.930556
-86.000000
-86.040541
-85.453333
-85.539474
-85.285714
-84.551282
-84.544304
-84.437500
-84.246914
-84.585366
-84.253012
-84.107143
-84.235294
-84.406977
-84.172414
-84.704545
-84.988764
-85.566667
-85.846154
-86.130435
-86.677419
-86.521277
-86.421053
-86.770833
-86.432990
-85.969388
-86.252525
-86.540000
-86.420000
-86.130000
-86.010000
-86.520000
-86.220000
-86.540000
-86.500000
-87.760000
-87.810000
-87.540000
-87.390000
-87.350000
-87.690000
-88.350000
-87.570000
-87.410000
-87.320000
-87.080000
-87.210000
-87.660000
-87.730000
-87.450000
-87.460000
-87.940000
-88.200000
-88.080000
-88.310000
-88.350000
-88.160000
-87.130000
-87.520000
-87.320000
-86.990000
-87.190000
-86.800000
-86.430000
-87.000000
-86.950000
-87.010000
-86.770000
-87.510000
-87.400000
-87.490000
-86.980000
-87.020000
-87.180000
-86.740000
-86.360000
-85.930000
-86.580000
-86.550000
-87.070000
-87.700000
-87.970000
-87.550000
-87.510000
-87.970000
-87.590000
-86.910000
-87.340000
-87.180000
-88.080000
-87.980000
-87.470000
-86.940000
-87.260000
-87.440000
-87.540000
-87.230000
-87.560000
-87.780000
-87.600000
-87.580000
-87.820000
-88.810000
-88.530000
-87.520000
-87.740000
-87.540000
-87.230000
-86.810000
-86.330000
-87.180000
-87.240000
-87.130000
-86.450000
-85.670000
-85.480000
-85.200000
-84.420000
-84.230000
-84.000000
-83.060000
-83.390000
-83.760000
-83.150000
-83.110000
-83.640000
-83.620000
-83.550000
-83.290000
-83.250000
-83.580000
-83.480000
-83.500000
-83.200000
-82.730000
-82.840000
-82.580000
-83.500000
-83.830000
-83.980000
-83.480000
-82.750000
-82.630000
-83.410000
-83.640000
-83.660000
-83.620000
-83.470000
-83.820000
-83.860000
-83.730000
-83.450000
-83.360000
-83.080000
-83.780000
-83.790000
-83.600000
-84.010000
-84.420000
-84.530000
-85.080000
-83.940000
-83.770000
-83.660000
-82.670000
-82.850000
-82.510000
-82.740000
-81.430000
-81.310000
-80.980000
-81.220000
-80.840000
-80.290000
-80.510000
-81.000000
-80.850000
-79.880000
-80.120000
-79.340000
-78.790000
-78.150000
-78.050000
-78.050000
-77.690000
-77.530000
-77.770000
-76.900000
-76.920000
-76.330000
-76.220000
-76.520000
-76.740000
-76.380000
-76.040000
-75.490000
-76.150000
-75.650000
-75.720000
-75.550000
-75.350000
-74.720000
-73.810000
-73.750000
-75.410000
-75.440000
-75.510000
-75.390000
-76.310000
-76.990000
-76.720000
-77.170000
-77.660000
-78.390000
-79.530000
-79.190000
-79.700000
-79.610000
-79.260000
-79.300000
-79.760000
-79.550000
-79.320000
-79.760000
-80.000000
-79.820000
-79.600000
-79.850000
-80.450000
-80.770000
-79.970000
-80.250000
-80.310000
-80.590000
-81.080000
-80.690000
-80.620000
-80.400000
-80.640000
-80.790000
-81.300000
-81.550000
-82.010000
-81.450000
-80.710000
-80.300000
-79.890000
-80.080000
-80.510000
-80.740000
-80.480000
-81.060000
-80.860000
-81.710000
-81.590000
-80.940000
-81.290000
-81.540000
-81.080000
-81.260000
-80.880000
-81.740000
-82.720000
-83.180000
-83.980000
-84.170000
-84.870000
-85.020000
-86.360000
-86.460000
-85.910000
-85.840000
-85.820000
-86.240000
-86.030000
-86.130000
-86.660000
-87.210000
-86.600000
-86.100000
-86.100000
-86.070000
-86.060000
-86.080000
-85.780000
-85.620000
-86.150000
-86.450000
-86.720000
-86.350000
-86.560000
-86.340000
-86.600000
-86.290000
-86.350000
-86.400000
-86.010000
-85.600000
-84.820000
-84.980000
-85.010000
-85.150000
-85.180000
-86.020000
-85.480000
-85.130000
-85.140000
-85.800000
-85.620000
-84.870000
-84.000000
-84.080000
-83.230000
-82.600000
-81.760000
-82.100000
-81.910000
-82.560000
-83.000000
-82.780000
-82.840000
-83.200000
-82.810000
-82.630000
-83.110000
-82.560000
-82.440000
-81.610000
-81.130000
-80.820000
-81.300000
-81.000000
-81.140000
-80.600000
-80.230000
-80.080000
-80.470000
-79.240000
-78.350000
-77.570000
-77.470000
-77.800000
-77.920000
-77.610000
-78.570000
-78.400000
-79.220000
-78.970000
-78.720000
-78.140000
-78.030000
-77.720000
-78.080000
-77.730000
-77.350000
-77.440000
-77.180000
-76.700000
-76.500000
-76.600000
-76.490000
-76.850000
-75.970000
-75.900000
-75.780000
-75.260000
-74.640000
-74.630000
-74.230000
-74.510000
-75.240000
-75.990000
-75.830000
-76.250000
-76.190000
-76.330000
-76.720000
-76.890000
-77.500000
-77.680000
-78.220000
-78.580000
-78.290000
-77.800000
-78.030000
-78.370000
-77.710000
-77.840000
-77.400000
-77.420000
-77.420000
-76.910000
-76.270000
-77.360000
-77.010000
-77.750000
-77.110000
-77.710000
-78.050000
-78.660000
-78.830000
-78.810000
-78.700000
-77.870000
-77.980000
-78.440000
-78.570000
-78.420000
-78.720000
-78.630000
-78.770000
-78.670000
-79.150000
-79.240000
-80.220000
-79.640000
-79.450000
-78.920000
-79.060000
-78.560000
-78.660000
-78.380000
-79.290000
-79.760000
-79.340000
-80.040000
-80.260000
-80.960000
-81.150000
-81.010000
-80.430000
-79.850000
-79.450000
-79.350000
-79.720000
-79.640000
-78.540000
-79.920000
-80.240000
-80.120000
-79.750000
-79.090000
-79.080000
-79.580000
-79.690000
-79.060000
-78.480000
-78.370000
-78.210000
-78.500000
-78.750000
-78.840000
-78.630000
-78.180000
-77.950000
-78.070000
-77.920000
-78.110000
-78.280000
-77.890000
-77.870000
-77.630000
-77.370000
-77.310000
-77.580000
-77.270000
-77.500000
-77.360000
-77.940000
-77.590000
-77.380000
-76.880000
-77.200000
-76.660000
-76.820000
-76.050000
-75.220000
-75.020000
-74.510000
-74.790000
-74.800000
-75.300000
-75.000000
-75.290000
-74.950000
-75.680000
-76.230000
-76.210000
-76.390000
-76.530000
-76.540000
-77.280000
-77.730000
-77.180000
-77.430000
-77.580000
-78.440000
-78.040000
-77.710000
-76.790000
-75.940000
-76.720000
-77.070000
-76.660000
-76.410000
-75.690000
-75.780000
-76.100000
-75.320000
-75.540000
-75.870000
-75.440000
-75.220000
-75.360000
-74.460000
-75.150000
-74.670000
-74.640000
-73.970000
-74.960000
-74.790000
-74.530000
-74.330000
-73.650000
-74.010000
-74.150000
-73.720000
-72.600000
-72.680000
-72.810000
-73.010000
-72.980000
-73.100000
-72.840000
-72.450000
-72.860000
-73.200000
-72.530000
-73.080000
-73.420000
-73.700000
-73.590000
-74.210000
-74.660000
-73.800000
-73.830000
-73.980000
-74.030000
-73.770000
-73.830000
-73.550000
-72.750000
-72.510000
-72.040000
-72.230000
-72.360000
-72.970000
-73.740000
-74.230000
-73.830000
-73.700000
-73.350000
-73.060000
-72.000000
-70.980000
-71.180000
-71.410000
-71.490000
-70.920000
-70.340000
-70.390000
-70.260000
-70.220000
-70.240000
-70.040000
-70.280000
-69.490000
-70.020000
-70.070000
-70.180000
-69.800000
-69.280000
-69.910000
-69.910000
-70.310000
-69.170000
-68.490000
-68.180000
-67.830000
-67.850000
-67.270000
-67.520000
-66.820000
-66.890000
-66.270000
-65.980000
-65.770000
-65.710000
-66.440000
-66.770000
-67.970000
-67.680000
-67.550000
-67.860000
-67.590000
-68.610000
-68.340000
-68.150000
-68.610000
-68.190000
-67.770000
-68.180000
-67.920000
-68.160000
-68.480000
-67.880000
-68.600000
-69.110000
-69.100000
-68.730000
-68.590000
-68.310000
-68.060000
-68.270000
-67.330000
-67.230000
-67.810000
-68.340000
-68.770000
-68.920000
-68.690000
-69.090000
-69.040000
-69.470000
-69.560000
-69.170000
-69.580000
-69.950000
-69.430000
-69.520000
-69.060000
-69.640000
-68.930000
-68.420000
-67.880000
-68.520000
-68.160000
-68.470000
-68.920000
-68.920000
-69.380000
-69.960000
-69.980000
-70.640000
-70.420000
-70.840000
-70.860000
-69.670000
-69.240000
-69.540000
-69.980000
-70.090000
-70.360000
-71.150000
-72.160000
-71.840000
-72.100000
-71.590000
-72.080000
-72.750000
-73.020000
-73.560000
-73.320000
-73.540000
-73.580000
-74.110000
-74.490000
-73.970000
-74.020000
-74.190000
-74.030000
-73.800000
-73.690000
-73.620000
-74.060000
-74.040000
-74.110000
-74.410000
-74.670000
-74.880000
-75.380000
-75.050000
-75.930000
-75.570000
-75.780000
-75.880000
-76.340000
-75.970000
-75.670000
-75.920000
-75.040000
-74.390000
-74.420000
-74.920000
-75.040000
-75.300000
-75.730000
-75.910000
-75.420000
-76.290000
-76.810000
-75.900000
-76.260000
-76.270000
-76.090000
-75.850000
-75.400000
-74.800000
-75.340000
-74.640000
-75.300000
-75.380000
-74.090000
-73.810000
-74.330000
-73.460000
-73.450000
-73.530000
-72.410000
-72.240000
-72.650000
-72.210000
-72.350000
-72.200000
-71.940000
-72.270000
-71.870000
-71.660000
-71.850000
-71.200000
-71.120000
-70.490000
-70.340000
-70.560000
-71.460000
-71.770000
-72.100000
-71.930000
-72.120000
-71.700000
-71.610000
-70.870000
-70.620000
-70.630000
-71.420000
-70.960000
-70.500000
-70.870000
-69.150000
-68.900000
-68.710000
-68.510000
-69.390000
-69.840000
-69.590000
-70.070000
-69.420000
-70.150000
-68.940000
-68.460000
-67.230000
-66.440000
-66.720000
-65.550000
-65.110000
-65.020000
-65.720000
-65.940000
-66.040000
-66.400000
-66.750000
-67.270000
-67.080000
-67.460000
-67.070000
-67.310000
-67.480000
-67.150000
-67.190000
-66.910000
-67.010000
-66.660000
-66.280000
-66.040000
-66.130000
-65.190000
-64.660000
-65.570000
-64.820000
-64.830000
-64.940000
-64.860000
-65.080000
-65.130000
-65.950000
-65.680000
-65.350000
-65.440000
-65.580000
-65.190000
-65.790000
-66.460000
-66.210000
-66.580000
-67.130000
-66.770000
-66.490000
-66.540000
-65.760000
-65.650000
-65.060000
-65.200000
-66.390000
-66.660000
-67.230000
-67.610000
-67.070000
-67.430000
-68.370000
-67.540000
-66.610000
-67.000000
-66.780000
-66.830000
-67.380000
-67.030000
-67.290000
-66.700000
-66.470000
-67.120000
-67.080000
-67.800000
-67.600000
-67.690000
-67.260000
-67.030000
-66.800000
-66.750000
-66.320000
-67.130000
-67.220000
-67.390000
-67.690000
-67.460000
-67.750000
-67.900000
-67.950000
-68.100000
-70.320000
-70.840000
-71.190000
-71.580000
-71.200000
-70.590000
-70.220000
-70.140000
-70.600000
-70.430000
-70.930000
-70.700000
-71.090000
-71.550000
-71.490000
-72.670000
-73.200000
-73.280000
-73.550000
-73.040000
-72.620000
-71.870000
-71.530000
-71.370000
-71.450000
-70.970000
-70.530000
-70.830000
-70.900000
-70.900000
-70.800000
-71.360000
-70.970000
-71.000000
-70.820000
-70.920000
-71.360000
-72.120000
-71.250000
-71.060000
-71.140000
-71.170000
-72.030000
-71.890000
-72.150000
-71.850000
-70.940000
-70.580000
-70.300000
-69.640000
-69.740000
-69.550000
-68.230000
-67.790000
-67.570000
-66.890000
-66.070000
-67.470000
-68.430000
-68.450000
-68.930000
-69.440000
-69.360000
-69.800000
-69.760000
-69.690000
-69.390000
-69.890000
-70.440000
-69.760000
