-51.000000
-82.000000
-91.666667
-96.500000
-98.800000
-95.166667
-96.571429
-97.875000
-98.000000
-98.000000
-94.545455
-97.666667
-98.076923
-98.357143
-96.333333
-91.625000
-92.764706
-92.666667
-95.157895
-88.900000
-89.952381
-90.545455
-91.478261
-91.833333
-92.760000
-93.153846
-92.518519
-93.285714
-92.379310
-93.266667
-93.290323
-92.156250
-90.515152
-89.529412
-90.257143
-89.111111
-89.729730
-90.447368
-90.000000
-90.625000
-91.170732
-88.666667
-89.209302
-88.750000
-88.266667
-86.913043
-86.404255
-87.166667
-87.326531
-87.600000
-88.137255
-88.057692
-88.471698
-88.907407
-89.381818
-88.053571
-87.333333
-87.758621
-88.152542
-88.150000
-88.540984
-88.741935
-88.571429
-88.015625
-87.769231
-87.439394
-87.835821
-87.647059
-88.014493
-88.414286
-87.830986
-87.486111
-87.027397
-86.972973
-86.813333
-86.986842
-86.688312
-86.307692
-86.113924
-86.162500
-86.506173
-86.012195
-86.156627
-86.678571
-86.894118
-87.162791
-87.425287
-86.556818
-86.505618
-86.511111
-86.131868
-86.293478
-86.419355
-86.234043
-86.231579
-85.979167
-86.237113
-85.734694
-85.686869
-85.890000
-86.370000
-86.350000
-86.330000
-86.220000
-86.260000
-86.420000
-86.240000
-85.980000
-85.790000
-85.830000
-85.670000
-84.970000
-85.120000
-84.810000
-85.250000
-85.800000
-85.080000
-85.140000
-83.620000
-84.480000
-84.030000
-83.750000
-83.140000
-83.340000
-83.380000
-83.290000
-83.100000
-83.200000
-82.850000
-82.350000
-82.100000
-82.010000
-82.830000
-82.770000
-82.670000
-82.600000
-82.160000
-81.640000
-82.230000
-81.890000
-81.880000
-82.700000
-82.240000
-82.310000
-82.380000
-82.430000
-82.820000
-82.260000
-82.050000
-81.610000
-81.450000
-81.610000
-81.180000
-80.650000
-80.250000
-80.830000
-80.940000
-80.800000
-81.120000
-80.540000
-79.990000
-79.810000
-79.660000
-79.480000
-79.030000
-78.510000
-78.210000
-78.270000
-78.260000
-78.300000
-78.840000
-78.980000
-79.370000
-79.310000
-79.300000
-78.690000
-78.800000
-78.700000
-78.050000
-78.110000
-77.630000
-77.700000
-77.420000
-76.620000
-75.940000
-75.580000
-75.330000
-76.030000
-76.150000
-76.700000
-76.930000
-76.610000
-76.300000
-76.500000
-76.220000
-77.060000
-77.050000
-76.890000
-76.530000
-74.680000
-74.550000
-74.010000
-73.500000
-73.630000
-73.250000
-73.000000
-72.700000
-72.370000
-71.830000
-71.390000
-71.630000
-72.120000
-71.550000
-71.310000
-70.560000
-71.240000
-72.000000
-71.920000
-72.610000
-72.420000
-72.570000
-72.680000
-73.090000
-72.580000
-72.830000
-72.590000
-72.600000
-71.910000
-72.180000
-71.970000
-71.990000
-72.210000
-71.630000
-71.970000
-71.400000
-71.560000
-72.330000
-72.140000
-71.670000
-71.810000
-71.310000
-71.210000
-71.250000
-71.230000
-70.430000
-70.930000
-70.720000
-71.480000
-70.820000
-70.750000
-71.020000
-70.860000
-71.620000
-71.760000
-70.980000
-70.850000
-71.510000
-70.170000
-68.920000
-70.050000
-70.190000
-70.790000
-71.620000
-71.740000
-72.510000
-73.210000
-73.100000
-73.230000
-73.350000
-73.290000
-72.540000
-71.970000
-72.200000
-71.060000
-70.810000
-70.910000
-71.320000
-71.430000
-72.120000
-71.720000
-71.700000
-71.920000
-70.920000
-71.550000
-71.280000
-71.330000
-71.530000
-71.770000
-71.880000
-71.480000
-71.770000
-72.130000
-71.950000
-72.220000
-72.030000
-71.070000
-70.720000
-71.560000
-71.800000
-73.640000
-73.520000
-73.580000
-73.190000
-73.100000
-73.110000
-72.960000
-72.980000
-73.050000
-72.980000
-73.560000
-73.490000
-73.420000
-73.860000
-74.000000
-74.680000
-73.210000
-73.490000
-74.010000
-74.540000
-75.600000
-75.920000
-76.490000
-76.890000
-77.620000
-77.090000
-77.710000
-78.300000
-79.180000
-79.750000
-80.480000
-80.810000
-81.150000
-81.690000
-81.880000
-81.370000
-81.950000
-81.920000
-82.880000
-81.840000
-81.930000
-82.350000
-83.200000
-83.930000
-84.630000
-86.110000
-84.940000
-85.560000
-85.570000
-86.920000
-87.580000
-87.670000
-88.180000
-87.910000
-88.340000
-89.530000
-89.830000
-90.020000
-91.810000
-92.670000
-92.660000
-93.380000
-93.380000
-93.350000
-94.300000
-94.690000
-95.280000
-95.980000
-96.470000
-96.660000
-96.940000
-98.110000
-99.340000
-99.600000
-100.880000
-101.820000
-102.490000
-102.490000
-102.970000
-103.640000
-104.240000
-104.760000
-105.050000
-106.510000
-106.540000
-107.790000
-108.040000
-107.600000
-107.450000
-107.830000
-108.230000
-108.620000
-109.000000
-109.940000
-110.210000
-110.980000
-111.640000
-112.050000
-112.160000
-112.900000
-113.280000
-113.970000
-114.770000
-116.010000
-116.400000
-117.080000
-117.980000
-118.850000
-119.410000
-120.650000
-120.920000
-121.740000
-122.130000
-122.510000
-123.330000
-123.710000
-125.170000
-124.850000
-124.350000
-124.160000
-123.890000
-124.110000
-123.720000
-123.450000
-122.580000
-121.860000
-120.730000
-119.750000
-119.480000
-118.510000
-118.410000
-118.530000
-118.400000
-118.400000
-118.400000
-119.860000
-120.130000
-120.130000
-119.820000
-121.070000
-121.190000
-121.310000
-120.920000
-120.650000
-120.320000
-119.810000
-121.280000
-120.890000
-120.870000
-120.870000
-121.140000
-121.250000
-121.330000
-121.600000
-121.350000
-121.100000
-121.050000
-120.720000
-120.720000
-121.110000
-120.560000
-119.900000
-119.340000
-118.460000
-117.030000
-115.470000
-115.160000
-114.480000
-113.910000
-113.910000
-113.920000
-113.600000
-113.080000
-112.820000
-113.070000
-113.070000
-113.340000
-113.600000
-114.000000
-114.010000
-114.280000
-114.550000
-114.940000
-115.210000
-115.470000
-115.550000
-115.940000
-116.730000
-117.240000
-117.220000
-117.220000
-117.200000
-117.200000
-117.200000
-117.200000
-117.470000
-117.740000
-118.010000
-118.290000
-118.290000
-118.290000
-118.290000
-118.300000
-118.300000
-118.300000
-118.310000
-118.310000
-118.290000
-118.610000
-118.600000
-118.580000
-118.570000
-118.570000
-118.570000
-118.570000
-118.570000
-118.570000
-118.890000
-119.410000
-119.920000
-120.200000
-120.280000
-120.670000
-121.040000
-121.920000
-123.160000
-124.400000
-125.630000
-125.910000
-127.150000
-127.470000
-127.740000
-128.230000
-128.170000
-128.210000
-127.520000
-126.940000
-125.530000
-125.540000
-125.600000
-124.090000
-124.190000
-124.190000
-123.780000
-122.770000
-122.720000
-121.830000
-121.540000
-121.160000
-120.640000
-120.390000
-119.120000
-118.730000
-118.650000
-118.900000
-119.150000
-119.460000
-118.550000
-117.310000
-116.070000
-115.950000
-115.370000
-114.690000
-115.050000
-116.170000
-117.450000
-116.520000
-115.960000
-115.190000
-114.670000
-114.150000
-113.950000
-113.120000
-112.960000
-113.220000
-112.950000
-112.520000
-112.530000
-112.500000
-112.180000
-111.910000
-111.820000
-111.440000
-111.170000
-111.180000
-111.180000
-111.180000
-111.200000
-111.230000
-109.580000
-109.600000
-109.060000
-109.060000
-108.500000
-107.940000
-107.420000
-106.900000
-106.590000
-106.290000
-105.990000
-104.750000
-104.070000
-103.740000
-103.450000
-102.210000
-101.820000
-100.580000
-99.330000
-98.090000
-97.580000
-97.080000
-96.240000
-95.950000
-95.430000
-95.420000
-94.900000
-94.630000
-94.350000
-93.530000
-93.150000
-93.130000
-93.140000
-93.140000
-93.150000
-92.880000
-92.610000
-92.020000
-90.790000
-90.100000
-88.860000
-88.180000
-87.910000
-86.700000
-85.790000
-85.880000
-85.330000
-84.670000
-84.850000
-84.480000
-84.500000
-85.400000
-84.330000
-83.840000
-83.640000
-83.730000
-83.060000
-83.030000
-82.470000
-81.620000
-80.900000
-80.630000
-81.790000
-80.830000
-80.720000
-80.720000
-79.750000
-79.630000
-80.590000
-81.440000
-82.000000
-81.440000
-81.440000
-81.640000
-81.220000
-80.300000
-79.900000
-80.870000
-80.870000
-81.080000
-80.510000
-80.760000
-80.040000
-81.010000
-81.170000
-80.910000
-80.550000
-80.560000
-80.040000
-79.820000
-80.140000
-79.990000
-79.450000
-79.310000
-79.200000
-78.380000
-76.590000
-75.770000
-75.510000
-74.850000
-75.280000
-74.030000
-73.350000
-73.080000
-72.400000
-72.020000
-71.610000
-71.860000
-70.930000
-71.050000
-70.830000
-71.550000
-71.380000
-71.400000
-71.400000
-71.400000
-70.540000
-70.840000
-71.800000
-72.770000
-73.210000
-72.490000
-72.100000
-71.150000
-70.430000
-70.060000
-69.340000
-68.930000
-69.130000
-69.680000
-69.890000
-69.270000
-68.740000
-68.450000
-67.930000
-67.680000
-67.420000
-67.710000
-68.780000
-69.170000
-70.220000
-69.660000
-68.690000
-68.580000
-68.580000
-67.600000
-67.600000
-68.550000
-68.550000
-67.990000
-67.040000
-66.680000
-66.680000
-66.320000
-65.960000
-66.810000
-67.490000
-68.210000
-68.920000
-69.640000
-70.580000
-69.860000
-68.700000
-68.810000
-67.930000
-67.810000
-67.810000
-67.520000
-67.500000
-66.650000
-66.890000
-67.830000
-68.130000
-68.410000
-68.800000
-68.800000
-68.160000
-67.800000
-68.490000
-69.540000
-70.240000
-70.150000
-71.430000
-71.820000
-71.820000
-71.570000
-71.810000
-72.060000
-72.500000
-72.170000
-71.430000
-71.300000
-71.400000
-71.750000
-71.450000
-72.100000
-73.720000
-74.370000
-74.340000
-73.750000
-73.750000
-74.280000
-74.990000
-74.720000
-75.430000
-75.850000
-76.260000
-76.350000
-76.550000
-76.430000
-75.710000
-74.990000
-75.560000
-74.620000
-73.670000
-73.670000
-73.670000
-73.270000
-72.310000
-71.340000
-70.180000
-70.900000
-71.740000
-72.700000
-73.290000
-72.430000
-72.430000
-71.870000
-71.570000
-70.940000
-70.840000
-70.760000
-70.990000
-70.980000
-71.120000
-71.120000
-71.130000
-70.900000
-70.430000
-70.640000
-70.310000
-71.020000
-71.890000
-73.020000
-73.740000
-73.970000
-74.940000
-74.960000
-74.960000
-75.930000
-75.930000
-76.520000
-77.490000
-78.050000
-79.020000
-79.130000
-79.310000
-78.730000
-78.500000
-78.380000
-78.400000
-79.160000
-80.120000
-81.020000
-80.850000
-80.690000
-81.290000
-81.420000
-80.960000
-79.630000
-78.970000
-78.510000
-78.690000
-78.340000
-78.250000
-78.380000
-79.100000
-79.440000
-79.710000
-79.510000
-79.620000
-79.300000
-78.980000
-77.730000
-76.760000
-76.570000
-76.650000
-76.540000
-75.940000
-75.810000
-75.310000
-74.620000
-74.360000
-73.320000
-72.790000
-71.750000
-70.710000
-70.500000
-69.590000
-69.620000
-69.700000
-69.170000
-69.390000
-68.690000
-68.540000
-68.750000
-68.990000
-68.890000
-69.140000
-69.130000
-69.380000
-70.320000
-70.320000
-70.880000
-71.130000
-71.690000
-71.690000
-72.050000
-72.050000
-72.050000
-72.050000
-71.330000
-70.520000
-70.280000
-70.000000
-70.240000
-70.480000
-70.720000
-70.580000
-71.030000
-70.320000
-69.920000
-69.760000
-68.910000
-68.610000
-68.450000
-68.290000
-67.610000
-67.250000
-66.340000
-66.580000
-66.110000
-65.800000
-65.740000
-65.990000
-66.290000
-65.350000
-64.460000
-64.700000
-63.970000
-64.690000
-64.820000
-64.090000
-63.660000
-63.410000
-63.170000
-63.030000
-63.130000
-62.890000
-63.330000
-63.090000
-63.050000
-62.690000
-62.110000
-63.020000
-63.050000
-62.770000
-62.320000
-61.970000
-63.780000
-64.200000
-63.850000
-63.610000
-63.610000
-63.370000
-63.250000
-63.030000
-62.640000
-62.600000
-61.880000
-61.240000
-61.400000
-61.160000
-61.290000
-61.420000
-61.020000
-60.570000
-60.170000
-60.370000
-59.940000
-60.500000
-60.740000
-60.850000
-61.540000
-62.070000
-62.730000
-63.860000
-63.600000
-64.290000
-64.500000
-64.840000
-65.320000
-64.630000
-64.870000
-64.810000
-64.600000
-63.960000
-63.240000
-63.510000
-63.050000
-63.040000
-62.520000
