-131.000000
-123.000000
-124.000000
-118.000000
-121.800000
-113.666667
-111.142857
-115.000000
-108.000000
-103.700000
-103.181818
-100.750000
-99.384615
-100.142857
-99.800000
-99.187500
-97.529412
-95.777778
-96.157895
-94.700000
-92.380952
-89.045455
-90.217391
-91.041667
-89.680000
-87.923077
-88.740741
-89.500000
-90.172414
-88.066667
-87.451613
-88.875000
-90.181818
-90.500000
-90.914286
-90.166667
-89.594595
-90.447368
-89.871795
-89.300000
-90.000000
-89.214286
-90.116279
-90.113636
-89.400000
-89.869565
-90.404255
-90.333333
-90.163265
-89.860000
-89.137255
-89.365385
-87.773585
-86.777778
-86.781818
-87.250000
-87.052632
-86.551724
-85.220339
-84.733333
-85.245902
-85.887097
-85.269841
-85.687500
-86.138462
-86.575758
-86.552239
-86.338235
-85.898551
-85.928571
-86.422535
-86.402778
-86.479452
-86.797297
-86.440000
-86.750000
-86.584416
-86.307692
-85.924051
-86.500000
-86.777778
-87.073171
-86.927711
-86.630952
-86.917647
-86.755814
-86.471264
-86.852273
-86.887640
-86.577778
-86.901099
-86.163043
-86.247312
-86.308511
-86.052632
-85.864583
-86.134021
-86.010204
-85.565657
-85.060000
-84.460000
-83.870000
-84.040000
-83.260000
-83.170000
-82.950000
-83.130000
-82.620000
-83.210000
-82.980000
-83.030000
-83.650000
-84.140000
-83.710000
-83.580000
-82.880000
-82.480000
-82.610000
-82.120000
-82.740000
-83.020000
-83.940000
-83.610000
-83.950000
-83.380000
-83.460000
-82.720000
-82.660000
-82.370000
-83.260000
-83.900000
-82.160000
-81.990000
-81.780000
-81.990000
-81.840000
-81.910000
-81.800000
-82.260000
-81.770000
-81.000000
-81.210000
-80.940000
-80.610000
-80.610000
-79.590000
-79.440000
-79.980000
-79.750000
-79.870000
-80.230000
-79.840000
-80.650000
-80.870000
-80.910000
-80.120000
-80.480000
-80.380000
-81.340000
-81.470000
-80.220000
-80.030000
-80.550000
-80.200000
-80.240000
-79.650000
-79.360000
-79.030000
-79.470000
-79.270000
-79.010000
-78.940000
-77.940000
-77.560000
-77.790000
-77.020000
-77.440000
-77.510000
-77.450000
-77.470000
-76.930000
-76.510000
-76.880000
-76.790000
-76.890000
-77.180000
-77.610000
-77.050000
-77.170000
-77.100000
-76.830000
-76.900000
-76.740000
-76.630000
-76.520000
-76.740000
-76.050000
-75.940000
-76.670000
-76.860000
-76.990000
-77.740000
-77.200000
-77.840000
-77.170000
-76.710000
-75.750000
-75.690000
-75.460000
-75.600000
-75.380000
-75.320000
-74.500000
-74.840000
-74.240000
-74.500000
-74.770000
-73.860000
-73.920000
-73.010000
-72.380000
-72.520000
-73.040000
-72.720000
-73.630000
-73.450000
-73.640000
-73.290000
-72.880000
-72.450000
-71.640000
-72.980000
-72.780000
-72.250000
-71.400000
-72.010000
-71.780000
-72.110000
-72.170000
-73.300000
-72.820000
-72.420000
-71.780000
-72.320000
-72.650000
-72.890000
-72.160000
-70.840000
-71.370000
-71.140000
-71.290000
-71.700000
-71.990000
-71.510000
-70.720000
-71.290000
-69.660000
-69.960000
-68.750000
-69.100000
-70.340000
-69.700000
-69.040000
-69.640000
-68.830000
-69.720000
-65.960000
-65.740000
-65.340000
-64.420000
-64.420000
-64.760000
-65.650000
-65.490000
-65.420000
-65.750000
-65.040000
-65.150000
-65.370000
-64.070000
-64.430000
-63.810000
-63.420000
-64.200000
-62.670000
-62.330000
-61.930000
-62.080000
-61.390000
-60.490000
-60.250000
-60.080000
-59.690000
-58.400000
-58.390000
-58.270000
-58.640000
-58.080000
-57.210000
-57.180000
-57.380000
-57.230000
-57.160000
-57.420000
-57.400000
-58.010000
-58.640000
-58.460000
-58.250000
-58.350000
-58.430000
-57.690000
-57.990000
-57.760000
-57.800000
-57.400000
-57.370000
-58.890000
-58.960000
-59.990000
-60.530000
-59.780000
-59.220000
-58.420000
-57.750000
-57.450000
-57.470000
-57.430000
-55.300000
-55.220000
-56.040000
-56.230000
-55.920000
-56.810000
-57.400000
-57.080000
-57.110000
-56.710000
-56.150000
-55.950000
-55.780000
-55.900000
-55.780000
-55.700000
-55.150000
-55.090000
-55.750000
-57.070000
-56.560000
-56.700000
-56.440000
-56.230000
-55.910000
-55.860000
-56.620000
-55.960000
-57.370000
-57.870000
-58.420000
-57.750000
-57.250000
-57.630000
-57.960000
-56.770000
-57.700000
-57.470000
-61.710000
-62.120000
-61.650000
-62.480000
-62.210000
-61.190000
-61.430000
-61.710000
-61.490000
-62.160000
-62.830000
-63.210000
-62.190000
-62.680000
-62.890000
-63.420000
-63.690000
-62.810000
-64.430000
-64.610000
-63.220000
-63.780000
-63.810000
-65.280000
-65.680000
-66.270000
-66.150000
-67.940000
-67.820000
-67.190000
-66.900000
-66.960000
-68.120000
-67.890000
-67.970000
-67.630000
-67.730000
-66.510000
-66.700000
-66.940000
-66.490000
-66.220000
-66.120000
-65.950000
-65.780000
-66.250000
-66.350000
-66.250000
-66.070000
-66.660000
-67.130000
-65.810000
-65.880000
-64.770000
-64.270000
-64.700000
-64.460000
-65.130000
-65.580000
-66.690000
-66.410000
-66.760000
-68.380000
-67.430000
-66.750000
-66.720000
-66.750000
-65.880000
-65.520000
-64.900000
-65.240000
-64.560000
-64.760000
-64.310000
-64.900000
-65.550000
-66.450000
-66.390000
-67.150000
-67.430000
-66.990000
-66.510000
-66.540000
-66.560000
-67.090000
-66.680000
-66.210000
-66.530000
-64.970000
-65.870000
-64.970000
-63.230000
-63.730000
-63.720000
-62.720000
-62.720000
-63.480000
-63.430000
-62.900000
-61.930000
-61.670000
-61.800000
-62.450000
-62.850000
-62.950000
-62.460000
-61.850000
-61.590000
-61.530000
-60.370000
-59.740000
-59.180000
-60.240000
-59.590000
-59.110000
-58.040000
-57.760000
-57.890000
-56.950000
-56.700000
-58.750000
-58.420000
-57.890000
-56.100000
-55.560000
-55.590000
-55.540000
-55.130000
-54.720000
-55.580000
-55.710000
-56.350000
-55.460000
-56.210000
-56.400000
-55.600000
-55.430000
-56.160000
-55.490000
-55.260000
-55.830000
-55.820000
-54.850000
-55.150000
-55.470000
-54.340000
-52.380000
-52.590000
-52.770000
-52.900000
-51.690000
-51.940000
-51.970000
-52.710000
-53.490000
-52.800000
-52.500000
-52.280000
-52.250000
-52.250000
-52.860000
-52.510000
-53.730000
-54.590000
-55.040000
-54.950000
-55.440000
-54.930000
-55.600000
-55.670000
-55.540000
-55.170000
-54.370000
-53.930000
-53.390000
-52.410000
-51.900000
-52.080000
-51.740000
-51.850000
-52.110000
-52.560000
-53.270000
-52.760000
-51.830000
-51.170000
-50.800000
-51.490000
-52.640000
-51.480000
-52.240000
-53.250000
-52.130000
-53.010000
-54.320000
-53.720000
-52.700000
-52.450000
-52.180000
-52.600000
-52.700000
-53.150000
-53.430000
-52.420000
-52.900000
-53.670000
-53.270000
-52.790000
-53.220000
-54.100000
-53.730000
-54.190000
-53.040000
-53.800000
-54.270000
-55.410000
-55.430000
-55.720000
-55.830000
-56.380000
-55.750000
-54.640000
-55.740000
-57.200000
-56.830000
-56.330000
-57.120000
-56.890000
-57.300000
-57.140000
-57.190000
-57.090000
-57.520000
-56.760000
-56.330000
-56.700000
-55.700000
-56.060000
-56.200000
-56.520000
-55.580000
-55.710000
-56.720000
-56.970000
-57.090000
-57.080000
-58.800000
-58.540000
-59.280000
-59.700000
-59.900000
-59.760000
-59.090000
-57.550000
-57.400000
-57.470000
-58.340000
-58.630000
-57.610000
-57.780000
-57.780000
-56.890000
-56.630000
-56.320000
-55.670000
-55.580000
-55.180000
-56.750000
-56.330000
-56.520000
-56.240000
-57.030000
-57.560000
-57.420000
-57.490000
-57.170000
-56.490000
-55.010000
-54.720000
-55.110000
-54.460000
-53.530000
-53.010000
-52.720000
-52.870000
-54.160000
-54.300000
-53.400000
-53.580000
-54.760000
-53.970000
-54.450000
-55.470000
-55.070000
-54.540000
-54.660000
-55.300000
-53.700000
-53.690000
-53.690000
-53.760000
-52.360000
-51.490000
-52.070000
-50.870000
-50.860000
-51.430000
-50.840000
-50.670000
-49.700000
-49.760000
-49.690000
-48.930000
-48.860000
-47.770000
-48.100000
-48.030000
-46.510000
-45.550000
-44.150000
-44.490000
-45.270000
-45.010000
-44.230000
-42.860000
-43.560000
-43.220000
-42.850000
-42.590000
-41.690000
-41.120000
-41.560000
-41.620000
-41.760000
-40.340000
-39.750000
-40.930000
-40.720000
-41.160000
-40.840000
-40.520000
-40.080000
-38.880000
-38.500000
-38.430000
-39.320000
-38.660000
-38.640000
-38.620000
-38.200000
-39.400000
-37.680000
-38.130000
-38.720000
-37.260000
-36.920000
-36.190000
-36.110000
-36.370000
-35.460000
-35.400000
-33.890000
-33.040000
-33.460000
-33.080000
-32.290000
-32.680000
-31.280000
-31.440000
-31.160000
-30.550000
-29.750000
-29.960000
-30.670000
-31.830000
-32.530000
-32.660000
-33.470000
-34.140000
-33.100000
-32.650000
-32.480000
-31.200000
-31.390000
-30.820000
-30.450000
-30.950000
-31.080000
-30.840000
-30.280000
-30.400000
-30.420000
-29.670000
-29.580000
-29.200000
-29.550000
-29.010000
-31.220000
-31.470000
-28.980000
-27.470000
-28.200000
-28.090000
-27.170000
-27.300000
-27.020000
-26.470000
-27.150000
-26.960000
-27.430000
-27.800000
-26.960000
-27.370000
-27.410000
-27.940000
-26.580000
-25.920000
-27.430000
-28.300000
-29.090000
-29.110000
-28.610000
-25.550000
-26.730000
-28.140000
-28.280000
-28.160000
-28.210000
-28.580000
-29.240000
-29.890000
-27.580000
-27.590000
-27.730000
-29.430000
-29.120000
-27.310000
-25.520000
-25.880000
-25.700000
-25.950000
-26.920000
-27.760000
-27.180000
-26.640000
-25.240000
-25.220000
-24.830000
-22.260000
-21.970000
-19.090000
-21.000000
-21.190000
-20.990000
-20.600000
-20.480000
-20.470000
-19.530000
-20.080000
-20.210000
-18.490000
-18.810000
-19.110000
-18.720000
-17.780000
-17.820000
-17.220000
-17.790000
-16.910000
-18.200000
-19.220000
-20.140000
-19.650000
-19.610000
-17.010000
-16.730000
-17.420000
-16.170000
-14.200000
-14.500000
-15.400000
-14.200000
-15.590000
-16.330000
-16.920000
-16.310000
-16.180000
-15.290000
-16.190000
-16.080000
-17.160000
-17.050000
-17.860000
-16.300000
-17.060000
-17.550000
-17.600000
-17.670000
-17.400000
-20.270000
-21.540000
-21.600000
-21.830000
-23.350000
-23.950000
-24.530000
-25.150000
-25.630000
-25.680000
-25.090000
-25.090000
-25.280000
-26.940000
-27.380000
-27.390000
-27.940000
-28.320000
-27.470000
-27.190000
-26.120000
-24.960000
-25.820000
-28.880000
-28.560000
-28.530000
-28.140000
-27.400000
-27.440000
-27.860000
-28.410000
-26.970000
-28.780000
-28.020000
-28.080000
-26.950000
-27.810000
-29.390000
-31.230000
-30.540000
-30.880000
-29.660000
-28.640000
-28.890000
-29.840000
-29.320000
-29.590000
-29.880000
-30.270000
-32.610000
-32.840000
-35.260000
-35.790000
-35.240000
-34.490000
-34.720000
-35.540000
-35.070000
-35.570000
-35.230000
-35.890000
-37.380000
-38.810000
-37.580000
-37.370000
-36.610000
-36.560000
-36.400000
-36.450000
-36.570000
-35.330000
-34.500000
-33.790000
-33.120000
-32.410000
-33.940000
-33.780000
-33.120000
-34.030000
-34.840000
-34.400000
-33.960000
-35.910000
-35.170000
-34.040000
-33.700000
-33.790000
-31.840000
-32.890000
-31.700000
-31.130000
-29.600000
-28.600000
-27.570000
-28.930000
-27.940000
-26.780000
-26.050000
-26.000000
-25.660000
-24.420000
-24.260000
-23.580000
-23.200000
-21.850000
-21.000000
-20.320000
-19.610000
-19.000000
-18.510000
-17.900000
-18.140000
-18.300000
-16.000000
-15.500000
-14.520000
-14.880000
-14.620000
-14.740000
-14.520000
-15.600000
-16.270000
-15.770000
-15.650000
-15.060000
-15.580000
-14.660000
-14.960000
-14.500000
-14.260000
-13.250000
-13.920000
-13.860000
-13.760000
-14.310000
