-118.000000
-107.000000
-110.000000
-87.250000
-90.000000
-93.166667
-88.857143
-82.750000
-82.888889
-80.500000
-79.454545
-78.500000
-81.307692
-76.357143
-77.666667
-78.125000
-77.764706
-78.777778
-77.105263
-76.150000
-76.190476
-77.045455
-76.913043
-78.416667
-76.480000
-76.884615
-79.333333
-78.214286
-77.724138
-79.100000
-77.645161
-78.812500
-80.060606
-79.911765
-80.514286
-80.777778
-80.891892
-82.552632
-84.076923
-83.425000
-83.048780
-82.761905
-82.720930
-83.909091
-84.711111
-85.956522
-87.170213
-87.041667
-85.346939
-85.140000
-84.941176
-85.307692
-84.207547
-84.796296
-85.854545
-86.392857
-85.561404
-84.758621
-84.644068
-85.616667
-86.114754
-85.354839
-84.428571
-84.921875
-84.215385
-83.530303
-84.014925
-84.485294
-85.347826
-86.171429
-86.971831
-87.361111
-87.684932
-87.027027
-87.413333
-86.776316
-87.142857
-87.500000
-86.886076
-86.287500
-85.703704
-85.134146
-84.337349
-83.559524
-83.941176
-83.534884
-82.793103
-82.068182
-81.359551
-80.666667
-79.989011
-79.717391
-79.064516
-78.425532
-78.810526
-78.187500
-77.577320
-77.122449
-76.535354
-75.960000
-74.860000
-74.090000
-73.120000
-73.230000
-72.410000
-71.510000
-71.070000
-70.130000
-70.040000
-70.130000
-70.550000
-70.100000
-70.100000
-70.260000
-69.970000
-69.670000
-68.450000
-68.540000
-68.620000
-68.710000
-68.260000
-68.470000
-68.280000
-67.820000
-68.080000
-67.760000
-66.590000
-67.160000
-67.070000
-66.180000
-67.180000
-67.190000
-66.740000
-66.280000
-65.380000
-65.710000
-65.410000
-64.460000
-63.530000
-64.110000
-64.480000
-64.930000
-65.280000
-64.420000
-64.380000
-64.100000
-62.660000
-61.840000
-61.160000
-60.960000
-60.760000
-60.270000
-60.070000
-59.950000
-59.270000
-59.060000
-59.690000
-59.370000
-59.690000
-59.480000
-59.420000
-59.100000
-59.380000
-59.450000
-60.110000
-60.870000
-61.060000
-60.950000
-60.740000
-60.520000
-60.300000
-59.640000
-59.690000
-59.970000
-59.960000
-60.080000
-59.360000
-59.140000
-59.500000
-59.660000
-59.820000
-59.980000
-59.990000
-60.550000
-59.820000
-60.180000
-60.360000
-60.720000
-60.600000
-61.080000
-61.440000
-61.440000
-61.800000
-62.160000
-62.150000
-63.060000
-64.090000
-64.040000
-65.170000
-66.080000
-67.100000
-67.950000
-67.750000
-67.880000
-68.640000
-68.310000
-68.670000
-69.760000
-69.560000
-69.430000
-69.420000
-69.740000
-69.140000
-69.900000
-69.300000
-68.820000
-70.430000
-70.350000
-70.160000
-69.560000
-68.990000
-67.900000
-67.420000
-66.820000
-66.810000
-66.810000
-67.100000
-66.600000
-66.120000
-65.890000
-65.500000
-64.890000
-65.090000
-65.520000
-65.960000
-65.010000
-65.620000
-65.400000
-65.160000
-64.550000
-63.760000
-62.710000
-61.870000
-61.590000
-61.380000
-60.560000
-61.290000
-61.410000
-63.000000
-63.300000
-63.900000
-64.200000
-65.080000
-64.620000
-63.950000
-63.320000
-63.130000
-64.010000
-63.630000
-63.130000
-62.750000
-62.910000
-63.080000
-62.800000
-62.470000
-62.170000
-61.540000
-61.210000
-60.930000
-60.550000
-60.060000
-59.720000
-58.830000
-58.320000
-57.890000
-58.330000
-58.950000
-58.510000
-58.610000
-59.010000
-59.180000
-59.580000
-60.210000
-60.180000
-60.600000
-60.700000
-61.490000
-61.660000
-62.310000
-62.800000
-63.200000
-63.700000
-63.900000
-64.100000
-63.710000
-63.360000
-62.890000
-63.560000
-63.190000
-63.250000
-62.530000
-62.650000
-63.820000
-63.880000
-63.760000
-65.060000
-65.460000
-65.850000
-66.450000
-67.050000
-67.110000
-67.710000
-68.390000
-67.840000
-68.720000
-69.810000
-69.450000
-69.430000
-69.820000
-69.840000
-71.240000
-71.840000
-72.570000
-72.990000
-72.940000
-73.540000
-73.940000
-74.340000
-75.100000
-75.850000
-75.740000
-75.860000
-76.170000
-76.000000
-76.120000
-76.590000
-75.290000
-75.970000
-76.100000
-76.300000
-76.990000
-77.590000
-78.220000
-78.760000
-78.760000
-79.050000
-78.670000
-79.400000
-79.300000
-79.200000
-78.900000
-78.990000
-79.360000
-79.730000
-80.600000
-81.130000
-81.050000
-80.960000
-80.580000
-80.050000
-80.080000
-80.600000
-80.070000
-80.050000
-80.280000
-80.380000
-80.510000
-80.540000
-80.340000
-80.360000
-80.590000
-80.610000
-81.190000
-81.770000
-80.340000
-80.000000
-79.700000
-79.950000
-79.850000
-79.750000
-79.200000
-78.990000
-78.890000
-78.900000
-78.780000
-78.560000
-78.130000
-78.260000
-78.290000
-77.860000
-77.160000
-76.840000
-76.840000
-76.830000
-77.140000
-77.140000
-77.130000
-76.920000
-76.710000
-76.290000
-76.640000
-76.220000
-75.790000
-76.190000
-75.420000
-74.320000
-73.430000
-73.130000
-72.730000
-72.330000
-72.320000
-71.920000
-70.750000
-70.530000
-70.330000
-69.920000
-69.320000
-68.430000
-67.740000
-68.750000
-67.880000
-67.810000
-67.740000
-67.420000
-67.110000
-66.320000
-65.970000
-65.600000
-65.080000
-64.540000
-64.360000
-63.880000
-62.880000
-62.200000
-61.850000
-61.380000
-61.760000
-61.070000
-59.810000
-59.350000
-58.590000
-58.140000
-57.400000
-57.250000
-56.900000
-56.900000
-56.750000
-55.970000
-55.410000
-54.940000
-55.220000
-54.640000
-53.460000
-51.720000
-51.020000
-50.790000
-49.870000
-49.940000
-50.200000
-50.710000
-50.560000
-49.890000
-49.590000
-49.390000
-49.250000
-49.330000
-49.090000
-48.500000
-47.930000
-47.790000
-47.570000
-48.000000
-47.860000
-47.730000
-49.260000
-49.250000
-48.980000
-48.850000
-48.830000
-48.580000
-49.010000
-48.890000
-48.880000
-48.770000
-48.640000
-48.630000
-48.160000
-47.900000
-47.780000
-47.780000
-47.690000
-47.690000
-47.750000
-47.720000
-47.480000
-46.900000
-46.650000
-46.620000
-46.590000
-46.450000
-46.450000
-45.870000
-45.860000
-45.150000
-45.710000
-45.610000
-45.890000
-45.920000
-45.880000
-46.080000
-45.030000
-44.440000
-44.570000
-44.140000
-42.320000
-42.200000
-42.210000
-42.100000
-42.110000
-41.340000
-41.110000
-40.560000
-39.880000
-39.760000
-39.620000
-39.310000
-39.260000
-39.230000
-39.060000
-39.030000
-38.560000
-38.620000
-38.890000
-39.570000
-39.550000
-39.940000
-40.410000
-40.790000
-42.570000
-42.220000
-42.270000
-42.720000
-43.010000
-42.600000
-42.720000
-42.900000
-43.420000
-43.680000
-43.820000
-42.950000
-42.370000
-42.260000
-42.660000
-43.600000
-43.540000
-43.200000
-42.610000
-41.920000
-41.510000
-39.590000
-39.280000
-39.260000
-38.410000
-38.000000
-35.790000
-34.940000
-34.480000
-34.470000
-34.490000
-34.100000
-33.550000
-33.390000
-33.110000
-33.190000
-32.640000
-32.640000
-32.590000
-32.410000
-32.110000
-31.770000
-31.600000
-31.410000
-31.290000
-30.940000
-29.300000
-28.760000
-28.670000
-28.400000
-27.720000
-27.050000
-26.950000
-27.050000
-26.300000
-24.490000
-23.850000
-23.000000
-22.780000
-22.520000
-20.630000
-20.720000
-20.160000
-20.190000
-19.650000
-19.480000
-19.300000
-19.520000
-19.360000
-18.870000
-18.460000
-17.690000
-16.290000
-16.300000
-16.280000
-16.590000
-18.100000
-17.910000
-17.930000
-18.420000
-18.870000
-18.970000
-19.180000
-19.390000
-19.620000
-20.000000
-20.380000
-20.590000
-20.640000
-20.280000
-20.330000
-20.270000
-20.450000
-20.800000
-20.720000
-20.780000
-20.750000
-20.690000
-20.170000
-19.960000
-19.490000
-19.740000
-19.940000
-19.660000
-19.590000
-19.590000
-19.040000
-18.420000
-17.840000
-18.650000
-18.410000
-19.190000
-19.070000
-19.010000
-18.660000
-18.700000
-18.710000
-18.770000
-20.240000
-20.190000
-20.190000
-21.680000
-21.370000
-21.210000
-22.440000
-22.100000
-23.770000
-23.780000
-23.820000
-24.260000
-24.330000
-24.080000
-24.340000
-24.090000
-23.850000
-23.590000
-23.750000
-23.340000
-23.050000
-23.050000
-21.520000
-21.700000
-21.720000
-21.510000
-21.100000
-21.020000
-22.490000
-23.020000
-21.780000
-21.890000
-20.480000
-20.610000
-20.980000
-20.750000
-21.040000
-22.570000
-22.820000
-23.990000
-24.150000
-24.130000
-25.740000
-25.180000
-25.440000
-25.680000
-25.690000
-26.110000
-26.100000
-25.720000
-25.400000
-25.650000
-25.420000
-25.670000
-27.400000
-27.420000
-27.510000
-27.540000
-27.270000
-27.260000
-28.010000
-28.170000
-28.080000
-28.080000
-28.010000
-28.250000
-28.160000
-28.160000
-28.330000
-28.260000
-27.930000
-28.170000
-28.620000
-28.840000
-28.740000
-28.550000
-27.470000
-27.130000
-26.230000
-25.910000
-26.380000
-26.380000
-26.380000
-26.620000
-26.780000
-26.970000
-26.730000
-26.970000
-25.670000
-25.930000
-26.400000
-25.700000
-25.700000
-25.940000
-25.940000
-24.150000
-24.400000
-24.630000
-24.610000
-24.630000
-23.940000
-24.180000
-24.420000
-24.580000
-25.030000
-25.770000
-25.890000
-24.750000
-24.670000
-24.910000
-24.960000
-24.800000
-23.670000
-21.980000
-20.010000
-20.010000
-18.670000
-18.670000
-18.400000
-18.850000
-15.700000
-15.700000
-17.230000
-17.390000
-15.300000
-13.490000
-13.840000
-14.080000
-12.000000
-11.400000
-13.110000
-13.110000
-14.700000
-14.690000
-14.270000
-13.010000
-13.150000
-13.210000
-12.960000
-12.910000
-12.500000
-11.820000
-11.520000
-11.140000
-11.140000
-11.080000
-11.490000
-11.590000
-11.240000
-11.310000
-11.590000
-9.950000
-8.830000
-7.870000
-7.830000
-7.190000
-6.880000
-7.130000
-6.610000
-6.350000
-5.500000
-3.530000
-3.280000
-0.960000
-1.270000
-1.200000
-1.250000
0.640000
0.980000
1.030000
1.160000
3.700000
5.460000
7.250000
8.810000
10.340000
8.560000
8.780000
7.710000
8.420000
8.710000
9.550000
9.550000
12.190000
12.510000
14.730000
16.150000
16.740000
15.600000
15.800000
16.640000
16.580000
16.850000
17.290000
17.430000
15.460000
15.850000
16.520000
16.470000
16.700000
18.000000
18.120000
18.060000
18.610000
18.610000
19.060000
19.090000
18.190000
17.550000
19.050000
20.380000
19.810000
18.870000
16.710000
16.350000
16.760000
15.790000
15.120000
16.530000
16.440000
13.120000
13.750000
14.890000
15.530000
13.430000
11.430000
11.900000
13.530000
13.270000
12.950000
13.720000
13.960000
13.940000
13.590000
13.570000
14.030000
14.470000
14.670000
14.970000
15.620000
15.800000
15.430000
15.670000
15.690000
16.260000
16.830000
17.630000
18.250000
18.790000
18.730000
18.910000
18.390000
18.560000
17.940000
17.940000
17.290000
17.090000
17.670000
18.300000
18.370000
18.200000
16.880000
17.170000
16.690000
17.350000
18.970000
19.260000
17.890000
18.110000
19.300000
19.200000
16.920000
15.830000
14.290000
13.920000
12.840000
13.720000
13.630000
13.380000
13.050000
14.930000
14.270000
14.940000
14.080000
14.490000
12.810000
12.130000
13.600000
13.640000
13.820000
13.290000
13.930000
13.890000
15.230000
15.570000
15.750000
16.040000
15.830000
16.300000
16.480000
16.940000
18.310000
19.050000
19.120000
19.800000
20.230000
20.820000
20.700000
21.570000
21.560000
20.650000
21.580000
22.720000
23.470000
22.510000
22.430000
23.680000
25.910000
24.800000
25.410000
25.450000
25.210000
24.570000
24.440000
24.940000
25.460000
25.640000
24.640000
23.320000
23.860000
23.790000
24.110000
25.300000
25.980000
26.150000
25.190000
25.730000
25.970000
25.880000
25.610000
25.450000
25.250000
25.270000
25.940000
