-100.000000
-121.000000
-110.000000
-111.250000
-109.400000
-103.500000
-106.428571
-107.125000
-108.222222
-104.700000
-103.363636
-101.833333
-94.615385
-98.000000
-93.666667
-90.750000
-93.764706
-92.333333
-94.473684
-92.600000
-89.904762
-92.363636
-91.739130
-90.791667
-92.840000
-91.653846
-91.037037
-89.535714
-91.103448
-92.100000
-93.387097
-92.593750
-91.939394
-93.411765
-94.800000
-96.138889
-96.351351
-94.026316
-93.538462
-91.675000
-89.902439
-88.214286
-87.255814
-86.386364
-84.888889
-83.456522
-82.085106
-81.937500
-81.795918
-80.540000
-79.333333
-78.173077
-78.113208
-78.796296
-77.509091
-78.535714
-78.315789
-79.051724
-80.135593
-80.100000
-80.524590
-81.080645
-79.920635
-79.750000
-78.815385
-78.666667
-78.611940
-78.558824
-78.347826
-78.300000
-78.253521
-77.569444
-77.534247
-77.500000
-77.466667
-77.434211
-77.402597
-76.641026
-75.772152
-76.262500
-75.543210
-75.914634
-75.216867
-75.583333
-76.411765
-77.069767
-77.827586
-78.568182
-79.202247
-79.500000
-79.956044
-80.673913
-81.344086
-82.010638
-82.568421
-83.229167
-83.762887
-84.367347
-84.959596
-85.540000
-85.960000
-85.970000
-86.520000
-86.800000
-87.210000
-87.890000
-88.080000
-88.390000
-88.650000
-89.360000
-89.890000
-90.390000
-91.630000
-91.640000
-92.740000
-93.700000
-93.710000
-94.460000
-94.560000
-95.410000
-96.480000
-96.480000
-97.130000
-97.870000
-97.880000
-98.690000
-99.380000
-100.350000
-100.350000
-100.200000
-100.310000
-100.940000
-100.780000
-99.510000
-99.140000
-98.870000
-98.870000
-99.950000
-99.750000
-99.850000
-100.700000
-101.570000
-102.540000
-103.400000
-104.220000
-105.470000
-106.720000
-107.400000
-108.080000
-109.320000
-110.560000
-111.800000
-112.480000
-112.440000
-113.400000
-112.230000
-112.730000
-112.680000
-112.410000
-112.670000
-112.770000
-112.780000
-113.860000
-114.330000
-115.300000
-115.770000
-116.180000
-116.590000
-116.330000
-116.740000
-117.150000
-118.020000
-118.430000
-118.830000
-118.980000
-118.780000
-119.190000
-120.170000
-121.250000
-121.260000
-122.120000
-121.870000
-122.240000
-121.730000
-120.460000
-119.520000
-118.840000
-118.160000
-117.560000
-116.690000
-116.110000
-115.040000
-114.820000
-114.130000
-113.530000
-112.820000
-112.220000
-110.980000
-109.940000
-109.260000
-107.920000
-106.680000
-105.440000
-104.680000
-104.410000
-104.150000
-103.760000
-103.490000
-103.220000
-102.940000
-102.300000
-101.500000
-100.730000
-99.490000
-98.870000
-97.990000
-96.850000
-96.170000
-96.090000
-95.820000
-95.450000
-94.760000
-94.080000
-93.400000
-92.720000
-91.480000
-90.590000
-89.680000
-88.880000
-88.010000
-86.970000
-86.410000
-87.210000
-87.810000
-88.200000
-88.480000
-88.790000
-88.380000
-88.580000
-89.640000
-89.350000
-89.040000
-87.790000
-86.630000
-86.290000
-85.040000
-84.350000
-83.670000
-82.990000
-82.310000
-81.630000
-80.950000
-80.270000
-79.910000
-79.620000
-79.630000
-78.660000
-78.190000
-77.220000
-77.340000
-77.340000
-77.330000
-77.330000
-77.210000
-76.600000
-76.110000
-75.620000
-75.620000
-76.400000
-76.400000
-76.400000
-76.400000
-76.030000
-75.390000
-75.160000
-75.770000
-75.770000
-75.770000
-75.770000
-75.650000
-75.770000
-76.120000
-76.730000
-77.340000
-78.310000
-78.970000
-79.380000
-79.680000
-79.480000
-80.440000
-80.600000
-81.370000
-81.200000
-81.360000
-81.420000
-81.830000
-82.120000
-82.740000
-83.510000
-83.910000
-84.380000
-84.740000
-85.710000
-86.080000
-86.070000
-85.470000
-85.120000
-84.510000
-83.900000
-83.290000
-83.660000
-84.270000
-84.880000
-85.850000
-86.200000
-86.430000
-86.690000
-86.730000
-86.190000
-86.080000
-86.180000
-86.590000
-87.000000
-87.600000
-88.000000
-88.470000
-88.840000
-89.100000
-89.220000
-90.190000
-90.960000
-91.020000
-90.340000
-90.740000
-89.990000
-89.590000
-89.400000
-89.320000
-89.120000
-88.810000
-89.220000
-89.630000
-90.480000
-91.230000
-91.260000
-91.650000
-91.570000
-91.490000
-91.290000
-91.210000
-91.500000
-91.530000
-91.330000
-91.130000
-91.280000
-91.640000
-92.000000
-91.860000
-92.220000
-91.610000
-91.120000
-90.760000
-90.260000
-89.880000
-89.880000
-89.760000
-89.640000
-89.140000
-88.650000
-88.040000
-87.430000
-86.980000
-87.330000
-87.980000
-88.350000
-87.850000
-87.350000
-86.980000
-86.610000
-86.240000
-85.870000
-85.870000
-85.750000
-85.740000
-85.730000
-85.750000
-85.390000
-85.000000
-85.120000
-84.640000
-84.400000
-83.910000
-83.530000
-83.290000
-83.150000
-82.660000
-82.280000
-82.030000
-81.440000
-80.880000
-81.020000
-81.170000
-80.810000
-80.710000
-80.360000
-80.630000
-80.610000
-79.750000
-80.140000
-80.530000
-80.310000
-80.090000
-79.760000
-79.270000
-78.940000
-79.100000
-79.360000
-79.790000
-80.200000
-80.310000
-80.330000
-80.390000
-80.450000
-79.810000
-79.880000
-79.890000
-79.780000
-79.640000
-79.630000
-78.900000
-78.310000
-77.930000
-78.170000
-77.800000
-77.660000
-77.170000
-76.560000
-76.560000
-76.560000
-76.070000
-75.460000
-75.320000
-74.830000
-74.440000
-74.290000
-74.260000
-74.250000
-74.250000
-74.250000
-74.240000
-73.750000
-73.520000
-73.520000
-73.520000
-73.170000
-73.170000
-73.170000
-73.170000
-73.170000
-73.170000
-73.050000
-72.810000
-72.820000
-72.720000
-72.840000
-73.120000
-73.380000
-73.010000
-73.000000
-73.030000
-73.140000
-73.020000
-72.430000
-71.860000
-71.390000
-71.290000
-71.240000
-71.360000
-71.130000
-71.120000
-70.890000
-70.290000
-69.800000
-69.200000
-69.000000
-68.830000
-68.580000
-68.820000
-68.700000
-68.940000
-69.290000
-69.280000
-69.410000
-69.290000
-69.170000
-69.050000
-69.050000
-69.100000
-69.440000
-69.460000
-69.580000
-69.600000
-69.410000
-69.060000
-68.840000
-68.590000
-68.530000
-69.560000
-69.340000
-68.980000
-68.710000
-68.360000
-68.110000
-68.020000
-68.100000
-67.770000
-67.570000
-67.250000
-66.930000
-66.680000
-66.400000
-65.870000
-65.550000
-65.450000
-64.900000
-64.770000
-64.570000
-64.810000
-64.700000
-65.170000
-65.510000
-65.750000
-65.740000
-65.500000
-65.490000
-65.480000
-65.600000
-65.830000
-65.820000
-65.810000
-66.170000
-65.730000
-66.090000
-66.250000
-66.280000
-66.170000
-66.110000
-66.050000
-66.100000
-66.040000
-66.400000
-66.900000
-66.940000
-67.090000
-67.110000
-67.110000
-67.100000
-67.090000
-66.970000
-66.850000
-66.730000
-66.610000
-66.370000
-66.350000
-66.110000
-65.710000
-65.330000
-65.470000
-65.350000
-65.320000
-65.200000
-65.280000
-65.280000
-65.230000
-65.200000
-65.550000
-65.840000
-65.650000
-65.920000
-65.870000
-66.210000
-66.200000
-66.190000
-66.190000
-66.150000
-65.800000
-65.790000
-65.800000
-66.150000
-65.910000
-65.920000
-66.170000
-66.100000
-66.270000
-66.550000
-67.150000
-67.400000
-67.620000
-67.430000
-67.540000
-67.450000
-67.640000
-67.930000
-67.950000
-68.270000
-68.230000
-68.160000
-67.980000
-67.800000
-67.760000
-67.630000
-67.580000
-67.430000
-67.390000
-67.030000
-66.960000
-67.020000
-66.670000
-66.310000
-65.840000
-65.840000
-66.060000
-66.070000
-66.360000
-66.360000
-66.490000
-66.780000
-66.420000
-66.420000
-66.070000
-65.700000
-65.460000
-64.990000
-65.120000
-65.480000
-65.840000
-65.710000
-65.350000
-65.240000
-65.240000
-64.870000
-64.720000
-64.360000
-64.190000
-64.150000
-64.250000
-64.190000
-64.010000
-63.840000
-63.670000
-63.300000
-63.390000
-63.340000
-63.070000
-62.930000
-62.810000
-62.700000
-62.590000
-62.590000
-62.670000
-62.670000
-62.670000
-62.670000
-62.560000
-62.560000
-62.560000
-62.560000
-62.560000
-62.450000
-62.330000
-62.220000
-61.980000
-61.860000
-61.750000
-61.750000
-61.270000
-60.800000
-60.510000
-60.110000
-60.040000
-59.680000
-59.680000
-59.570000
-60.170000
-60.230000
-60.350000
-60.360000
-59.990000
-59.630000
-59.500000
-59.020000
-58.540000
-58.250000
-57.960000
-57.560000
-56.840000
-56.360000
-55.960000
-55.670000
-55.380000
-55.200000
-54.830000
-54.470000
-54.290000
-53.820000
-53.820000
-53.820000
-53.710000
-53.600000
-53.490000
-53.380000
-53.270000
-53.380000
-53.270000
-53.150000
-53.040000
-52.800000
-52.680000
-52.570000
-52.570000
-52.100000
-51.620000
-51.140000
-50.670000
-50.540000
-50.410000
-49.940000
-49.930000
-49.810000
-49.690000
-49.840000
-49.840000
-49.840000
-49.710000
-49.350000
-48.990000
-49.120000
-49.120000
-49.230000
-49.240000
-49.250000
-49.360000
-49.350000
-49.240000
-49.130000
-49.020000
-48.910000
-48.910000
-49.020000
-49.140000
-49.270000
-48.680000
-49.040000
-49.280000
-49.280000
-49.280000
-49.510000
-49.510000
-49.510000
-49.430000
-49.540000
-49.540000
-49.540000
-49.620000
-49.620000
-49.620000
-49.620000
-49.620000
-49.620000
-49.700000
-49.700000
-49.810000
-49.810000
-49.810000
-49.700000
-49.700000
-49.780000
-49.890000
-49.890000
-49.780000
-49.670000
-49.550000
-49.550000
-48.830000
-48.290000
-47.450000
-46.730000
-46.020000
-45.200000
-44.490000
-45.290000
-45.410000
-45.530000
-45.650000
-45.770000
-45.890000
-46.010000
-46.130000
-45.530000
-45.610000
-45.350000
-45.200000
-44.380000
-44.460000
-44.540000
-44.510000
-44.480000
-43.880000
-43.960000
-44.030000
-43.990000
-43.950000
-43.690000
-43.770000
-43.060000
-42.460000
-42.540000
-42.620000
-42.700000
-42.780000
-42.860000
-42.940000
-43.020000
-42.980000
-42.830000
-42.800000
-42.870000
-42.840000
-42.920000
-43.610000
-43.430000
-43.510000
-43.590000
-42.880000
-42.850000
-42.820000
-42.660000
-42.510000
-42.360000
-42.200000
-42.160000
-42.130000
-41.980000
-41.940000
-42.020000
-42.100000
-42.060000
-42.020000
-41.870000
-41.710000
-41.430000
-41.390000
-40.880000
-40.720000
-40.800000
-40.880000
-39.940000
-39.230000
-39.350000
-39.470000
-39.480000
-39.600000
-39.720000
-39.760000
-39.880000
-39.280000
-38.570000
-38.460000
-38.230000
-38.330000
-38.510000
-38.580000
-38.660000
-38.840000
-39.130000
-39.210000
-39.310000
-39.280000
-39.360000
-39.440000
-39.400000
-39.360000
-39.440000
-39.520000
-39.480000
-40.040000
-40.600000
-41.160000
-41.830000
-42.390000
-41.550000
-41.390000
-41.230000
-41.070000
-40.910000
-40.750000
-40.590000
-40.430000
-40.990000
-40.870000
-40.980000
-40.980000
-41.650000
-41.540000
-41.420000
-41.300000
-41.180000
-41.740000
-41.620000
-41.510000
-41.510000
-41.510000
-41.620000
-41.500000
-42.170000
-42.840000
-42.940000
-42.940000
-42.940000
-43.040000
-43.040000
-42.920000
-42.800000
-42.800000
-42.910000
-42.790000
-42.680000
-42.460000
-42.340000
-41.610000
-41.490000
-41.370000
-41.470000
-42.250000
-42.350000
-42.130000
-42.010000
-42.010000
-42.010000
-41.890000
-41.770000
-41.650000
-41.650000
-41.650000
-41.530000
-41.410000
-41.410000
-41.410000
-41.400000
-41.400000
-41.400000
-41.280000
-41.280000
-41.160000
-41.040000
-40.820000
-42.050000
-42.720000
-42.560000
-42.510000
-42.350000
-42.190000
-42.030000
-42.090000
-41.930000
-42.600000
-43.270000
-43.340000
-43.530000
-43.310000
-43.090000
-42.870000
-42.750000
-42.530000
-42.420000
-42.410000
-42.300000
-42.290000
-41.980000
-41.860000
-41.860000
-41.860000
-41.740000
-41.620000
-41.620000
-41.620000
-41.620000
-41.520000
-41.510000
-41.510000
-41.510000
-41.730000
-41.950000
-42.170000
-42.390000
-42.610000
-42.610000
-42.610000
-42.610000
-42.610000
