-102.000000
-100.500000
-114.000000
-89.000000
-84.200000
-82.666667
-82.857143
-70.375000
-65.444444
-71.500000
-76.909091
-74.083333
-79.307692
-80.285714
-80.866667
-80.312500
-81.176471
-84.166667
-84.473684
-84.250000
-85.095238
-86.363636
-86.565217
-86.083333
-87.120000
-86.769231
-85.740741
-85.071429
-84.034483
-84.366667
-83.870968
-85.718750
-85.030303
-83.882353
-83.314286
-83.888889
-85.189189
-85.105263
-86.000000
-85.575000
-85.097561
-86.333333
-85.651163
-85.363636
-85.955556
-85.913043
-86.148936
-86.187500
-86.693878
-87.200000
-87.176471
-86.615385
-86.716981
-86.240741
-86.327273
-85.732143
-86.192982
-86.362069
-85.372881
-85.866667
-85.819672
-85.709677
-86.238095
-85.953125
-86.738462
-86.575758
-86.402985
-86.617647
-86.275362
-85.857143
-84.380282
-84.638889
-84.232877
-84.378378
-84.320000
-84.026316
-83.987013
-83.576923
-83.620253
-83.350000
-83.259259
-83.658537
-83.301205
-83.107143
-83.047059
-82.662791
-82.448276
-82.806818
-82.314607
-82.311111
-82.340659
-82.467391
-82.215054
-81.936170
-82.242105
-82.437500
-82.319588
-82.489796
-82.494949
-80.910000
-81.040000
-80.040000
-79.460000
-79.960000
-80.640000
-80.920000
-80.290000
-81.110000
-81.540000
-80.820000
-79.670000
-79.780000
-79.000000
-79.220000
-78.590000
-78.820000
-78.780000
-78.300000
-78.170000
-78.210000
-77.830000
-77.450000
-77.180000
-76.960000
-76.880000
-76.740000
-76.900000
-76.820000
-76.760000
-76.340000
-76.290000
-75.730000
-76.090000
-76.000000
-75.430000
-75.570000
-75.280000
-74.980000
-74.900000
-74.750000
-74.960000
-73.890000
-74.650000
-75.240000
-74.760000
-74.570000
-73.830000
-73.500000
-72.760000
-72.090000
-71.590000
-71.890000
-71.220000
-70.890000
-70.180000
-70.750000
-69.630000
-69.770000
-69.810000
-69.410000
-69.630000
-69.830000
-69.790000
-69.750000
-69.320000
-69.000000
-68.990000
-68.630000
-68.000000
-68.210000
-69.720000
-69.420000
-69.410000
-69.300000
-69.280000
-69.590000
-69.550000
-70.190000
-69.960000
-69.870000
-68.750000
-68.480000
-69.050000
-69.490000
-68.870000
-68.890000
-68.890000
-68.330000
-67.660000
-67.570000
-67.360000
-67.360000
-66.860000
-67.010000
-66.640000
-66.670000
-67.010000
-66.670000
-66.550000
-67.670000
-67.120000
-68.270000
-67.960000
-67.790000
-66.910000
-66.870000
-67.300000
-67.580000
-67.540000
-67.080000
-67.750000
-67.180000
-67.180000
-67.180000
-67.090000
-66.440000
-67.000000
-66.800000
-66.770000
-67.090000
-67.870000
-68.280000
-68.390000
-68.500000
-68.240000
-68.510000
-68.510000
-67.570000
-68.320000
-68.550000
-68.280000
-67.650000
-67.200000
-67.380000
-68.000000
-67.200000
-66.710000
-66.620000
-66.440000
-67.350000
-67.030000
-66.850000
-65.550000
-64.110000
-63.440000
-62.710000
-63.260000
-63.870000
-63.210000
-63.770000
-64.230000
-63.490000
-63.740000
-63.930000
-63.700000
-63.350000
-64.280000
-63.860000
-64.620000
-64.920000
-64.990000
-64.940000
-64.910000
-64.580000
-64.760000
-64.400000
-63.700000
-64.160000
-65.210000
-64.230000
-64.020000
-64.330000
-64.840000
-64.530000
-64.280000
-64.510000
-64.510000
-63.960000
-63.190000
-62.500000
-63.450000
-62.660000
-62.290000
-61.820000
-62.480000
-63.000000
-63.230000
-63.690000
-64.850000
-65.160000
-65.620000
-65.070000
-65.480000
-64.820000
-65.240000
-64.830000
-64.580000
-64.100000
-63.710000
-64.110000
-64.120000
-64.020000
-63.650000
-64.190000
-64.890000
-64.510000
-64.530000
-63.240000
-63.750000
-64.410000
-64.470000
-65.860000
-66.260000
-65.330000
-66.320000
-66.770000
-66.440000
-66.710000
-67.120000
-67.110000
-66.620000
-66.170000
-66.580000
-66.990000
-67.010000
-67.250000
-67.250000
-68.010000
-67.930000
-68.530000
-69.310000
-70.110000
-70.610000
-70.950000
-71.420000
-72.200000
-72.700000
-73.430000
-73.530000
-72.970000
-73.270000
-73.970000
-75.110000
-75.560000
-76.270000
-77.500000
-77.850000
-77.060000
-78.200000
-78.350000
-78.810000
-79.540000
-79.610000
-80.300000
-81.490000
-81.890000
-82.120000
-82.480000
-82.480000
-82.600000
-82.630000
-81.890000
-81.850000
-82.500000
-81.370000
-81.520000
-82.300000
-82.350000
-82.450000
-83.800000
-83.910000
-83.830000
-83.850000
-84.630000
-84.290000
-84.210000
-83.430000
-83.980000
-85.260000
-86.570000
-87.140000
-88.200000
-88.610000
-88.830000
-88.270000
-88.190000
-87.970000
-88.080000
-88.350000
-87.770000
-86.960000
-87.730000
-88.430000
-88.770000
-88.430000
-88.080000
-88.010000
-89.150000
-89.560000
-89.550000
-90.020000
-90.060000
-90.200000
-90.270000
-90.200000
-90.680000
-91.260000
-92.700000
-92.690000
-92.920000
-92.130000
-91.920000
-92.030000
-92.860000
-92.540000
-92.560000
-91.410000
-91.630000
-91.630000
-91.430000
-91.660000
-91.340000
-91.260000
-91.000000
-90.860000
-90.790000
-91.240000
-91.980000
-91.970000
-90.610000
-90.610000
-90.730000
-90.640000
-90.190000
-90.110000
-90.100000
-90.030000
-90.030000
-90.070000
-90.260000
-90.560000
-90.900000
-90.810000
-91.560000
-91.620000
-91.550000
-91.150000
-91.510000
-91.740000
-91.730000
-91.530000
-91.520000
-91.900000
-91.820000
-91.280000
-90.860000
-90.780000
-90.820000
-90.820000
-90.730000
-90.660000
-91.530000
-91.310000
-90.530000
-91.500000
-92.580000
-92.910000
-92.700000
-92.510000
-92.090000
-91.950000
-92.140000
-92.220000
-91.660000
-92.550000
-92.630000
-93.800000
-93.800000
-93.800000
-93.730000
-93.660000
-93.460000
-93.460000
-93.670000
-94.490000
-94.160000
-94.590000
-94.520000
-94.450000
-94.740000
-95.120000
-94.920000
-94.450000
-95.140000
-95.470000
-96.270000
-95.980000
-95.800000
-96.200000
-96.270000
-96.150000
-96.150000
-96.590000
-96.580000
-96.580000
-96.310000
-96.030000
-96.030000
-95.960000
-96.070000
-97.050000
-97.210000
-97.140000
-97.170000
-97.290000
-97.600000
-98.690000
-98.610000
-98.590000
-98.600000
-98.400000
-98.970000
-99.010000
-99.300000
-99.420000
-99.490000
-99.150000
-98.860000
-98.790000
-99.880000
-99.550000
-99.520000
-99.530000
-100.170000
-100.170000
-100.170000
-100.350000
-100.340000
-100.410000
-100.490000
-100.380000
-100.200000
-100.200000
-100.310000
-100.390000
-100.390000
-100.100000
-100.450000
-100.570000
-100.500000
-100.500000
-100.720000
-100.850000
-100.980000
-101.320000
-101.670000
-101.670000
-101.030000
-101.030000
-101.030000
-101.030000
-101.040000
-100.790000
-101.690000
-101.810000
-101.580000
-101.510000
-101.450000
-101.570000
-101.660000
-101.660000
-101.590000
-101.520000
-101.850000
-101.730000
-101.700000
-101.360000
-101.050000
-100.860000
-100.880000
-100.760000
-100.880000
-100.580000
-100.370000
-100.370000
-100.180000
-100.180000
-100.410000
-100.410000
-100.480000
-100.630000
-100.790000
-101.190000
-101.190000
-101.120000
-101.050000
-101.690000
-101.640000
-101.590000
-101.730000
-101.850000
-101.510000
-101.280000
-101.030000
-100.770000
-100.920000
-100.780000
-100.520000
-100.570000
-100.620000
-100.670000
-100.480000
-100.480000
-100.480000
-100.480000
-100.480000
-100.480000
-100.360000
-100.310000
-100.430000
-100.430000
-100.550000
-100.160000
-100.040000
-100.340000
-99.740000
-99.620000
-99.840000
-99.580000
-99.320000
-99.220000
-98.820000
-98.600000
-98.480000
-98.360000
-97.760000
-97.690000
-96.760000
-95.190000
-94.760000
-94.680000
-94.780000
-94.140000
-93.800000
-93.720000
-93.730000
-93.840000
-93.310000
-92.550000
-92.020000
-91.490000
-90.960000
-90.880000
-90.750000
-90.440000
-90.240000
-90.120000
-90.810000
-90.580000
-90.050000
-90.170000
-89.940000
-89.880000
-89.620000
-89.360000
-89.100000
-88.840000
-88.440000
-87.800000
-88.070000
-87.850000
-87.320000
-86.960000
-86.500000
-86.360000
-85.780000
-85.780000
-85.480000
-85.070000
-84.710000
-84.410000
-84.080000
-83.980000
-83.870000
-83.340000
-83.450000
-83.120000
-82.890000
-82.820000
-82.750000
-82.690000
-81.890000
-81.310000
-80.780000
-80.250000
-79.790000
-79.460000
-78.930000
-78.400000
-77.990000
-77.870000
-78.340000
-78.950000
-79.130000
-79.430000
-79.280000
-78.720000
-78.450000
-78.070000
-77.680000
-77.510000
-77.370000
-77.040000
-76.710000
-76.500000
-76.170000
-75.640000
-75.310000
-75.390000
-74.930000
-74.720000
-74.390000
-74.410000
-74.200000
-73.870000
-73.870000
-73.680000
-73.350000
-73.280000
-72.790000
-72.620000
-72.640000
-72.650000
-72.240000
-72.030000
-72.230000
-71.700000
-72.030000
-73.000000
-72.820000
-72.110000
-71.870000
-72.830000
-73.420000
-73.640000
-73.300000
-73.500000
-73.700000
-73.800000
-73.990000
-74.400000
-74.600000
-74.350000
-74.020000
-73.920000
-73.230000
-72.350000
-71.970000
-71.790000
-71.790000
-71.340000
-71.230000
-71.230000
-70.960000
-70.890000
-70.970000
-70.880000
-71.350000
-71.460000
-71.190000
-71.340000
-71.540000
-71.600000
-71.530000
-71.260000
-71.260000
-70.990000
-69.540000
-69.740000
-70.110000
-69.990000
-69.790000
-69.590000
-69.390000
-69.830000
-70.030000
-69.830000
-69.500000
-69.160000
-67.880000
-67.140000
-65.920000
-66.120000
-66.120000
-66.120000
-66.470000
-66.370000
-66.370000
-66.370000
-66.370000
-65.960000
-65.540000
-65.180000
-65.480000
-65.510000
-66.110000
-66.400000
-66.400000
-66.530000
-66.540000
-66.330000
-66.100000
-66.100000
-66.210000
-66.380000
-66.280000
-66.810000
-65.610000
-65.330000
-64.180000
-64.550000
-64.760000
-64.560000
-64.790000
-64.790000
-64.990000
-65.190000
-64.990000
-65.040000
-65.030000
-65.230000
-65.120000
-65.220000
-65.490000
-64.880000
-64.700000
-65.080000
-65.080000
-64.910000
-65.110000
-65.610000
-65.560000
-64.910000
-64.440000
-64.400000
-64.030000
-63.660000
-63.770000
-63.420000
-63.430000
-63.220000
-63.220000
-63.220000
-63.220000
-62.670000
-63.120000
-63.910000
-64.080000
-64.160000
-64.360000
-64.350000
-63.260000
-63.630000
-63.270000
-61.520000
-61.440000
-61.090000
-60.780000
-60.690000
-59.090000
-57.180000
-55.660000
-53.500000
-52.060000
-52.010000
-52.380000
-52.580000
-54.030000
-53.540000
-52.810000
-52.640000
-52.840000
-53.040000
-51.590000
-50.790000
-50.710000
-51.200000
-51.370000
-51.620000
-53.070000
-53.430000
-54.710000
-54.220000
-53.800000
-52.480000
-52.570000
-51.140000
-51.500000
-51.690000
-50.370000
-50.380000
-50.110000
-50.180000
-48.320000
-46.390000
-45.290000
-45.000000
-45.370000
-45.410000
-45.190000
-45.190000
-45.190000
-45.190000
-44.750000
-43.420000
-42.110000
-39.770000
-39.340000
-39.290000
-38.920000
-37.390000
-37.180000
-37.570000
-37.710000
-37.710000
-37.710000
-37.270000
-37.250000
-36.040000
-36.640000
-36.420000
-36.620000
-34.990000
-33.040000
-33.820000
-34.020000
-32.310000
-30.630000
-29.840000
-27.960000
-26.310000
-24.740000
-24.910000
-24.860000
-23.130000
-23.570000
-24.020000
-23.990000
-22.900000
-22.980000
-22.610000
-22.800000
-22.720000
-20.840000
-19.710000
-19.690000
-19.610000
-19.480000
-19.560000
-19.630000
-17.760000
-17.220000
-16.920000
-15.960000
-16.190000
-15.750000
-14.600000
-13.530000
-13.870000
-15.480000
-15.480000
-15.360000
-15.840000
-17.050000
-17.050000
-15.230000
-13.590000
-12.150000
-12.780000
-12.780000
-12.780000
-12.410000
-12.580000
-12.590000
-11.980000
-10.530000
-10.110000
-10.010000
-7.960000
-6.630000
-6.750000
-5.600000
-4.560000
-3.540000
-3.530000
-3.370000
-3.250000
-1.560000
-1.640000
-3.240000
