-85.000000
-88.500000
-84.333333
-76.250000
-80.600000
-88.166667
-86.142857
-84.625000
-88.555556
-79.700000
-80.454545
-81.333333
-86.538462
-86.285714
-86.866667
-84.375000
-86.000000
-87.055556
-88.315789
-91.000000
-90.904762
-90.636364
-90.521739
-90.083333
-86.960000
-87.961538
-86.666667
-88.250000
-88.137931
-89.033333
-88.032258
-89.750000
-89.121212
-90.088235
-91.342857
-91.916667
-91.891892
-91.236842
-91.743590
-91.025000
-91.780488
-91.714286
-91.906977
-92.681818
-92.711111
-93.173913
-92.468085
-92.937500
-92.122449
-91.700000
-91.431373
-91.692308
-91.641509
-91.129630
-91.472727
-90.535714
-89.947368
-89.862069
-89.711864
-90.100000
-89.721311
-89.693548
-89.761905
-89.671875
-89.723077
-89.651515
-89.582090
-89.397059
-89.231884
-89.614286
-90.042254
-90.569444
-90.821918
-90.608108
-90.933333
-90.184211
-90.259740
-90.051282
-89.721519
-89.812500
-89.246914
-89.036585
-88.698795
-88.142857
-88.294118
-88.313953
-88.448276
-89.068182
-89.337079
-89.055556
-89.296703
-89.293478
-89.526882
-89.351064
-88.905263
-88.822917
-89.360825
-88.877551
-88.464646
-88.250000
-88.450000
-88.950000
-89.310000
-88.990000
-89.370000
-88.980000
-88.860000
-89.320000
-88.630000
-88.810000
-88.940000
-88.440000
-87.450000
-87.540000
-87.510000
-88.030000
-87.450000
-87.310000
-87.520000
-86.850000
-86.660000
-86.540000
-86.250000
-86.460000
-86.720000
-85.870000
-86.190000
-85.730000
-86.030000
-85.560000
-85.440000
-84.480000
-84.500000
-84.030000
-83.570000
-83.410000
-82.970000
-83.440000
-83.210000
-83.410000
-82.550000
-81.890000
-81.560000
-80.960000
-80.860000
-80.360000
-80.880000
-80.190000
-79.850000
-79.670000
-79.290000
-79.140000
-79.260000
-79.330000
-79.040000
-79.950000
-79.900000
-80.360000
-80.450000
-80.230000
-80.270000
-80.730000
-80.910000
-79.930000
-79.140000
-79.230000
-79.060000
-78.940000
-79.290000
-78.870000
-78.440000
-77.980000
-77.800000
-77.510000
-77.130000
-77.540000
-77.690000
-77.700000
-77.840000
-78.060000
-78.320000
-78.470000
-78.800000
-79.090000
-78.580000
-78.740000
-78.570000
-77.890000
-77.780000
-77.530000
-77.170000
-76.910000
-76.620000
-77.080000
-77.360000
-77.690000
-77.020000
-77.200000
-77.280000
-77.430000
-76.650000
-75.540000
-75.170000
-75.220000
-74.670000
-74.270000
-74.760000
-73.640000
-73.400000
-74.230000
-73.510000
-74.270000
-74.870000
-74.310000
-73.470000
-73.520000
-73.400000
-72.960000
-72.800000
-72.820000
-72.930000
-72.900000
-72.890000
-71.720000
-71.970000
-72.720000
-72.710000
-72.680000
-72.850000
-72.770000
-73.060000
-73.680000
-73.380000
-73.360000
-73.060000
-72.910000
-72.490000
-72.100000
-71.470000
-71.450000
-71.790000
-72.030000
-72.150000
-72.130000
-71.230000
-72.000000
-71.100000
-71.750000
-72.710000
-72.930000
-73.400000
-73.240000
-73.180000
-72.680000
-72.440000
-71.670000
-72.180000
-71.760000
-71.380000
-70.810000
-71.330000
-70.070000
-70.050000
-70.440000
-71.520000
-71.240000
-71.240000
-71.060000
-70.860000
-70.560000
-70.230000
-69.960000
-69.560000
-69.880000
-70.260000
-69.970000
-70.270000
-70.250000
-69.430000
-68.820000
-68.740000
-69.020000
-68.760000
-68.960000
-69.360000
-68.180000
-67.540000
-67.410000
-67.060000
-67.530000
-67.460000
-67.480000
-67.130000
-66.100000
-65.910000
-65.770000
-65.650000
-66.050000
-65.880000
-66.140000
-66.700000
-65.630000
-64.650000
-65.030000
-65.230000
-65.100000
-64.090000
-64.190000
-64.750000
-63.940000
-64.730000
-64.940000
-64.920000
-65.880000
-67.220000
-66.850000
-67.440000
-68.180000
-67.560000
-67.910000
-67.660000
-67.830000
-67.920000
-68.640000
-68.980000
-68.870000
-68.580000
-68.140000
-67.190000
-67.680000
-67.690000
-67.420000
-67.400000
-67.250000
-67.340000
-67.430000
-68.150000
-67.280000
-67.400000
-67.310000
-67.760000
-67.400000
-67.500000
-67.740000
-68.530000
-67.660000
-67.730000
-67.230000
-66.080000
-66.650000
-66.490000
-66.640000
-66.280000
-66.610000
-66.270000
-66.490000
-66.370000
-66.140000
-66.330000
-66.560000
-66.690000
-67.120000
-66.010000
-66.770000
-66.050000
-65.760000
-66.290000
-66.910000
-66.870000
-66.870000
-67.380000
-67.870000
-67.270000
-67.560000
-67.540000
-68.080000
-67.470000
-67.640000
-68.020000
-68.010000
-68.510000
-68.500000
-68.330000
-67.990000
-68.140000
-68.940000
-69.100000
-69.250000
-69.140000
-68.480000
-68.140000
-67.330000
-67.770000
-68.090000
-67.550000
-67.290000
-68.020000
-67.590000
-68.470000
-68.600000
-67.050000
-68.710000
-70.380000
-70.010000
-70.440000
-71.300000
-71.470000
-71.780000
-70.800000
-71.240000
-70.430000
-69.870000
-69.230000
-68.870000
-67.260000
-68.000000
-67.350000
-67.140000
-67.260000
-66.420000
-66.130000
-64.720000
-65.380000
-65.200000
-64.110000
-63.430000
-62.600000
-63.000000
-63.790000
-64.140000
-63.870000
-62.340000
-62.620000
-62.960000
-62.440000
-62.450000
-62.420000
-62.810000
-62.680000
-62.360000
-62.260000
-63.600000
-63.180000
-63.200000
-62.690000
-63.280000
-63.670000
-62.980000
-63.760000
-62.110000
-61.970000
-60.730000
-60.800000
-60.800000
-61.620000
-62.020000
-61.160000
-61.500000
-61.160000
-61.710000
-60.600000
-60.490000
-61.710000
-60.970000
-61.020000
-61.800000
-60.140000
-59.720000
-59.810000
-59.880000
-59.570000
-59.420000
-60.480000
-59.070000
-58.130000
-57.810000
-57.010000
-56.370000
-56.790000
-56.750000
-56.840000
-56.550000
-55.860000
-55.560000
-55.200000
-54.420000
-55.150000
-55.150000
-54.480000
-55.270000
-55.600000
-56.760000
-56.390000
-55.780000
-56.800000
-56.320000
-55.870000
-55.670000
-54.930000
-54.160000
-56.000000
-56.230000
-55.600000
-56.230000
-55.470000
-54.970000
-55.970000
-56.680000
-57.270000
-56.770000
-57.380000
-56.840000
-56.960000
-56.600000
-57.850000
-56.640000
-56.890000
-57.010000
-56.510000
-56.550000
-57.440000
-59.280000
-59.160000
-58.730000
-58.850000
-59.390000
-60.360000
-60.140000
-59.260000
-58.390000
-59.360000
-61.090000
-60.540000
-60.720000
-60.680000
-60.550000
-60.850000
-61.680000
-61.410000
-61.120000
-60.530000
-59.250000
-59.050000
-59.170000
-58.960000
-58.500000
-58.870000
-59.720000
-58.920000
-59.640000
-58.820000
-59.140000
-59.520000
-59.440000
-59.430000
-58.240000
-58.130000
-57.770000
-57.870000
-57.680000
-58.480000
-58.060000
-57.890000
-58.610000
-58.810000
-58.420000
-59.230000
-59.230000
-59.480000
-58.850000
-58.600000
-58.480000
-58.200000
-58.780000
-59.500000
-59.980000
-61.430000
-61.340000
-61.470000
-61.580000
-60.860000
-61.030000
-61.970000
-61.840000
-61.990000
-62.670000
-61.960000
-62.030000
-62.850000
-62.590000
-63.090000
-61.850000
-61.190000
-61.790000
-61.430000
-61.870000
-61.320000
-62.100000
-62.640000
-62.150000
-61.910000
-61.890000
-60.950000
-60.960000
-61.620000
-60.000000
-59.630000
-59.470000
-59.250000
-60.230000
-58.890000
-59.250000
-59.150000
-59.130000
-57.940000
-58.490000
-58.120000
-57.810000
-58.480000
-59.260000
-59.030000
-57.680000
-56.600000
-56.770000
-57.820000
-57.800000
-58.000000
-58.380000
-58.720000
-58.960000
-57.280000
-57.310000
-57.240000
-57.080000
-57.630000
-57.320000
-56.520000
-56.540000
-56.930000
-57.570000
-58.280000
-59.160000
-59.530000
-59.560000
-60.230000
-60.560000
-60.270000
-60.390000
-60.420000
-61.070000
-62.370000
-63.450000
-63.550000
-64.240000
-63.810000
-64.890000
-65.730000
-64.620000
-64.910000
-65.030000
-64.270000
-65.170000
-64.900000
-63.910000
-63.260000
-63.630000
-64.220000
-63.190000
-62.190000
-63.460000
-64.110000
-64.570000
-64.910000
-65.070000
-64.720000
-64.600000
-63.840000
-64.720000
-63.880000
-63.610000
-64.200000
-64.230000
-63.940000
-63.550000
-63.350000
-62.740000
-63.220000
-63.330000
-62.590000
-62.110000
-61.880000
-63.030000
-63.500000
-63.430000
-63.220000
-63.560000
-63.020000
-62.170000
-62.140000
-63.350000
-63.460000
-63.290000
-63.610000
-63.320000
-63.140000
-64.470000
-64.730000
-64.730000
-64.270000
-64.460000
-66.030000
-66.430000
-65.970000
-65.220000
-66.200000
-66.490000
-66.940000
-67.290000
-67.390000
-66.790000
-66.580000
-67.790000
-68.560000
-69.080000
-68.850000
-69.140000
-68.360000
-68.170000
-68.330000
-68.680000
-69.120000
-67.930000
-68.810000
-68.980000
-68.160000
-68.200000
-68.710000
-68.740000
-68.440000
-68.850000
-67.320000
-66.460000
-66.080000
-66.080000
-66.070000
-65.680000
-65.040000
-65.200000
-65.800000
-65.590000
-65.180000
-64.130000
-63.980000
-63.020000
-63.170000
-62.380000
-62.390000
-63.850000
-63.800000
-63.790000
-64.100000
-62.130000
-62.520000
-63.560000
-64.630000
-64.540000
-63.350000
-64.760000
-65.680000
-64.440000
-64.660000
-63.070000
-63.090000
-63.740000
-64.220000
-64.230000
-64.700000
-63.470000
-64.030000
-64.710000
-64.670000
-64.560000
-64.700000
-65.250000
-65.220000
-66.310000
-66.510000
-66.730000
-67.810000
-68.500000
-68.720000
-68.530000
-68.770000
-69.310000
-69.880000
-69.980000
-71.220000
-71.470000
-70.930000
-70.930000
-70.970000
-70.800000
-70.990000
-71.420000
-71.360000
-72.000000
-71.890000
-71.630000
-72.510000
-72.660000
-72.710000
-72.830000
-73.430000
-74.540000
-73.920000
-73.490000
-73.960000
-72.530000
-72.640000
-73.180000
-73.620000
-73.510000
-73.220000
-73.740000
-73.560000
-73.650000
-74.700000
-75.000000
-75.380000
-75.270000
-75.980000
-77.290000
-76.820000
-76.750000
-78.040000
-78.440000
-78.850000
-78.750000
-79.250000
-79.250000
-79.420000
-79.740000
-80.260000
-79.740000
-80.230000
-80.680000
-81.240000
-81.240000
-81.790000
-82.000000
-82.420000
-83.580000
-83.720000
-84.570000
-84.860000
-85.770000
-84.950000
-85.000000
-84.680000
-84.130000
-84.570000
-86.710000
-86.600000
-86.610000
-86.480000
-86.590000
-87.980000
-87.020000
-86.910000
-88.170000
-87.950000
-88.800000
-88.790000
-88.780000
-88.780000
-88.780000
-88.660000
-88.920000
-89.360000
-87.850000
-87.010000
-87.230000
-87.670000
-88.420000
-88.860000
-88.290000
-88.390000
-86.860000
-86.980000
-87.080000
-87.080000
-87.520000
-88.090000
-88.310000
-88.170000
-88.070000
-88.180000
-88.780000
-89.330000
-89.310000
-89.330000
-89.590000
-90.250000
-90.250000
-90.200000
-90.310000
-90.420000
-90.790000
-91.310000
-91.010000
-91.010000
-91.010000
-91.310000
-91.530000
-92.650000
-93.200000
-92.740000
-94.170000
-94.280000
-94.400000
-94.280000
-94.270000
-94.690000
-94.440000
-94.920000
-94.580000
-94.460000
-94.460000
-94.460000
-94.440000
-94.000000
-93.980000
-94.680000
-94.800000
-94.830000
-95.080000
-95.080000
-95.080000
-95.570000
-95.560000
-96.910000
-97.450000
-97.920000
-98.430000
-98.430000
-98.520000
-99.000000
-99.110000
-98.970000
-98.480000
-98.460000
-98.350000
-98.380000
-98.390000
-98.500000
-98.240000
-99.300000
-99.320000
-100.090000
-100.650000
-100.650000
-100.620000
-100.590000
-100.700000
-100.570000
-100.450000
-100.340000
-101.160000
-101.170000
-101.160000
-101.170000
-101.730000
-101.850000
-101.970000
-101.830000
-101.730000
-101.720000
-102.540000
-102.510000
-104.130000
-105.090000
-105.090000
-105.200000
-105.310000
-105.420000
-106.090000
-106.100000
-107.620000
-107.610000
-107.730000
-107.730000
-107.730000
-107.720000
-107.720000
-107.860000
-107.860000
-107.520000
-107.190000
-106.860000
-106.760000
