-105.000000
-88.000000
-95.666667
-86.000000
-96.200000
-93.500000
-88.714286
-83.875000
-84.777778
-85.100000
-90.545455
-88.416667
-88.307692
-86.428571
-82.466667
-82.625000
-80.529412
-77.777778
-79.210526
-80.600000
-79.571429
-81.000000
-80.826087
-82.208333
-84.200000
-85.230769
-83.481481
-84.500000
-83.379310
-84.066667
-83.548387
-84.500000
-84.181818
-84.558824
-84.628571
-85.305556
-84.027027
-83.631579
-82.333333
-82.400000
-83.097561
-81.404762
-81.465116
-81.204545
-80.866667
-79.913043
-80.638298
-80.791667
-81.326531
-80.300000
-80.823529
-80.711538
-80.641509
-80.537037
-81.109091
-79.553571
-80.105263
-80.827586
-81.355932
-81.250000
-81.393443
-81.016129
-81.507937
-81.468750
-81.523077
-81.787879
-81.985075
-82.205882
-81.405797
-80.357143
-80.845070
-80.958333
-80.917808
-81.027027
-81.440000
-81.921053
-82.324675
-81.602564
-81.481013
-81.525000
-80.703704
-81.182927
-81.554217
-82.011905
-82.188235
-82.744186
-82.229885
-81.738636
-81.865169
-81.355556
-81.406593
-81.086957
-81.419355
-80.680851
-80.768421
-80.427083
-80.773196
-80.653061
-80.858586
-81.200000
-80.870000
-81.580000
-81.610000
-81.910000
-81.020000
-80.830000
-81.040000
-81.320000
-81.610000
-81.730000
-81.300000
-81.420000
-81.040000
-81.750000
-82.380000
-82.660000
-82.950000
-82.870000
-82.720000
-81.820000
-81.610000
-81.590000
-81.740000
-81.240000
-79.900000
-79.030000
-79.220000
-78.690000
-79.280000
-79.400000
-80.150000
-79.610000
-79.810000
-79.470000
-79.850000
-79.660000
-79.750000
-79.610000
-79.920000
-79.700000
-79.710000
-80.140000
-80.390000
-81.020000
-81.830000
-82.410000
-82.160000
-81.810000
-81.380000
-81.380000
-81.180000
-81.570000
-81.950000
-81.640000
-80.880000
-81.910000
-81.470000
-81.060000
-81.090000
-80.610000
-80.390000
-80.350000
-79.970000
-80.040000
-79.970000
-79.590000
-79.650000
-79.200000
-79.940000
-80.970000
-80.900000
-80.760000
-80.850000
-81.110000
-80.300000
-80.260000
-80.440000
-80.830000
-81.200000
-80.880000
-81.720000
-81.520000
-80.630000
-80.280000
-79.800000
-79.960000
-80.430000
-79.930000
-79.660000
-80.140000
-79.680000
-79.460000
-79.320000
-80.070000
-80.530000
-80.680000
-80.660000
-81.080000
-80.730000
-80.200000
-79.930000
-78.770000
-78.300000
-78.110000
-78.090000
-78.070000
-77.820000
-77.650000
-77.480000
-77.410000
-76.420000
-75.800000
-76.740000
-76.520000
-76.380000
-75.020000
-74.740000
-74.930000
-74.650000
-75.020000
-74.750000
-74.400000
-74.050000
-74.050000
-74.630000
-73.660000
-73.620000
-73.490000
-73.440000
-73.090000
-72.180000
-72.740000
-72.570000
-72.180000
-72.050000
-71.650000
-72.060000
-72.790000
-73.270000
-73.760000
-73.180000
-73.370000
-73.400000
-73.190000
-72.980000
-73.180000
-73.380000
-73.500000
-74.020000
-74.770000
-74.780000
-74.320000
-73.360000
-72.780000
-73.180000
-73.330000
-73.310000
-73.650000
-73.660000
-74.530000
-74.030000
-74.000000
-74.690000
-74.070000
-73.970000
-74.350000
-73.140000
-71.890000
-71.530000
-71.080000
-70.530000
-70.610000
-70.520000
-69.920000
-71.000000
-70.280000
-70.270000
-71.040000
-70.590000
-69.630000
-69.520000
-68.970000
-68.520000
-68.220000
-68.400000
-68.100000
-67.230000
-67.880000
-67.880000
-68.340000
-68.270000
-69.400000
-68.660000
-68.240000
-67.510000
-67.880000
-67.910000
-67.180000
-67.330000
-67.230000
-67.640000
-67.770000
-67.830000
-67.820000
-68.040000
-68.650000
-68.680000
-69.140000
-68.770000
-68.050000
-68.830000
-69.890000
-69.460000
-69.280000
-68.580000
-69.910000
-70.810000
-71.030000
-71.550000
-71.850000
-72.510000
-71.430000
-71.310000
-71.340000
-71.100000
-71.810000
-72.020000
-71.220000
-70.910000
-69.780000
-69.730000
-68.450000
-68.370000
-69.500000
-68.140000
-68.350000
-67.430000
-66.230000
-66.280000
-65.900000
-66.050000
-64.510000
-64.550000
-62.850000
-61.670000
-59.950000
-59.720000
-59.720000
-58.750000
-57.300000
-57.200000
-56.530000
-55.770000
-55.680000
-55.280000
-54.840000
-53.860000
-53.540000
-52.480000
-51.300000
-51.120000
-51.650000
-50.530000
-51.340000
-51.360000
-50.080000
-51.300000
-52.010000
-51.000000
-51.120000
-50.610000
-49.300000
-48.700000
-49.220000
-48.530000
-49.170000
-48.010000
-46.850000
-47.310000
-47.750000
-47.960000
-46.720000
-48.050000
-48.380000
-48.070000
-47.330000
-47.030000
-47.120000
-47.180000
-46.360000
-45.900000
-45.330000
-45.210000
-45.500000
-44.030000
-43.780000
-42.880000
-42.470000
-42.630000
-43.460000
-43.330000
-43.290000
-43.310000
-43.250000
-42.210000
-41.540000
-42.110000
-41.250000
-41.730000
-42.030000
-41.610000
-41.180000
-40.840000
-40.620000
-40.530000
-39.430000
-38.050000
-37.520000
-36.390000
-36.700000
-36.280000
-35.970000
-34.670000
-33.940000
-33.260000
-33.950000
-33.190000
-31.210000
-31.200000
-31.520000
-31.130000
-32.400000
-32.860000
-32.650000
-33.790000
-32.840000
-33.690000
-33.850000
-33.830000
-33.870000
-33.570000
-34.980000
-34.560000
-36.090000
-37.060000
-38.370000
-38.130000
-38.650000
-39.130000
-39.670000
-39.250000
-39.420000
-40.950000
-41.440000
-41.860000
-42.310000
-43.660000
-42.820000
-43.260000
-44.460000
-43.450000
-42.190000
-40.980000
-39.920000
-40.100000
-41.050000
-41.190000
-42.260000
-42.150000
-42.250000
-42.760000
-44.060000
-45.040000
-45.130000
-45.520000
-45.500000
-46.520000
-47.280000
-47.340000
-48.490000
-48.700000
-50.940000
-50.780000
-50.800000
-51.390000
-51.630000
-52.730000
-53.160000
-53.560000
-54.240000
-54.430000
-54.360000
-55.400000
-54.080000
-55.350000
-55.720000
-55.110000
-56.360000
-54.260000
-53.690000
-53.750000
-54.560000
-54.830000
-55.300000
-56.010000
-56.300000
-55.520000
-56.100000
-54.830000
-55.350000
-55.630000
-53.720000
-51.930000
-52.380000
-53.350000
-54.020000
-54.510000
-55.560000
-55.700000
-55.220000
-55.530000
-56.840000
-58.050000
-59.030000
-59.940000
-59.940000
-60.980000
-63.960000
-63.880000
-62.750000
-63.330000
-63.490000
-63.000000
-62.390000
-62.150000
-63.510000
-63.820000
-64.130000
-63.540000
-63.680000
-64.410000
-64.920000
-64.730000
-64.330000
-62.150000
-62.080000
-62.380000
-61.760000
-61.640000
-62.320000
-62.340000
-62.710000
-62.780000
-63.650000
-61.750000
-61.170000
-60.700000
-59.580000
-59.780000
-59.170000
-59.050000
-59.820000
-61.270000
-60.150000
-59.820000
-59.760000
-59.420000
-57.240000
-56.930000
-56.600000
-54.940000
-54.670000
-52.380000
-50.630000
-50.100000
-48.520000
-46.580000
-46.110000
-43.820000
-41.770000
-39.580000
-39.040000
-38.480000
-38.700000
-36.620000
-34.830000
-34.600000
-34.090000
-33.520000
-32.910000
-31.950000
-31.710000
-29.770000
-30.900000
-29.350000
-28.780000
-28.010000
-23.600000
-23.950000
-22.450000
-20.530000
-18.480000
-16.680000
-14.470000
-13.350000
-13.440000
-12.170000
-12.290000
-13.320000
-10.910000
-9.340000
-9.580000
-11.500000
-11.500000
-11.470000
-9.900000
-8.640000
-8.390000
-8.790000
-7.220000
-7.110000
-6.330000
-6.570000
-6.350000
-4.900000
-5.140000
-4.670000
-3.110000
-3.570000
-3.800000
-4.050000
-3.860000
-4.100000
-4.070000
-2.640000
-0.620000
1.190000
2.100000
2.630000
3.160000
3.160000
3.370000
3.800000
3.230000
3.000000
3.140000
4.660000
4.430000
4.430000
6.150000
7.020000
7.980000
10.140000
12.170000
10.150000
10.930000
11.650000
9.630000
9.550000
9.200000
9.200000
10.160000
10.560000
8.520000
8.160000
7.860000
8.130000
6.970000
8.380000
8.030000
8.570000
8.870000
6.610000
7.920000
9.080000
8.400000
9.570000
9.570000
7.320000
5.300000
4.930000
5.740000
5.530000
7.670000
5.620000
5.500000
6.890000
7.510000
8.960000
9.080000
7.270000
6.770000
4.870000
5.420000
4.080000
4.320000
2.870000
-1.440000
-2.330000
-2.640000
-4.320000
-5.420000
-5.710000
-6.120000
-6.670000
-5.880000
-7.320000
-7.670000
-7.310000
-8.200000
-8.980000
-10.310000
-9.640000
-8.690000
-8.220000
-8.300000
-9.590000
-8.260000
-8.260000
-9.360000
-8.850000
-9.660000
-9.270000
-9.070000
-10.890000
-10.510000
-9.510000
-9.850000
-9.160000
-10.370000
-7.070000
-7.080000
-6.680000
-6.270000
-5.750000
-7.770000
-8.890000
-8.840000
-9.240000
-9.690000
-8.000000
-6.190000
-5.530000
-4.100000
-5.110000
-5.840000
-5.660000
-4.430000
-3.210000
-4.610000
-5.600000
-5.590000
-6.310000
-7.430000
-6.300000
-7.060000
-6.290000
-4.950000
-3.710000
-2.390000
-3.110000
-2.050000
-1.680000
-0.880000
0.450000
1.770000
2.870000
2.200000
0.830000
2.630000
-0.160000
-0.760000
1.630000
-1.110000
-0.750000
-0.200000
-3.270000
-3.970000
-3.270000
-1.320000
-1.420000
-2.440000
-2.390000
-2.270000
-0.690000
-0.760000
-2.440000
-1.470000
-1.230000
0.340000
1.140000
1.070000
1.370000
2.410000
1.590000
2.350000
3.600000
5.760000
4.950000
3.690000
3.390000
2.820000
2.750000
3.070000
2.310000
3.570000
5.150000
7.550000
8.510000
7.590000
9.410000
8.590000
9.740000
11.080000
14.590000
14.400000
15.950000
15.000000
16.440000
17.540000
16.330000
16.100000
16.490000
17.990000
20.040000
19.730000
18.360000
18.210000
17.720000
17.720000
15.900000
17.440000
18.350000
18.130000
17.250000
17.450000
18.450000
19.070000
20.630000
21.880000
22.310000
21.820000
22.410000
21.180000
21.920000
24.310000
24.660000
25.340000
25.800000
26.710000
26.290000
24.950000
24.950000
25.500000
26.160000
29.130000
28.600000
29.040000
29.510000
28.110000
28.830000
28.490000
27.350000
27.870000
28.340000
28.820000
29.050000
30.650000
30.730000
28.910000
30.450000
32.080000
31.230000
32.960000
32.890000
32.890000
33.090000
35.240000
36.550000
36.140000
36.130000
38.140000
39.260000
39.010000
39.240000
38.080000
38.000000
37.370000
36.640000
34.580000
35.580000
37.590000
37.490000
37.590000
39.030000
38.990000
38.960000
38.330000
40.140000
43.500000
45.240000
46.910000
47.270000
45.710000
47.180000
46.930000
46.790000
46.550000
45.220000
46.540000
44.440000
46.110000
45.500000
44.780000
42.710000
42.650000
42.030000
43.450000
43.460000
42.180000
44.320000
46.130000
46.840000
46.870000
46.150000
47.880000
49.700000
50.070000
51.880000
53.080000
53.400000
53.770000
53.770000
54.880000
55.250000
57.390000
57.600000
57.460000
56.740000
56.740000
56.630000
55.300000
54.940000
56.750000
56.900000
56.660000
56.420000
56.070000
55.830000
54.500000
56.310000
58.110000
58.710000
59.160000
59.280000
57.730000
58.090000
57.970000
57.850000
59.720000
59.490000
59.370000
60.700000
61.180000
61.070000
60.950000
61.060000
61.050000
61.040000
62.850000
63.320000
63.430000
63.800000
63.690000
63.570000
64.050000
65.750000
65.630000
65.630000
65.990000
66.590000
66.590000
67.030000
66.910000
67.030000
68.020000
69.350000
69.830000
70.430000
72.240000
72.120000
72.490000
74.190000
73.940000
74.300000
74.770000
74.880000
75.480000
76.430000
75.180000
