-79.000000
-83.500000
-83.333333
-89.000000
-93.400000
-87.000000
-81.142857
-83.500000
-84.222222
-76.500000
-80.000000
-80.000000
-78.538462
-80.285714
-80.466667
-83.500000
-84.647059
-85.222222
-84.631579
-82.650000
-82.095238
-83.681818
-84.826087
-82.375000
-81.640000
-80.730769
-82.407407
-79.392857
-80.517241
-81.233333
-81.870968
-81.937500
-83.090909
-82.941176
-83.171429
-82.083333
-82.351351
-83.078947
-82.410256
-83.075000
-83.341463
-83.761905
-83.325581
-84.454545
-85.511111
-84.391304
-83.872340
-84.187500
-85.510204
-86.040000
-85.862745
-86.153846
-86.490566
-86.203704
-85.509091
-85.946429
-86.210526
-86.793103
-87.203390
-87.033333
-86.377049
-86.080645
-84.539683
-84.031250
-83.938462
-83.772727
-83.626866
-84.044118
-84.362319
-84.485714
-84.084507
-84.541667
-84.178082
-84.513514
-84.253333
-84.026316
-84.129870
-84.064103
-84.430380
-84.300000
-83.827160
-83.402439
-83.746988
-84.095238
-83.764706
-83.965116
-83.827586
-83.568182
-83.280899
-82.933333
-83.274725
-82.934783
-83.053763
-82.861702
-83.494737
-83.427083
-83.103093
-82.979592
-82.787879
-82.520000
-82.210000
-81.610000
-81.750000
-81.470000
-81.360000
-81.580000
-82.110000
-82.430000
-82.550000
-83.260000
-82.530000
-82.430000
-82.110000
-81.750000
-82.230000
-81.790000
-81.570000
-80.970000
-80.730000
-80.990000
-80.770000
-80.860000
-80.590000
-81.350000
-81.670000
-82.090000
-82.080000
-82.680000
-82.300000
-82.090000
-82.070000
-81.200000
-81.130000
-81.200000
-81.580000
-81.610000
-80.690000
-80.680000
-80.680000
-79.870000
-78.640000
-78.270000
-78.700000
-77.770000
-76.950000
-76.360000
-76.880000
-76.620000
-76.490000
-76.010000
-75.780000
-75.340000
-75.000000
-75.040000
-74.850000
-73.850000
-72.520000
-71.960000
-71.890000
-71.700000
-71.460000
-71.670000
-71.940000
-72.680000
-72.370000
-72.200000
-72.100000
-71.580000
-70.900000
-70.780000
-70.870000
-70.220000
-70.160000
-69.460000
-68.700000
-68.800000
-69.270000
-69.120000
-68.990000
-69.480000
-70.450000
-71.000000
-69.530000
-68.870000
-68.970000
-68.650000
-68.800000
-68.960000
-69.100000
-69.370000
-67.870000
-67.690000
-66.500000
-66.460000
-65.380000
-64.820000
-65.030000
-65.750000
-64.700000
-64.210000
-64.390000
-65.050000
-64.470000
-64.470000
-64.390000
-64.330000
-63.500000
-63.350000
-63.490000
-63.600000
-63.550000
-63.200000
-64.250000
-64.180000
-64.180000
-63.430000
-63.200000
-63.360000
-63.320000
-64.030000
-63.800000
-63.310000
-63.150000
-62.760000
-61.900000
-62.090000
-61.500000
-61.010000
-61.270000
-61.390000
-61.100000
-61.480000
-61.680000
-61.660000
-61.520000
-62.200000
-62.300000
-60.700000
-61.180000
-61.200000
-62.030000
-62.040000
-62.310000
-62.180000
-62.350000
-63.430000
-63.280000
-63.670000
-62.870000
-63.380000
-63.160000
-63.430000
-63.380000
-62.960000
-62.560000
-63.810000
-65.480000
-65.240000
-64.950000
-64.550000
-65.160000
-65.210000
-65.300000
-64.620000
-64.510000
-64.210000
-63.890000
-63.470000
-62.620000
-62.590000
-62.560000
-63.470000
-63.230000
-61.710000
-63.060000
-62.590000
-62.190000
-62.190000
-61.850000
-61.620000
-61.440000
-60.960000
-61.700000
-62.100000
-62.170000
-61.010000
-61.010000
-60.220000
-59.290000
-59.210000
-60.310000
-60.810000
-62.060000
-62.840000
-62.790000
-62.290000
-62.990000
-61.970000
-62.160000
-62.020000
-61.240000
-61.080000
-60.730000
-60.030000
-59.990000
-60.600000
-60.550000
-60.540000
-60.370000
-60.250000
-59.660000
-59.380000
-58.540000
-58.820000
-58.260000
-59.200000
-58.570000
-58.100000
-57.890000
-57.240000
-56.850000
-55.960000
-56.600000
-57.230000
-57.810000
-57.510000
-56.500000
-57.160000
-57.170000
-57.650000
-57.200000
-57.960000
-56.610000
-56.380000
-56.540000
-56.500000
-57.340000
-59.010000
-57.820000
-57.960000
-58.310000
-58.470000
-58.060000
-57.550000
-58.320000
-57.480000
-57.220000
-56.810000
-57.010000
-54.740000
-55.730000
-56.220000
-56.990000
-56.900000
-56.760000
-55.790000
-54.500000
-53.870000
-53.340000
-52.800000
-53.070000
-53.180000
-54.260000
-54.400000
-55.200000
-55.450000
-54.880000
-54.840000
-56.650000
-56.870000
-56.890000
-55.700000
-56.430000
-57.590000
-57.720000
-58.580000
-58.710000
-58.430000
-58.250000
-58.670000
-58.400000
-58.780000
-59.500000
-59.410000
-58.440000
-59.840000
-60.080000
-60.690000
-62.010000
-62.310000
-62.260000
-61.300000
-60.670000
-60.730000
-61.070000
-62.200000
-61.770000
-62.780000
-64.240000
-65.420000
-66.070000
-66.340000
-66.530000
-67.390000
-67.960000
-67.040000
-67.800000
-66.290000
-65.540000
-65.400000
-67.050000
-67.880000
-67.740000
-68.020000
-68.380000
-67.800000
-68.860000
-69.440000
-69.540000
-69.880000
-70.770000
-69.700000
-69.810000
-69.980000
-70.640000
-70.750000
-70.990000
-71.350000
-71.350000
-70.690000
-71.450000
-71.630000
-73.070000
-73.630000
-72.930000
-72.920000
-73.140000
-73.030000
-73.150000
-72.360000
-71.710000
-72.010000
-72.180000
-73.580000
-72.110000
-72.000000
-72.450000
-73.050000
-72.660000
-74.790000
-74.910000
-73.660000
-73.460000
-74.390000
-75.830000
-76.570000
-77.740000
-79.280000
-79.740000
-81.210000
-81.260000
-81.390000
-79.700000
-80.090000
-80.090000
-80.690000
-82.100000
-83.010000
-82.290000
-82.640000
-82.780000
-83.450000
-83.550000
-84.670000
-84.730000
-84.990000
-85.030000
-85.880000
-86.840000
-86.620000
-86.800000
-86.470000
-86.590000
-86.850000
-87.970000
-88.150000
-88.200000
-88.720000
-88.770000
-88.460000
-88.880000
-90.160000
-90.950000
-90.660000
-91.130000
-91.400000
-91.560000
-91.560000
-91.430000
-91.770000
-92.400000
-92.770000
-93.550000
-93.770000
-93.480000
-94.240000
-94.420000
-95.930000
-96.850000
-97.380000
-97.110000
-96.800000
-97.600000
-97.610000
-97.660000
-98.240000
-98.390000
-98.820000
-99.630000
-99.680000
-99.970000
-102.320000
-102.110000
-101.840000
-101.660000
-101.700000
-102.970000
-103.020000
-103.170000
-103.580000
-103.680000
-103.550000
-103.290000
-103.560000
-104.380000
-104.710000
-104.710000
-104.820000
-106.000000
-107.510000
-108.420000
-108.460000
-108.500000
-108.500000
-109.690000
-110.970000
-110.970000
-110.150000
-111.000000
-111.040000
-111.040000
-111.450000
-111.280000
-111.160000
-111.020000
-111.060000
-109.700000
-109.550000
-110.030000
-110.070000
-110.070000
-110.050000
-111.100000
-111.100000
-111.100000
-111.150000
-110.480000
-110.540000
-111.080000
-110.880000
-111.150000
-111.410000
-111.460000
-111.420000
-111.150000
-110.890000
-110.890000
-110.840000
-110.450000
-110.710000
-110.600000
-110.580000
-110.020000
-109.590000
-109.200000
-108.750000
-108.370000
-108.410000
-108.410000
-108.870000
-108.920000
-108.910000
-108.910000
-108.240000
-108.560000
-108.120000
-107.630000
-107.640000
-107.990000
-107.970000
-107.480000
-106.550000
-106.210000
-106.210000
-106.080000
-105.470000
-105.080000
-104.590000
-104.860000
-104.370000
-103.700000
-104.550000
-104.820000
-104.320000
-104.590000
-104.980000
-104.870000
-104.870000
-104.760000
-104.400000
-104.020000
-103.910000
-103.750000
-103.740000
-103.630000
-103.620000
-103.460000
-103.200000
-102.980000
-102.760000
-103.080000
-102.820000
-102.330000
-102.330000
-101.490000
-101.110000
-101.180000
-100.510000
-100.510000
-100.510000
-99.850000
-99.750000
-100.040000
-99.370000
-99.150000
-99.410000
-99.680000
-99.800000
-99.130000
-98.940000
-98.670000
-99.340000
-98.840000
-99.020000
-99.400000
-99.700000
-101.260000
-101.530000
-101.800000
-102.080000
-102.350000
-101.860000
-101.860000
-102.180000
-101.690000
-101.440000
-102.380000
-101.990000
-102.260000
-101.780000
-101.400000
-100.720000
-100.230000
-99.720000
-99.170000
-99.220000
-99.490000
-99.760000
-99.960000
-98.880000
-98.550000
-98.630000
-98.450000
-98.330000
-99.260000
-99.810000
-100.260000
-99.850000
-99.180000
-98.810000
-98.470000
-97.340000
-96.850000
-97.030000
-96.210000
-96.030000
-95.850000
-95.630000
-94.920000
-94.920000
-95.680000
-95.850000
-95.560000
-95.830000
-94.930000
-95.200000
-95.360000
-95.510000
-94.900000
-94.610000
-94.790000
-93.840000
-92.790000
-92.500000
-91.450000
-90.400000
-90.020000
-89.350000
-88.430000
-87.760000
-87.220000
-86.550000
-85.880000
-85.920000
-85.250000
-84.810000
-85.250000
-85.040000
-85.310000
-85.520000
-84.910000
-84.350000
-84.890000
-84.000000
-83.960000
-84.370000
-83.630000
-83.740000
-83.180000
-83.230000
-83.280000
-82.250000
-81.500000
-82.220000
-82.350000
-81.720000
-80.780000
-81.330000
-81.450000
-82.020000
-82.290000
-81.990000
-80.310000
-79.320000
-78.490000
-77.410000
-76.000000
-73.440000
-72.600000
-71.550000
-70.700000
-71.210000
-70.160000
-69.420000
-69.750000
-69.670000
-69.670000
-70.180000
-69.960000
-69.850000
-70.610000
-71.550000
-72.090000
-72.700000
-72.640000
-72.610000
-72.390000
-72.420000
-71.730000
-72.780000
-72.620000
-72.510000
-73.230000
-73.320000
-72.280000
-71.450000
-69.090000
-69.170000
-67.550000
-67.320000
-67.060000
-67.600000
-67.680000
-67.570000
-67.340000
-65.720000
-64.100000
-63.450000
-63.240000
-63.020000
-62.150000
-62.040000
-62.040000
-61.270000
-62.300000
-62.910000
-62.640000
-63.030000
-62.770000
-62.770000
-62.450000
-62.630000
-63.680000
-64.480000
-62.970000
-61.460000
-61.340000
-62.400000
-62.710000
-62.960000
-63.430000
-63.960000
-64.590000
-63.950000
-64.130000
-64.090000
-63.190000
-61.730000
-59.620000
-59.160000
-58.900000
-59.770000
-59.990000
-60.570000
-61.230000
-60.320000
-60.380000
-60.340000
-60.300000
-59.350000
-59.490000
-58.120000
-56.540000
-54.200000
-53.680000
-51.760000
-52.480000
-52.230000
-52.290000
-49.960000
-47.400000
-47.090000
-49.250000
-49.670000
-49.740000
-48.230000
-46.970000
-47.320000
-45.830000
-44.670000
-44.530000
-42.220000
-41.680000
-40.220000
-38.320000
-37.640000
-35.320000
-33.120000
-31.140000
-29.450000
-27.240000
-24.920000
-22.580000
-20.470000
-19.020000
-16.710000
-16.050000
-13.810000
-12.120000
-11.460000
-9.770000
-10.020000
-8.030000
-6.550000
-5.040000
-5.210000
-5.930000
-4.090000
-4.440000
-3.470000
-1.780000
-0.320000
1.330000
2.660000
3.450000
2.730000
2.730000
2.790000
4.110000
6.220000
7.680000
9.130000
10.410000
12.200000
12.860000
15.190000
15.120000
15.610000
17.070000
18.580000
19.830000
21.400000
23.250000
25.560000
23.910000
23.910000
23.960000
25.820000
27.160000
28.430000
29.440000
30.760000
32.670000
33.640000
35.330000
37.010000
37.050000
37.180000
37.410000
39.230000
40.920000
42.700000
44.540000
45.160000
47.500000
49.740000
51.420000
52.400000
53.380000
54.770000
56.350000
54.380000
52.990000
51.240000
51.070000
49.320000
49.910000
50.200000
50.310000
48.910000
47.280000
47.330000
48.770000
48.400000
48.570000
46.940000
46.830000
47.180000
47.280000
47.630000
49.200000
48.970000
48.480000
48.840000
48.360000
48.010000
46.500000
44.730000
43.150000
41.400000
40.120000
38.610000
37.890000
36.490000
36.480000
36.130000
36.060000
34.660000
34.420000
34.380000
33.670000
34.900000
35.020000
34.540000
32.800000
32.730000
31.700000
30.060000
30.410000
29.380000
27.750000
27.980000
28.210000
27.850000
28.340000
27.430000
26.720000
27.640000
26.360000
26.240000
