-83.000000
-80.500000
-98.000000
-107.250000
-95.200000
-89.833333
-90.285714
-94.000000
-95.111111
-90.700000
-88.545455
-83.583333
-85.692308
-81.928571
-80.600000
-81.000000
-84.000000
-82.055556
-79.736842
-78.450000
-77.857143
-77.409091
-77.043478
-74.666667
-77.360000
-76.192308
-76.592593
-76.321429
-78.586207
-79.200000
-78.838710
-80.843750
-82.757576
-84.500000
-86.171429
-87.750000
-88.243243
-88.710526
-88.974359
-89.350000
-89.000000
-87.071429
-86.790698
-86.386364
-87.044444
-87.652174
-88.234043
-86.562500
-86.959184
-87.540000
-87.764706
-88.307692
-89.339623
-90.018519
-89.272727
-89.017857
-89.473684
-89.758621
-90.661017
-91.350000
-92.196721
-93.064516
-93.428571
-93.046875
-93.815385
-94.560606
-95.283582
-95.602941
-96.289855
-96.957143
-97.042254
-97.666667
-97.000000
-97.635135
-97.146667
-97.328947
-97.298701
-97.012821
-96.734177
-94.812500
-95.148148
-95.731707
-96.168675
-96.380952
-96.611765
-96.174419
-96.712644
-97.238636
-97.752809
-98.255556
-98.560440
-99.043478
-99.301075
-99.765957
-100.221053
-100.666667
-101.103093
-101.530612
-101.464646
-101.600000
-101.260000
-100.970000
-100.170000
-99.910000
-99.000000
-99.790000
-100.280000
-100.340000
-100.460000
-101.210000
-101.970000
-103.110000
-103.420000
-104.350000
-105.160000
-105.730000
-105.840000
-105.160000
-106.210000
-107.100000
-107.870000
-108.640000
-109.400000
-110.310000
-110.100000
-110.470000
-111.020000
-111.760000
-111.770000
-112.230000
-112.980000
-112.990000
-112.980000
-112.990000
-112.990000
-112.990000
-113.090000
-113.450000
-113.720000
-113.860000
-114.540000
-115.890000
-116.300000
-117.030000
-116.820000
-116.830000
-117.030000
-118.110000
-118.480000
-118.750000
-118.920000
-119.080000
-119.080000
-119.250000
-119.920000
-120.330000
-120.340000
-119.960000
-119.690000
-119.800000
-119.530000
-119.230000
-119.500000
-120.240000
-120.240000
-120.240000
-120.170000
-120.430000
-120.320000
-120.320000
-120.720000
-120.730000
-121.670000
-121.550000
-122.370000
-122.690000
-122.900000
-123.310000
-123.720000
-125.750000
-125.690000
-125.690000
-125.530000
-125.820000
-125.820000
-126.390000
-126.390000
-126.390000
-126.120000
-126.120000
-126.020000
-125.750000
-125.950000
-125.680000
-125.710000
-125.700000
-125.710000
-125.720000
-126.090000
-126.370000
-127.310000
-128.250000
-129.150000
-129.520000
-131.280000
-131.070000
-130.810000
-130.710000
-130.970000
-130.750000
-130.750000
-130.480000
-130.490000
-130.390000
-130.390000
-130.410000
-130.410000
-131.760000
-131.760000
-131.490000
-131.220000
-131.190000
-130.900000
-131.220000
-131.170000
-131.490000
-131.230000
-131.230000
-130.960000
-130.640000
-130.370000
-130.360000
-130.360000
-130.040000
-130.040000
-130.040000
-130.310000
-130.320000
-130.490000
-130.750000
-130.760000
-130.680000
-130.950000
-130.880000
-131.360000
-131.630000
-131.730000
-131.830000
-131.560000
-131.550000
-131.820000
-131.760000
-131.630000
-131.640000
-131.920000
-132.210000
-132.410000
-133.160000
-133.360000
-133.360000
-133.460000
-133.720000
-133.550000
-133.380000
-133.310000
-133.040000
-132.840000
-132.570000
-132.410000
-132.410000
-132.140000
-132.130000
-132.130000
-132.230000
-132.230000
-132.230000
-132.230000
-132.230000
-132.230000
-131.930000
-131.930000
-131.560000
-131.830000
-131.830000
-132.100000
-132.090000
-131.820000
-131.820000
-132.080000
-132.070000
-132.340000
-132.610000
-132.530000
-132.720000
-132.510000
-132.520000
-132.330000
-132.350000
-132.490000
-132.210000
-132.030000
-131.860000
-131.590000
-131.280000
-131.110000
-131.330000
-131.330000
-131.330000
-131.330000
-131.710000
-131.710000
-131.710000
-131.710000
-131.810000
-131.810000
-131.770000
-131.770000
-131.770000
-131.500000
-131.500000
-131.500000
-131.240000
-131.510000
-131.510000
-131.510000
-131.770000
-132.040000
-131.960000
-132.230000
-132.230000
-132.500000
-132.490000
-132.220000
-132.370000
-132.370000
-132.370000
-132.370000
-132.050000
-131.780000
-131.770000
-131.760000
-131.840000
-131.840000
-131.920000
-131.650000
-131.380000
-131.090000
-131.180000
-131.170000
-131.180000
-131.100000
-131.260000
-131.070000
-131.060000
-131.040000
-130.940000
-130.740000
-130.660000
-130.730000
-130.730000
-130.900000
-130.940000
-131.100000
-131.270000
-131.340000
-131.610000
-131.880000
-131.880000
-132.150000
-132.150000
-132.420000
-132.160000
-131.890000
-131.720000
-131.710000
-131.540000
-131.810000
-132.080000
-132.070000
-132.330000
-132.600000
-132.970000
-132.800000
-132.530000
-132.520000
-132.800000
-132.750000
-132.750000
-132.750000
-132.760000
-132.580000
-132.570000
-132.640000
-132.500000
-132.510000
-132.510000
-132.690000
-132.690000
-132.490000
-132.450000
-132.410000
-132.570000
-132.520000
-132.620000
-132.900000
-132.900000
-133.180000
-133.450000
-133.450000
-133.140000
-132.380000
-132.310000
-132.310000
-132.480000
-132.480000
-132.420000
-132.100000
-132.410000
-132.680000
-132.950000
-132.850000
-132.950000
-132.950000
-132.670000
-132.670000
-131.990000
-131.980000
-131.990000
-131.710000
-131.750000
-131.620000
-131.620000
-131.880000
-132.050000
-131.660000
-131.490000
-131.010000
-130.940000
-130.730000
-130.340000
-130.210000
-130.040000
-129.650000
-129.170000
-128.960000
-127.640000
-127.540000
-127.340000
-127.340000
-126.940000
-126.740000
-126.780000
-126.820000
-126.540000
-126.270000
-125.980000
-125.790000
-125.590000
-124.950000
-124.580000
-124.090000
-123.670000
-123.280000
-122.910000
-122.430000
-121.710000
-121.310000
-121.210000
-120.590000
-120.310000
-120.320000
-120.220000
-120.220000
-120.000000
-119.620000
-119.290000
-118.860000
-118.430000
-118.340000
-117.730000
-117.360000
-116.990000
-116.790000
-116.240000
-115.630000
-114.910000
-114.460000
-114.030000
-113.390000
-112.610000
-112.420000
-111.550000
-111.190000
-110.790000
-110.150000
-109.380000
-108.950000
-108.550000
-107.910000
-107.860000
-107.320000
-106.450000
-106.010000
-105.710000
-104.940000
-104.060000
-103.170000
-102.520000
-101.770000
-101.720000
-101.600000
-101.180000
-100.810000
-100.440000
-99.670000
-98.800000
-98.680000
-97.870000
-97.500000
-97.130000
-96.620000
-96.420000
-95.540000
-94.880000
-94.780000
-95.100000
-94.740000
-94.290000
-94.200000
-94.140000
-93.850000
-93.360000
-92.950000
-92.580000
-92.600000
-92.010000
-91.720000
-91.740000
-91.850000
-91.360000
-91.120000
-90.530000
-90.550000
-90.660000
-90.490000
-91.710000
-91.710000
-91.620000
-91.530000
-91.170000
-91.020000
-90.560000
-90.470000
-90.380000
-90.290000
-89.870000
-89.890000
-89.800000
-90.070000
-89.560000
-89.170000
-88.910000
-89.040000
-88.660000
-88.370000
-88.040000
-87.560000
-87.560000
-87.300000
-86.710000
-85.490000
-85.490000
-84.990000
-84.180000
-84.140000
-83.880000
-84.200000
-84.530000
-83.910000
-83.840000
-83.000000
-82.160000
-82.230000
-82.360000
-82.290000
-81.910000
-81.580000
-80.910000
-80.470000
-80.950000
-81.020000
-81.600000
-81.670000
-81.990000
-82.500000
-82.970000
-82.310000
-82.380000
-82.890000
-82.960000
-83.170000
-83.750000
-84.200000
-84.380000
-84.850000
-84.520000
-85.030000
-85.310000
-85.700000
-85.700000
-85.700000
-85.700000
-85.590000
-85.190000
-85.590000
-85.800000
-85.350000
-85.750000
-85.850000
-85.950000
-85.950000
-85.560000
-85.090000
-85.380000
-84.870000
-84.970000
-84.970000
-85.120000
-84.610000
-84.580000
-84.630000
-84.760000
-84.840000
-84.440000
-84.440000
-84.320000
-84.330000
-83.940000
-83.940000
-84.450000
-84.450000
-84.940000
-84.430000
-84.430000
-84.320000
-84.250000
-84.250000
-84.250000
-83.740000
-84.130000
-84.190000
-84.250000
-83.740000
-83.840000
-83.840000
-83.860000
-82.950000
-82.950000
-82.430000
-82.940000
-83.450000
-83.730000
-83.630000
-84.110000
-84.510000
-85.290000
-85.900000
-85.510000
-86.020000
-86.130000
-87.050000
-87.050000
-87.550000
-88.490000
-88.650000
-89.040000
-88.170000
-88.000000
-88.620000
-88.430000
-88.290000
-88.620000
-88.040000
-87.790000
-88.110000
-88.840000
-89.570000
-89.790000
-90.000000
-89.930000
-89.960000
-89.990000
-90.010000
-89.940000
-89.480000
-89.290000
-90.010000
-89.940000
-89.870000
-89.800000
-89.470000
-89.400000
-89.340000
-89.270000
-89.200000
-90.040000
-89.530000
-89.930000
-89.310000
-88.700000
-89.210000
-89.320000
-88.450000
-88.850000
-88.850000
-88.690000
-88.230000
-88.230000
-87.150000
-86.470000
-86.470000
-86.860000
-87.840000
-88.490000
-89.380000
-88.550000
-88.460000
-88.460000
-88.970000
-88.970000
-88.970000
-88.970000
-89.320000
-89.320000
-88.810000
-89.320000
-89.710000
-90.100000
-90.200000
-90.200000
-90.300000
-90.200000
-90.810000
-90.910000
-91.400000
-91.570000
-91.570000
-91.670000
-92.280000
-91.770000
-91.250000
-90.970000
-90.960000
-90.290000
-90.220000
-89.890000
-90.360000
-90.360000
-90.360000
-90.080000
-90.080000
-90.080000
-90.080000
-89.000000
-89.000000
-87.920000
-87.820000
-88.210000
-88.150000
-88.030000
-88.050000
-88.150000
-88.050000
-87.950000
-87.850000
-87.850000
-88.460000
-88.460000
-88.560000
-89.070000
-90.150000
-90.760000
-91.370000
-92.040000
-92.140000
-92.240000
-92.240000
-92.230000
-92.220000
-91.710000
-91.090000
-90.920000
-90.830000
-90.930000
-91.420000
-91.630000
-91.630000
-91.720000
-91.820000
-91.820000
-92.330000
-91.810000
-91.810000
-91.810000
-91.810000
-91.290000
-91.170000
-90.250000
-90.970000
-91.680000
-91.770000
-92.140000
-93.220000
-93.220000
-93.320000
-93.840000
-94.820000
-94.250000
-95.230000
-95.240000
-95.180000
-95.110000
-95.110000
-94.220000
-93.840000
-94.660000
-94.850000
-94.330000
-93.820000
-93.190000
-92.910000
-92.390000
-92.110000
-92.610000
-93.220000
-93.320000
-93.320000
-92.800000
-92.070000
-91.560000
-91.550000
-91.650000
-91.650000
-91.650000
-91.650000
-91.650000
-91.750000
-91.650000
-91.550000
-92.160000
-92.780000
-93.160000
-93.780000
-93.830000
-93.830000
-93.990000
-93.990000
-93.360000
-93.980000
-94.360000
-93.730000
-93.220000
-92.940000
-93.640000
-93.360000
-94.540000
-94.260000
-94.260000
-94.040000
-93.570000
-92.490000
-91.870000
-91.970000
-92.070000
-92.170000
-92.270000
-91.750000
-91.750000
-91.750000
-91.850000
-91.840000
-91.840000
-91.220000
-91.220000
-91.220000
-91.220000
-91.320000
-91.320000
-91.940000
-92.550000
-93.170000
-92.610000
-92.710000
-92.710000
-92.710000
-92.720000
-92.820000
-92.830000
-92.830000
-92.930000
-92.860000
-92.870000
-92.970000
-93.070000
-93.170000
-93.780000
-94.500000
-95.110000
-95.100000
-95.100000
-95.110000
-95.120000
-95.120000
-95.220000
-95.220000
-95.220000
-95.320000
-95.890000
-95.890000
-96.460000
-96.050000
-95.600000
-95.320000
-95.330000
-95.430000
-95.440000
-94.820000
-95.440000
-96.050000
-96.780000
-96.430000
-97.050000
-97.050000
-97.040000
-97.030000
-97.030000
-97.130000
-97.740000
-98.370000
-98.600000
-98.000000
-97.620000
-97.520000
-97.420000
-97.210000
-97.310000
-97.310000
-97.410000
-97.510000
-96.430000
-95.350000
-94.270000
-93.190000
-93.710000
-92.800000
-93.370000
-93.980000
-94.090000
-94.090000
-94.080000
-94.810000
-95.420000
-95.800000
-96.170000
-96.540000
-96.430000
-96.810000
-96.910000
-97.290000
-98.370000
-99.450000
-100.070000
-99.970000
-99.970000
-99.970000
-99.970000
-100.490000
-100.480000
-100.470000
-100.470000
-100.380000
-100.280000
-100.800000
-100.800000
-100.180000
-100.180000
-100.180000
-100.800000
-100.800000
-100.190000
-100.090000
-100.720000
-99.640000
-98.560000
-97.940000
-97.940000
-97.940000
-98.040000
-97.420000
-97.420000
