-89.000000
-64.000000
-74.000000
-75.000000
-74.800000
-78.500000
-71.285714
-71.875000
-74.000000
-76.500000
-79.545455
-81.083333
-82.153846
-82.642857
-84.733333
-85.562500
-87.117647
-85.333333
-87.157895
-88.750000
-85.904762
-86.136364
-87.347826
-88.166667
-89.280000
-90.307692
-91.148148
-93.035714
-93.310345
-93.133333
-93.774194
-93.593750
-94.121212
-92.676471
-92.628571
-91.111111
-91.648649
-90.947368
-90.717949
-90.425000
-88.292683
-88.904762
-88.279070
-88.181818
-89.133333
-89.043478
-87.659574
-86.312500
-85.938776
-85.640000
-84.705882
-82.692308
-82.905660
-82.981481
-84.072727
-84.607143
-83.929825
-84.431034
-83.881356
-84.216667
-85.147541
-85.032258
-85.460317
-85.578125
-85.400000
-84.303030
-84.462687
-83.823529
-83.043478
-82.357143
-82.577465
-83.472222
-83.397260
-83.040541
-82.853333
-82.657895
-82.597403
-81.615385
-81.911392
-81.562500
-81.259259
-81.085366
-81.120482
-81.464286
-81.611765
-81.709302
-81.747126
-81.829545
-81.438202
-81.777778
-81.329670
-80.728261
-80.333333
-79.127660
-79.178947
-79.000000
-78.731959
-77.846939
-77.878788
-78.550000
-78.560000
-79.140000
-79.140000
-79.610000
-79.350000
-78.960000
-79.290000
-78.900000
-78.760000
-79.200000
-78.630000
-78.130000
-77.800000
-77.590000
-77.650000
-77.270000
-76.730000
-76.580000
-76.190000
-75.840000
-76.850000
-76.430000
-75.780000
-75.380000
-75.040000
-74.450000
-74.760000
-73.810000
-73.490000
-72.790000
-72.780000
-73.030000
-73.240000
-73.090000
-72.450000
-72.760000
-72.790000
-73.110000
-73.100000
-72.880000
-73.520000
-72.650000
-71.300000
-70.830000
-69.830000
-70.300000
-70.650000
-71.190000
-70.990000
-71.210000
-71.780000
-72.180000
-72.390000
-71.890000
-70.990000
-70.130000
-70.250000
-68.990000
-68.940000
-68.490000
-67.560000
-66.800000
-65.280000
-65.120000
-65.540000
-65.290000
-64.960000
-64.350000
-65.000000
-65.160000
-63.880000
-63.670000
-64.220000
-63.250000
-62.440000
-62.240000
-62.030000
-62.920000
-62.820000
-62.740000
-62.750000
-63.180000
-62.530000
-62.310000
-62.680000
-63.210000
-62.870000
-63.450000
-63.500000
-63.080000
-63.980000
-63.370000
-64.350000
-65.630000
-64.500000
-64.160000
-64.680000
-65.250000
-65.110000
-64.770000
-65.080000
-65.430000
-64.690000
-63.200000
-63.910000
-63.900000
-63.790000
-63.300000
-63.110000
-62.820000
-63.340000
-64.030000
-64.450000
-64.820000
-64.280000
-64.840000
-65.010000
-65.720000
-64.550000
-63.790000
-63.600000
-62.820000
-63.490000
-63.590000
-63.350000
-63.820000
-62.950000
-63.570000
-63.930000
-64.800000
-64.070000
-63.580000
-63.310000
-64.050000
-64.940000
-64.640000
-63.930000
-63.460000
-63.330000
-63.920000
-63.440000
-63.360000
-65.200000
-65.130000
-65.980000
-65.710000
-65.930000
-65.350000
-65.910000
-65.930000
-66.020000
-66.980000
-67.220000
-68.000000
-68.630000
-69.510000
-70.090000
-71.370000
-72.060000
-72.630000
-73.310000
-74.450000
-75.960000
-76.300000
-76.300000
-77.580000
-78.070000
-78.760000
-78.490000
-79.140000
-79.930000
-79.830000
-79.290000
-80.850000
-82.130000
-82.760000
-83.450000
-83.610000
-83.820000
-84.520000
-84.610000
-84.420000
-85.390000
-85.620000
-85.470000
-85.200000
-85.850000
-84.870000
-84.430000
-84.890000
-83.770000
-85.280000
-84.970000
-85.130000
-86.580000
-87.460000
-86.600000
-87.260000
-87.750000
-87.750000
-87.700000
-87.540000
-88.500000
-89.490000
-89.450000
-90.040000
-90.330000
-91.610000
-92.190000
-92.160000
-92.270000
-91.290000
-91.410000
-91.520000
-92.020000
-91.900000
-91.340000
-91.390000
-92.910000
-93.020000
-93.070000
-94.030000
-94.030000
-93.620000
-93.230000
-93.300000
-93.890000
-92.970000
-92.860000
-92.130000
-92.900000
-93.410000
-93.040000
-93.160000
-93.150000
-93.920000
-94.640000
-95.300000
-95.780000
-95.670000
-95.970000
-96.930000
-96.500000
-97.100000
-96.990000
-96.770000
-97.120000
-97.600000
-97.720000
-97.820000
-97.570000
-97.570000
-97.220000
-97.230000
-96.850000
-96.320000
-96.320000
-96.320000
-96.210000
-96.210000
-95.540000
-95.540000
-95.470000
-95.520000
-94.970000
-94.970000
-94.900000
-95.560000
-96.040000
-96.040000
-96.490000
-96.120000
-95.520000
-95.040000
-95.040000
-95.040000
-94.940000
-94.990000
-93.800000
-93.800000
-94.280000
-94.390000
-92.770000
-92.620000
-92.480000
-91.810000
-91.810000
-91.990000
-93.260000
-92.910000
-93.300000
-93.160000
-92.990000
-92.370000
-91.870000
-91.760000
-92.730000
-91.770000
-91.160000
-90.710000
-89.630000
-88.550000
-88.550000
-88.960000
-88.950000
-88.930000
-88.670000
-88.060000
-87.570000
-87.620000
-87.370000
-88.350000
-88.350000
-88.350000
-87.860000
-88.010000
-88.980000
-88.970000
-88.760000
-89.750000
-88.580000
-88.580000
-88.580000
-88.770000
-89.240000
-88.320000
-88.310000
-88.950000
-88.680000
-89.520000
-88.850000
-88.490000
-88.970000
-88.860000
-88.380000
-88.090000
-87.490000
-87.120000
-87.140000
-86.640000
-86.820000
-86.690000
-86.680000
-86.570000
-86.680000
-86.430000
-86.200000
-86.460000
-86.460000
-85.600000
-85.360000
-84.870000
-84.970000
-84.480000
-84.750000
-85.020000
-85.010000
-84.410000
-83.910000
-82.020000
-82.080000
-82.080000
-82.200000
-81.590000
-82.140000
-82.140000
-81.680000
-81.080000
-80.470000
-79.860000
-79.010000
-79.070000
-79.430000
-79.940000
-79.710000
-79.150000
-78.600000
-78.350000
-78.930000
-78.930000
-78.770000
-78.740000
-80.350000
-79.940000
-80.070000
-80.530000
-80.310000
-80.780000
-79.980000
-79.720000
-79.920000
-79.940000
-79.440000
-79.500000
-79.990000
-79.490000
-78.770000
-79.480000
-79.480000
-79.980000
-80.450000
-80.800000
-80.250000
-79.700000
-79.310000
-78.830000
-78.960000
-78.400000
-78.640000
-78.390000
-77.910000
-77.290000
-76.210000
-75.660000
-75.180000
-74.810000
-74.470000
-74.140000
-73.740000
-73.710000
-74.160000
-74.400000
-73.680000
-73.680000
-73.930000
-74.780000
-73.820000
-73.900000
-74.020000
-73.330000
-73.740000
-73.850000
-73.740000
-73.490000
-73.370000
-72.840000
-73.330000
-73.330000
-73.060000
-73.410000
-73.210000
-72.740000
-72.980000
-72.940000
-72.570000
-72.660000
-72.680000
-72.300000
-72.300000
-72.900000
-73.430000
-73.660000
-73.310000
-73.230000
-72.690000
-71.980000
-71.990000
-72.380000
-72.740000
-74.020000
-74.380000
-74.370000
-73.760000
-74.120000
-73.790000
-73.530000
-72.490000
-72.790000
-73.150000
-72.790000
-73.600000
-73.370000
-73.730000
-73.170000
-73.190000
-73.800000
-74.010000
-73.890000
-74.250000
-73.910000
-73.820000
-73.500000
-73.260000
-73.360000
-73.160000
-73.340000
-73.560000
-72.970000
-73.320000
-73.930000
-74.060000
-74.130000
-74.840000
-75.190000
-74.940000
-74.940000
-75.250000
-75.260000
-75.870000
-75.610000
-75.600000
-76.210000
-76.510000
-77.030000
-76.570000
-76.580000
-76.600000
-77.440000
-77.220000
-76.860000
-77.360000
-76.910000
-78.260000
-78.240000
-78.840000
-78.350000
-78.200000
-78.010000
-77.650000
-77.110000
-76.770000
-76.050000
-75.690000
-75.330000
-74.970000
-75.080000
-74.990000
-74.990000
-74.750000
-75.450000
-74.000000
-74.150000
-73.690000
-73.080000
-73.200000
-73.050000
-72.760000
-73.080000
-72.800000
-71.940000
-72.280000
-72.440000
-72.200000
-72.120000
-71.990000
-71.870000
-71.030000
-70.870000
-69.900000
-69.780000
-68.890000
-68.180000
-67.940000
-68.020000
-67.700000
-67.700000
-67.090000
-66.820000
-66.100000
-66.220000
-65.290000
-64.540000
-64.480000
-63.670000
-63.110000
-62.880000
-63.730000
-63.540000
-62.820000
-63.050000
-62.700000
-62.740000
-62.730000
-62.450000
-61.690000
-60.120000
-59.490000
-58.800000
-57.870000
-57.400000
-57.090000
-56.610000
-55.230000
-54.960000
-53.960000
-53.020000
-52.180000
-51.970000
-51.480000
-50.760000
-50.210000
-49.290000
-47.620000
-46.820000
-46.110000
-44.830000
-44.470000
-43.750000
-42.580000
-41.870000
-41.520000
-40.760000
-40.040000
-39.080000
-38.980000
-38.700000
-38.210000
-36.870000
-36.570000
-36.340000
-34.930000
-35.020000
-33.880000
-33.370000
-32.620000
-31.810000
-31.530000
-30.480000
-30.480000
-29.980000
-30.070000
-30.310000
-30.310000
-27.590000
-27.120000
-26.230000
-26.690000
-25.860000
-25.410000
-24.730000
-25.260000
-24.070000
-23.350000
-23.440000
-23.160000
-22.950000
-22.390000
-21.150000
-20.620000
-20.780000
-20.050000
-18.160000
-18.040000
-17.680000
-17.000000
-16.610000
-17.100000
-16.690000
-17.050000
-16.650000
-15.690000
-15.880000
-15.430000
-15.250000
-15.250000
-15.610000
-15.170000
-14.610000
-14.610000
-14.400000
-14.940000
-14.520000
-14.250000
-14.340000
-14.350000
-13.050000
-12.640000
-12.660000
-12.500000
-12.180000
-12.020000
-11.430000
-10.960000
-9.790000
-9.610000
-10.410000
-10.450000
-10.210000
-10.480000
-10.150000
-9.880000
-9.880000
-10.840000
-10.440000
-10.730000
-9.900000
-9.670000
-9.520000
-9.330000
-9.390000
-9.300000
-9.500000
-10.450000
-10.640000
-10.670000
-11.690000
-11.690000
-11.600000
-12.670000
-12.910000
-12.830000
-12.530000
-11.860000
-11.270000
-11.470000
-11.270000
-11.060000
-11.720000
-11.300000
-11.170000
-11.810000
-12.010000
-11.990000
-11.880000
-12.230000
-13.150000
-13.150000
-13.720000
-13.800000
-14.180000
-12.800000
-12.560000
-12.920000
-15.490000
-15.730000
-15.600000
-15.330000
-15.390000
-15.270000
-15.390000
-15.600000
-15.480000
-16.220000
-16.330000
-15.690000
-16.100000
-15.660000
-15.660000
-15.430000
-15.330000
-15.000000
-15.590000
-15.020000
-15.150000
-15.240000
-15.060000
-14.850000
-14.060000
-13.760000
-14.100000
-14.130000
-13.940000
-13.940000
-14.170000
-14.550000
-14.100000
-14.710000
-14.790000
-15.200000
-15.330000
-15.120000
-15.360000
-15.750000
-15.780000
-15.890000
-17.140000
-17.350000
-17.280000
-17.630000
-17.520000
-17.480000
-16.720000
-16.860000
-18.840000
-19.020000
-18.680000
-19.060000
-19.300000
-19.660000
-19.870000
-19.800000
-19.850000
-19.800000
-20.000000
-19.630000
-20.250000
-20.770000
-20.820000
-20.990000
-20.600000
-20.520000
-20.160000
-20.180000
-20.070000
-19.960000
-20.060000
-20.280000
-20.080000
-19.410000
-19.370000
-19.410000
-19.620000
-20.250000
-20.710000
-20.930000
-21.130000
-21.760000
-20.970000
-21.590000
-21.590000
-20.580000
-20.380000
-19.770000
-19.820000
-19.820000
-19.960000
-18.810000
-18.950000
-18.710000
-18.320000
-19.370000
-19.170000
-18.920000
-19.490000
-19.560000
-19.460000
-18.310000
-18.810000
-19.220000
-18.900000
-18.900000
-18.700000
-18.360000
-18.360000
-18.480000
-17.760000
-18.240000
-18.120000
-18.790000
-18.770000
-19.120000
-20.030000
-20.440000
-19.980000
-19.580000
-19.470000
-19.050000
-20.040000
-20.400000
-19.910000
-20.940000
-20.780000
-21.040000
-19.140000
-18.960000
-19.080000
-18.970000
-19.170000
-17.390000
-16.990000
-16.700000
-16.870000
-16.650000
-16.220000
-16.270000
-15.540000
-15.430000
-15.260000
-15.270000
-15.670000
-15.460000
-15.510000
-14.850000
-13.880000
-14.080000
-13.350000
-13.010000
-12.870000
-12.550000
-12.710000
-11.630000
-10.460000
-9.970000
-9.130000
-9.860000
-9.970000
-9.550000
-9.510000
-9.160000
-9.070000
-8.990000
-9.350000
-9.240000
-8.480000
-8.510000
-9.020000
-9.670000
-9.820000
-9.470000
-8.690000
