-80.000000
-60.000000
-59.666667
-61.500000
-69.800000
-74.833333
-80.000000
-84.750000
-85.666667
-86.700000
-84.090909
-86.500000
-85.384615
-82.071429
-82.000000
-83.125000
-85.764706
-84.666667
-84.157895
-82.600000
-83.952381
-85.318182
-86.478261
-87.166667
-84.200000
-85.230769
-85.925926
-86.464286
-87.172414
-87.300000
-88.129032
-88.187500
-88.878788
-88.470588
-88.457143
-89.083333
-89.783784
-89.605263
-90.076923
-89.125000
-88.658537
-88.023810
-88.046512
-88.795455
-88.355556
-89.565217
-88.659574
-88.208333
-86.693878
-86.580000
-86.921569
-86.173077
-86.207547
-85.777778
-85.145455
-85.482143
-84.666667
-84.396552
-84.576271
-84.516667
-83.852459
-82.629032
-83.428571
-83.406250
-83.507692
-83.939394
-83.283582
-83.735294
-83.637681
-83.671429
-83.633803
-84.013889
-84.260274
-84.824324
-85.026667
-85.710526
-85.948052
-86.243590
-86.772152
-86.250000
-86.469136
-85.817073
-86.096386
-85.488095
-85.023529
-85.372093
-85.540230
-85.931818
-84.955056
-84.566667
-84.901099
-84.717391
-84.526882
-84.595745
-84.747368
-85.354167
-85.268041
-85.295918
-84.585859
-84.990000
-84.760000
-84.940000
-85.060000
-84.890000
-84.340000
-84.500000
-84.360000
-84.370000
-84.700000
-84.270000
-83.880000
-83.450000
-83.290000
-83.500000
-83.240000
-82.690000
-82.870000
-82.250000
-81.760000
-82.130000
-82.140000
-81.930000
-81.290000
-80.760000
-81.410000
-80.980000
-80.660000
-80.140000
-79.500000
-79.500000
-79.520000
-79.920000
-78.890000
-78.630000
-78.450000
-78.140000
-78.410000
-78.150000
-77.860000
-77.240000
-77.490000
-77.760000
-77.160000
-76.360000
-75.960000
-75.460000
-75.590000
-75.870000
-77.150000
-77.490000
-77.810000
-77.740000
-77.830000
-78.400000
-78.900000
-79.100000
-79.080000
-79.390000
-79.280000
-78.770000
-78.900000
-79.980000
-78.920000
-78.770000
-78.380000
-77.920000
-78.110000
-76.940000
-76.380000
-75.620000
-75.520000
-75.080000
-74.500000
-73.710000
-72.790000
-72.200000
-71.560000
-70.520000
-69.130000
-69.500000
-68.920000
-68.630000
-68.660000
-68.080000
-69.070000
-68.910000
-68.600000
-68.050000
-68.760000
-68.720000
-68.340000
-67.930000
-68.590000
-67.590000
-66.750000
-65.140000
-64.660000
-63.570000
-63.410000
-61.920000
-61.930000
-62.100000
-62.060000
-62.700000
-62.480000
-61.920000
-61.600000
-61.670000
-60.290000
-60.400000
-61.010000
-60.630000
-59.710000
-59.840000
-58.930000
-59.380000
-58.270000
-59.640000
-59.520000
-58.100000
-58.030000
-58.210000
-57.720000
-58.610000
-58.540000
-58.610000
-58.090000
-58.550000
-57.760000
-57.000000
-56.910000
-55.890000
-55.740000
-55.920000
-54.840000
-53.920000
-53.850000
-52.920000
-52.210000
-52.920000
-52.580000
-52.810000
-52.060000
-52.220000
-52.600000
-52.240000
-52.800000
-53.010000
-52.710000
-52.210000
-51.700000
-52.190000
-51.970000
-50.270000
-50.220000
-49.320000
-49.130000
-49.280000
-49.000000
-49.380000
-49.390000
-49.180000
-50.050000
-49.540000
-50.190000
-50.290000
-49.450000
-49.580000
-50.520000
-50.060000
-49.290000
-48.470000
-47.460000
-48.100000
-47.830000
-47.480000
-46.850000
-47.060000
-47.270000
-46.090000
-46.370000
-46.970000
-44.570000
-45.490000
-45.200000
-45.120000
-45.590000
-44.480000
-44.240000
-44.260000
-43.970000
-44.370000
-43.430000
-44.430000
-45.410000
-45.970000
-46.560000
-47.930000
-48.450000
-49.050000
-48.110000
-48.480000
-48.970000
-48.380000
-48.960000
-48.850000
-49.250000
-48.640000
-49.140000
-49.450000
-49.800000
-49.560000
-51.040000
-51.470000
-52.950000
-53.210000
-53.250000
-51.860000
-51.630000
-51.960000
-51.950000
-52.000000
-52.750000
-52.280000
-51.210000
-51.410000
-51.710000
-51.220000
-52.330000
-51.820000
-51.910000
-52.380000
-52.090000
-51.840000
-52.480000
-53.130000
-51.420000
-51.240000
-52.220000
-52.120000
-52.670000
-52.670000
-54.250000
-54.800000
-54.080000
-54.010000
-53.890000
-52.690000
-52.690000
-53.200000
-53.510000
-52.990000
-53.360000
-52.680000
-52.080000
-52.790000
-51.390000
-50.740000
-50.930000
-50.170000
-50.710000
-50.810000
-50.420000
-51.010000
-50.770000
-49.330000
-50.550000
-51.350000
-50.870000
-52.620000
-53.840000
-53.060000
-53.650000
-52.500000
-53.180000
-52.850000
-53.060000
-53.470000
-53.160000
-54.670000
-54.780000
-54.890000
-56.250000
-56.680000
-56.640000
-56.700000
-56.660000
-58.320000
-58.980000
-57.300000
-57.280000
-56.970000
-57.690000
-57.240000
-56.660000
-57.060000
-57.300000
-57.220000
-57.820000
-58.570000
-59.270000
-58.140000
-56.860000
-57.430000
-57.710000
-57.680000
-57.090000
-57.700000
-57.680000
-57.770000
-57.170000
-57.550000
-56.990000
-54.840000
-54.270000
-53.530000
-54.120000
-54.560000
-55.010000
-55.750000
-56.020000
-54.320000
-53.480000
-53.110000
-54.020000
-53.350000
-53.010000
-51.580000
-50.970000
-52.460000
-51.490000
-51.850000
-53.320000
-52.550000
-52.140000
-52.100000
-53.510000
-54.090000
-52.000000
-51.480000
-50.540000
-49.780000
-47.320000
-46.700000
-46.730000
-47.340000
-47.450000
-47.460000
-46.660000
-45.720000
-44.420000
-43.800000
-43.600000
-44.950000
-44.420000
-44.120000
-46.490000
-44.900000
-43.180000
-43.810000
-42.680000
-41.990000
-41.900000
-42.300000
-41.650000
-43.080000
-41.850000
-42.100000
-41.920000
-41.650000
-40.300000
-41.980000
-42.710000
-43.500000
-43.760000
-43.420000
-44.590000
-44.540000
-45.500000
-45.100000
-44.220000
-44.220000
-45.290000
-44.550000
-44.850000
-44.630000
-44.260000
-43.280000
-41.920000
-43.740000
-43.320000
-41.930000
-40.180000
-40.870000
-41.470000
-39.310000
-38.940000
-38.900000
-37.310000
-35.960000
-34.950000
-36.080000
-37.460000
-37.110000
-36.910000
-36.300000
-35.830000
-35.540000
-35.600000
-34.200000
-33.460000
-33.460000
-33.010000
-33.600000
-32.410000
-32.330000
-31.330000
-31.990000
-32.660000
-33.270000
-31.620000
-31.710000
-31.590000
-32.160000
-31.130000
-31.890000
-32.850000
-34.220000
-34.000000
-33.090000
-34.030000
-34.070000
-33.070000
-34.570000
-35.870000
-36.500000
-35.510000
-34.940000
-37.030000
-37.870000
-38.770000
-37.980000
-39.060000
-39.680000
-40.820000
-40.810000
-39.450000
-39.120000
-38.940000
-39.770000
-39.630000
-39.060000
-39.100000
-37.960000
-37.090000
-36.270000
-34.820000
-36.130000
-37.500000
-36.620000
-36.510000
-35.710000
-36.210000
-36.480000
-35.560000
-35.930000
-34.760000
-32.300000
-31.970000
-30.410000
-30.240000
-29.710000
-29.180000
-27.390000
-26.200000
-26.280000
-26.160000
-25.880000
-25.890000
-24.700000
-24.730000
-22.650000
-22.530000
-23.110000
-22.810000
-21.940000
-20.950000
-20.290000
-20.750000
-20.220000
-19.820000
-20.480000
-21.230000
-19.640000
-18.510000
-19.820000
-19.290000
-18.220000
-18.250000
-17.540000
-17.770000
-16.010000
-13.240000
-13.590000
-12.780000
-12.920000
-12.810000
-10.800000
-10.120000
-10.030000
-9.770000
-9.110000
-8.560000
-9.180000
-8.800000
-9.580000
-9.590000
-8.690000
-7.770000
-7.310000
-7.640000
-8.230000
-8.560000
-7.590000
-8.060000
-7.170000
-5.720000
-6.440000
-6.400000
-6.280000
-4.740000
-3.190000
-2.860000
-1.860000
-0.260000
1.990000
1.830000
0.520000
1.470000
2.520000
4.240000
4.030000
3.890000
5.830000
7.220000
8.110000
8.310000
8.260000
8.410000
9.430000
8.320000
7.330000
9.240000
8.160000
7.790000
8.080000
8.650000
8.880000
10.310000
10.790000
12.350000
10.790000
12.310000
14.170000
13.450000
14.460000
11.910000
11.860000
11.910000
11.540000
11.540000
12.040000
12.120000
11.330000
11.230000
11.150000
12.750000
13.100000
13.980000
14.420000
16.470000
15.770000
15.680000
16.650000
17.820000
17.550000
19.410000
20.250000
20.770000
22.030000
22.270000
21.510000
22.900000
22.420000
23.060000
22.880000
23.860000
23.950000
24.090000
22.020000
22.070000
21.760000
20.920000
20.920000
19.630000
20.290000
20.490000
18.700000
17.590000
16.020000
16.620000
17.470000
15.910000
17.080000
17.050000
17.390000
17.690000
17.140000
18.770000
18.350000
18.300000
22.260000
22.650000
22.730000
23.920000
24.520000
24.860000
26.970000
27.620000
28.880000
28.040000
27.810000
28.720000
28.330000
27.150000
25.950000
25.650000
26.500000
27.700000
28.040000
29.250000
30.140000
31.640000
31.790000
33.100000
34.260000
34.740000
34.280000
37.310000
39.540000
41.950000
42.700000
42.280000
41.880000
41.650000
43.100000
43.190000
44.670000
45.210000
48.410000
46.650000
48.950000
48.180000
47.980000
49.490000
50.650000
53.360000
52.290000
52.220000
52.170000
51.780000
51.770000
52.100000
51.970000
52.770000
53.130000
51.440000
52.540000
53.520000
52.610000
50.160000
49.540000
51.950000
51.540000
52.450000
52.490000
52.970000
51.290000
53.120000
51.280000
50.290000
51.680000
51.880000
54.530000
53.930000
54.260000
53.100000
52.580000
51.600000
52.310000
51.300000
50.860000
49.970000
50.870000
53.620000
53.010000
53.690000
56.000000
58.010000
59.100000
59.360000
59.740000
60.830000
60.860000
59.470000
62.410000
62.810000
64.640000
61.970000
63.060000
64.170000
60.130000
59.890000
60.300000
58.990000
58.100000
57.470000
57.840000
57.520000
57.330000
58.960000
58.450000
57.920000
59.310000
60.650000
59.980000
59.980000
60.700000
60.200000
61.320000
59.460000
57.940000
56.910000
57.940000
56.820000
57.570000
57.890000
60.200000
56.310000
55.350000
55.340000
54.950000
54.350000
54.860000
55.850000
55.490000
56.150000
56.920000
57.260000
52.440000
52.000000
52.700000
53.870000
55.200000
57.310000
59.630000
59.710000
61.200000
63.420000
65.250000
66.930000
68.360000
69.660000
69.320000
69.770000
68.410000
71.130000
71.960000
72.710000
73.160000
72.640000
71.510000
71.860000
72.040000
72.410000
73.480000
72.480000
74.650000
74.340000
74.600000
73.870000
71.750000
69.150000
66.950000
68.770000
69.200000
68.680000
68.860000
69.700000
69.600000
70.910000
72.310000
73.820000
75.570000
73.720000
72.940000
71.020000
69.880000
70.120000
70.560000
69.910000
67.560000
68.500000
68.410000
70.250000
68.150000
69.110000
67.840000
68.240000
68.930000
66.740000
68.690000
70.010000
70.440000
71.710000
73.780000
75.580000
76.050000
75.860000
75.230000
74.270000
73.490000
71.930000
70.330000
70.970000
72.290000
74.350000
74.300000
75.280000
72.480000
74.020000
73.510000
74.640000
74.500000
74.840000
74.840000
74.580000
72.850000
75.390000
74.440000
74.450000
75.070000
76.710000
78.150000
78.580000
76.360000
75.230000
75.290000
72.720000
75.200000
77.250000
77.040000
76.700000
76.630000
72.160000
70.600000
70.780000
70.140000
69.500000
66.730000
65.760000
63.330000
61.660000
61.130000
61.890000
61.690000
61.430000
59.900000
57.330000
57.590000
59.870000
62.780000
60.920000
63.290000
63.850000
62.250000
59.800000
59.090000
57.180000
58.810000
60.220000
62.700000
64.720000
64.000000
63.060000
64.850000
67.060000
68.770000
69.400000
69.760000
