-102.000000
-105.500000
-113.000000
-108.500000
-100.200000
-96.166667
-97.000000
-98.875000
-97.111111
-94.600000
-92.272727
-88.916667
-88.538462
-86.928571
-87.466667
-84.875000
-85.764706
-85.111111
-86.157895
-82.300000
-84.523810
-85.181818
-85.130435
-85.291667
-85.600000
-86.153846
-87.185185
-84.607143
-85.310345
-84.266667
-85.258065
-86.062500
-86.878788
-86.588235
-84.142857
-83.805556
-81.864865
-81.763158
-82.205128
-82.575000
-81.634146
-81.285714
-81.093023
-81.090909
-81.533333
-82.000000
-82.638298
-82.312500
-82.938776
-83.420000
-83.607843
-84.750000
-85.207547
-85.703704
-84.709091
-84.071429
-84.228070
-84.000000
-84.152542
-84.150000
-84.606557
-85.548387
-85.269841
-86.031250
-86.461538
-86.121212
-85.432836
-85.720588
-85.420290
-85.800000
-85.084507
-85.361111
-84.917808
-84.824324
-84.666667
-84.776316
-85.025974
-84.333333
-84.075949
-84.075000
-83.888889
-84.256098
-83.734940
-84.059524
-84.164706
-84.151163
-84.390805
-84.272727
-84.348315
-84.700000
-84.736264
-84.978261
-84.537634
-84.170213
-83.663158
-83.166667
-82.865979
-82.612245
-81.989899
-81.140000
-81.420000
-81.040000
-80.770000
-80.200000
-80.350000
-80.630000
-80.260000
-80.040000
-80.110000
-80.440000
-80.910000
-81.140000
-80.920000
-81.010000
-80.420000
-80.950000
-81.050000
-81.210000
-81.000000
-82.230000
-81.500000
-81.510000
-81.020000
-80.960000
-80.900000
-80.600000
-80.200000
-80.950000
-81.030000
-81.310000
-80.750000
-80.300000
-80.510000
-80.500000
-81.440000
-81.810000
-81.650000
-81.880000
-81.620000
-81.140000
-81.600000
-82.080000
-82.160000
-81.890000
-81.720000
-81.850000
-81.760000
-82.040000
-81.180000
-81.220000
-80.680000
-80.030000
-79.580000
-79.070000
-79.420000
-79.450000
-79.080000
-78.890000
-79.000000
-78.980000
-78.540000
-77.840000
-78.100000
-78.020000
-77.230000
-77.040000
-77.000000
-76.930000
-76.950000
-76.950000
-77.230000
-77.070000
-77.860000
-77.660000
-78.090000
-77.830000
-77.920000
-78.280000
-78.960000
-78.930000
-78.410000
-77.680000
-78.400000
-78.210000
-78.520000
-78.740000
-78.220000
-78.170000
-77.790000
-77.570000
-77.150000
-77.060000
-77.620000
-78.530000
-79.500000
-79.680000
-79.330000
-79.870000
-80.460000
-80.620000
-79.560000
-79.830000
-79.980000
-80.590000
-80.650000
-80.290000
-79.600000
-79.490000
-79.720000
-78.880000
-78.790000
-78.950000
-79.120000
-78.840000
-79.180000
-78.740000
-78.580000
-78.250000
-78.330000
-78.440000
-78.900000
-78.370000
-79.170000
-78.600000
-78.240000
-78.120000
-77.670000
-77.140000
-76.490000
-76.140000
-76.420000
-76.040000
-75.460000
-75.220000
-74.890000
-75.010000
-75.940000
-75.590000
-76.170000
-76.200000
-75.930000
-75.530000
-75.870000
-76.440000
-76.380000
-76.100000
-76.200000
-76.300000
-76.800000
-76.080000
-76.280000
-76.760000
-76.810000
-76.440000
-76.770000
-76.510000
-76.950000
-76.530000
-75.170000
-74.490000
-75.020000
-74.770000
-74.730000
-74.710000
-75.190000
-75.890000
-75.420000
-75.050000
-74.650000
-74.240000
-74.440000
-74.090000
-73.440000
-73.910000
-73.690000
-73.370000
-72.740000
-72.960000
-71.510000
-71.570000
-72.280000
-73.000000
-72.660000
-72.250000
-71.680000
-71.280000
-71.260000
-71.620000
-72.410000
-72.420000
-72.520000
-71.930000
-72.090000
-71.380000
-71.050000
-70.850000
-71.130000
-70.400000
-70.760000
-71.370000
-71.770000
-71.950000
-71.740000
-71.870000
-71.420000
-71.390000
-71.960000
-71.540000
-71.530000
-72.070000
-71.380000
-71.110000
-70.280000
-70.380000
-70.800000
-70.740000
-70.920000
-70.170000
-69.430000
-67.990000
-67.470000
-68.150000
-67.320000
-68.140000
-67.810000
-68.340000
-69.060000
-69.620000
-69.160000
-69.370000
-69.490000
-70.580000
-69.450000
-69.610000
-69.840000
-69.510000
-68.920000
-69.300000
-69.440000
-70.030000
-70.080000
-70.120000
-69.530000
-69.080000
-69.410000
-69.980000
-69.480000
-69.040000
-68.700000
-68.790000
-68.340000
-68.070000
-67.960000
-68.660000
-67.950000
-67.820000
-67.950000
-68.560000
-69.320000
-70.020000
-70.050000
-69.930000
-69.940000
-69.330000
-68.970000
-68.190000
-69.760000
-69.780000
-69.600000
-69.660000
-69.710000
-70.110000
-70.040000
-69.380000
-68.810000
-69.130000
-69.530000
-69.460000
-69.840000
-70.110000
-69.790000
-69.310000
-68.620000
-68.780000
-68.650000
-68.990000
-69.370000
-68.500000
-68.100000
-67.620000
-67.710000
-67.900000
-67.340000
-66.730000
-65.980000
-67.060000
-66.360000
-66.850000
-65.470000
-65.260000
-65.370000
-65.310000
-63.920000
-63.930000
-63.450000
-63.380000
-63.280000
-63.720000
-62.730000
-62.970000
-62.720000
-63.080000
-63.400000
-63.280000
-62.470000
-62.210000
-61.740000
-62.230000
-62.790000
-63.960000
-64.230000
-64.200000
-64.770000
-64.440000
-64.900000
-63.240000
-62.800000
-63.120000
-64.530000
-64.290000
-63.340000
-62.650000
-63.010000
-61.870000
-61.720000
-62.030000
-61.440000
-61.520000
-61.060000
-60.630000
-60.940000
-60.540000
-60.370000
-60.750000
-60.690000
-59.880000
-59.970000
-59.520000
-59.300000
-59.060000
-59.020000
-58.900000
-58.740000
-58.690000
-59.000000
-59.540000
-59.100000
-58.860000
-58.820000
-57.030000
-56.270000
-56.060000
-56.310000
-55.850000
-55.870000
-55.710000
-55.180000
-55.310000
-54.980000
-54.750000
-53.800000
-53.680000
-54.200000
-54.800000
-55.010000
-55.450000
-55.400000
-55.250000
-55.740000
-54.640000
-55.290000
-54.510000
-54.520000
-54.680000
-54.830000
-54.360000
-53.380000
-53.220000
-52.360000
-52.890000
-52.470000
-52.670000
-53.200000
-53.750000
-54.220000
-52.580000
-52.570000
-51.850000
-52.640000
-52.170000
-52.020000
-51.760000
-52.960000
-51.980000
-52.700000
-53.000000
-52.940000
-52.710000
-52.950000
-52.450000
-52.710000
-51.360000
-51.540000
-51.910000
-52.750000
-53.190000
-52.180000
-53.020000
-52.870000
-52.700000
-52.510000
-52.510000
-51.620000
-51.460000
-51.380000
-52.990000
-53.470000
-53.020000
-52.110000
-51.310000
-51.380000
-51.510000
-52.240000
-53.590000
-52.970000
-52.890000
-53.580000
-52.710000
-52.000000
-52.420000
-52.190000
-53.260000
-52.820000
-51.540000
-50.200000
-49.020000
-48.870000
-49.020000
-49.370000
-49.800000
-50.160000
-48.410000
-48.230000
-48.460000
-48.450000
-47.890000
-47.870000
-48.850000
-48.850000
-49.640000
-50.180000
-50.260000
-50.210000
-50.510000
-50.390000
-51.120000
-51.000000
-50.720000
-50.830000
-50.110000
-50.930000
-49.850000
-48.870000
-49.010000
-47.960000
-47.330000
-46.360000
-46.480000
-46.030000
-46.900000
-45.180000
-44.290000
-44.160000
-44.330000
-43.330000
-43.960000
-45.180000
-44.940000
-45.550000
-45.060000
-46.040000
-45.930000
-44.890000
-45.410000
-45.260000
-45.840000
-46.720000
-47.460000
-47.890000
-49.270000
-48.680000
-48.740000
-48.170000
-49.380000
-48.470000
-48.540000
-47.250000
-48.110000
-48.360000
-49.030000
-49.240000
-50.540000
-51.220000
-51.260000
-49.860000
-50.190000
-51.230000
-50.160000
-50.010000
-48.910000
-49.180000
-48.650000
-48.540000
-47.500000
-46.820000
-46.920000
-47.300000
-47.210000
-46.670000
-47.840000
-47.520000
-47.860000
-47.920000
-46.790000
-47.470000
-46.800000
-46.950000
-47.830000
-48.660000
-48.790000
-48.530000
-48.230000
-49.320000
-50.770000
-50.740000
-51.640000
-52.520000
-51.590000
-50.340000
-49.550000
-50.180000
-51.780000
-52.590000
-52.630000
-51.640000
-51.170000
-51.070000
-49.920000
-50.620000
-52.020000
-51.920000
-52.120000
-51.720000
-52.170000
-52.800000
-52.440000
-51.490000
-51.940000
-53.230000
-54.530000
-54.710000
-56.210000
-54.950000
-54.470000
-55.300000
-54.730000
-55.730000
-55.440000
-56.250000
-55.980000
-56.770000
-58.830000
-59.660000
-59.070000
-59.530000
-58.140000
-57.920000
-58.240000
-58.620000
-58.330000
-58.290000
-57.790000
-58.340000
-57.540000
-58.010000
-57.240000
-57.270000
-57.520000
-56.290000
-54.620000
-55.760000
-56.310000
-57.160000
-56.910000
-56.690000
-56.410000
-58.280000
-57.530000
-57.370000
-57.260000
-57.230000
-56.780000
-55.650000
-55.890000
-57.060000
-56.260000
-55.560000
-56.320000
-57.000000
-57.820000
-57.700000
-58.270000
-59.300000
-59.180000
-58.540000
-57.870000
-57.600000
-57.380000
-57.680000
-57.540000
-57.720000
-56.100000
-54.850000
-55.390000
-53.750000
-52.950000
-52.500000
-51.370000
-51.270000
-51.080000
-51.320000
-51.150000
-49.990000
-49.470000
-49.860000
-48.920000
-47.540000
-48.430000
-50.240000
-51.370000
-50.050000
-50.170000
-48.760000
-48.760000
-48.790000
-50.200000
-50.680000
-51.220000
-50.580000
-50.390000
-49.000000
-49.370000
-48.300000
-48.050000
-47.330000
-47.520000
-48.470000
-48.530000
-46.250000
-46.290000
-45.530000
-44.180000
-45.800000
-46.270000
-45.670000
-46.060000
-44.290000
-43.320000
-42.340000
-40.530000
-41.300000
-39.200000
-39.200000
-39.310000
-38.870000
-39.250000
-38.920000
-39.460000
-38.400000
-38.270000
-38.300000
-38.750000
-39.350000
-39.430000
-38.800000
-40.260000
-40.400000
-38.360000
-37.460000
-38.730000
-37.980000
-35.760000
-34.990000
-33.630000
-35.430000
-35.770000
-35.980000
-35.850000
-34.920000
-35.100000
-35.620000
-36.280000
-35.250000
-34.520000
-32.640000
-33.650000
-34.560000
-32.900000
-32.920000
-32.080000
-31.610000
-31.020000
-30.320000
-32.040000
-33.140000
-33.650000
-33.160000
-33.480000
-33.770000
-33.090000
-34.260000
-35.940000
-36.920000
-37.670000
-39.570000
-40.980000
-41.900000
-43.250000
-42.970000
-42.010000
-42.440000
-42.610000
-43.680000
-41.860000
-42.850000
-43.200000
-43.840000
-44.180000
-44.080000
-43.980000
-45.240000
-45.300000
-46.600000
-46.600000
-45.960000
-45.720000
-45.590000
-44.630000
-44.250000
-44.110000
-44.470000
-44.710000
-46.230000
-44.550000
-45.310000
-44.400000
-44.400000
-44.300000
-46.570000
-45.800000
-46.640000
-47.910000
-48.380000
-48.410000
-49.670000
-50.410000
-51.180000
-51.300000
-52.220000
-53.960000
-53.580000
-55.340000
-53.650000
-52.360000
-53.440000
-54.350000
-54.730000
-54.910000
-55.320000
-54.310000
-52.990000
-51.240000
-50.790000
-49.330000
-49.000000
-47.830000
-47.570000
-49.620000
-50.840000
-50.580000
-50.580000
-51.340000
-49.830000
-50.890000
-50.670000
-48.660000
-48.660000
-47.860000
-48.410000
-48.330000
-47.320000
-46.770000
-47.300000
-48.080000
-47.910000
-47.320000
-47.240000
-48.060000
-47.740000
-46.630000
-47.530000
-46.070000
-46.970000
-46.990000
-47.710000
-47.870000
-47.810000
-46.220000
-43.380000
-44.450000
-44.090000
-41.750000
-41.790000
-41.290000
-41.090000
-40.760000
-40.250000
-39.720000
-39.810000
-40.550000
-40.100000
-39.660000
-37.580000
-36.870000
-36.420000
-35.380000
-35.290000
-33.440000
-31.400000
-29.720000
-29.080000
-27.050000
-24.980000
-24.970000
-24.860000
-24.750000
-24.960000
-25.560000
-26.640000
-24.720000
-25.490000
-25.420000
-25.420000
-25.300000
-23.250000
-24.550000
-22.610000
-22.440000
-21.000000
-19.480000
-17.340000
-15.930000
-16.000000
-16.000000
-15.830000
-13.750000
-12.410000
-11.630000
-9.240000
-7.540000
-5.630000
-5.640000
-5.280000
-7.170000
-5.140000
-5.040000
-4.760000
-3.580000
-2.050000
-4.130000
-5.410000
-5.970000
-5.900000
-5.790000
-4.700000
-3.930000
-2.250000
-1.870000
-2.940000
-1.280000
