-90.000000
-101.000000
-93.000000
-92.250000
-90.600000
-94.500000
-98.714286
-100.375000
-91.000000
-84.900000
-84.909091
-77.083333
-76.692308
-81.071429
-75.466667
-77.937500
-76.058824
-72.333333
-71.473684
-71.600000
-71.904762
-70.818182
-67.956522
-67.958333
-63.840000
-65.192308
-64.629630
-64.964286
-63.551724
-61.266667
-58.935484
-57.656250
-57.515152
-58.882353
-58.714286
-57.833333
-54.648649
-50.868421
-52.435897
-53.925000
-52.487805
-52.952381
-52.116279
-52.954545
-54.688889
-55.804348
-55.468085
-56.729167
-57.163265
-55.840000
-55.960784
-56.711538
-56.698113
-58.277778
-58.036364
-56.267857
-55.947368
-53.431034
-52.305085
-52.733333
-52.688525
-54.145161
-54.349206
-54.093750
-54.030769
-52.181818
-53.194030
-50.750000
-50.565217
-48.228571
-49.126761
-49.527778
-49.698630
-47.500000
-47.040000
-46.921053
-47.493506
-48.384615
-46.341772
-45.050000
-45.876543
-43.939024
-43.289157
-44.107143
-44.035294
-44.593023
-44.517241
-44.715909
-45.022472
-43.533333
-41.802198
-42.130435
-40.344086
-39.425532
-37.705263
-37.833333
-36.494845
-36.683673
-35.949495
-35.400000
-33.260000
-32.640000
-31.510000
-30.250000
-29.440000
-27.400000
-26.780000
-25.300000
-25.520000
-23.980000
-24.250000
-23.880000
-24.220000
-23.760000
-24.910000
-24.920000
-25.080000
-25.500000
-23.880000
-24.300000
-22.890000
-23.020000
-22.070000
-22.010000
-21.250000
-21.160000
-19.580000
-19.960000
-19.280000
-20.250000
-20.300000
-21.240000
-20.020000
-19.900000
-18.240000
-17.280000
-17.470000
-17.670000
-17.460000
-15.210000
-14.110000
-14.030000
-14.560000
-14.070000
-11.870000
-10.120000
-8.820000
-8.820000
-7.630000
-8.840000
-7.090000
-6.840000
-5.590000
-3.270000
-1.930000
-1.450000
-1.990000
-2.580000
-4.030000
-2.120000
-2.320000
-1.610000
-1.470000
-1.610000
-1.940000
-1.930000
-0.500000
-2.750000
-1.950000
-4.000000
-3.840000
-2.160000
-0.600000
-2.850000
-4.140000
-2.610000
-2.620000
-0.560000
-2.810000
-4.500000
-2.810000
-3.350000
-2.620000
-2.520000
-2.070000
-0.060000
1.360000
3.010000
4.760000
2.750000
0.190000
2.040000
1.890000
2.170000
1.300000
0.540000
-0.310000
-0.880000
-0.550000
0.390000
-1.770000
-2.190000
-1.780000
-1.110000
0.290000
0.420000
-0.120000
0.010000
0.980000
0.540000
2.540000
3.110000
5.200000
7.250000
7.450000
8.090000
7.790000
9.430000
9.400000
10.540000
10.800000
10.490000
10.620000
11.730000
12.210000
14.140000
14.320000
16.570000
15.210000
15.210000
15.740000
17.350000
17.150000
19.100000
18.930000
19.830000
19.780000
17.970000
17.760000
15.470000
13.400000
13.130000
12.910000
12.390000
10.590000
10.770000
9.850000
10.090000
9.660000
10.860000
10.880000
10.670000
9.060000
7.250000
5.200000
4.280000
4.280000
5.230000
5.510000
5.200000
4.790000
4.690000
4.400000
4.100000
6.040000
4.530000
5.100000
5.080000
5.050000
6.640000
8.860000
8.350000
8.240000
8.540000
9.240000
7.270000
8.580000
8.280000
8.580000
8.880000
7.490000
6.080000
4.430000
4.530000
3.640000
3.590000
1.630000
-0.320000
-2.270000
-2.070000
0.390000
-1.660000
-3.670000
-5.330000
-4.440000
-4.100000
-5.090000
-2.710000
-4.320000
-4.160000
-1.980000
0.110000
0.600000
-1.250000
-3.440000
-4.490000
-4.150000
-3.810000
-4.430000
-6.140000
-7.930000
-9.870000
-11.720000
-13.770000
-13.770000
-12.170000
-12.070000
-12.170000
-11.940000
-12.840000
-14.550000
-12.800000
-14.750000
-14.080000
-16.490000
-18.340000
-20.420000
-21.140000
-18.960000
-16.780000
-18.190000
-17.780000
-19.190000
-21.040000
-22.820000
-25.230000
-24.690000
-24.390000
-22.010000
-20.430000
-18.680000
-17.350000
-17.250000
-16.140000
-14.940000
-16.860000
-17.880000
-16.980000
-16.270000
-16.060000
-16.790000
-15.690000
-14.790000
-13.790000
-11.940000
-11.130000
-9.120000
-9.970000
-8.030000
-9.670000
-8.150000
-6.910000
-5.680000
-4.450000
-4.710000
-3.470000
-3.240000
-1.690000
-2.100000
-2.800000
-4.080000
-4.060000
-4.480000
-3.240000
-2.100000
-0.870000
-0.530000
0.010000
1.940000
4.020000
5.960000
7.470000
9.420000
11.030000
12.540000
12.630000
14.580000
16.570000
18.700000
20.740000
20.730000
22.910000
24.860000
26.810000
26.650000
28.600000
30.210000
30.020000
32.090000
31.880000
31.880000
31.400000
31.270000
33.190000
35.040000
36.190000
37.700000
38.000000
39.060000
41.180000
43.250000
45.250000
47.170000
48.920000
50.880000
50.630000
53.870000
54.090000
53.840000
55.680000
57.560000
57.990000
59.560000
59.430000
61.280000
63.130000
65.080000
65.320000
65.140000
64.940000
66.700000
66.910000
68.670000
70.220000
72.170000
73.930000
73.760000
75.230000
74.700000
75.110000
75.510000
75.500000
77.830000
78.530000
79.950000
81.410000
82.860000
83.890000
84.290000
85.130000
85.950000
86.590000
87.550000
88.700000
89.250000
89.350000
89.500000
89.970000
90.310000
92.480000
92.670000
93.700000
93.670000
94.500000
94.890000
95.710000
95.920000
96.750000
97.670000
99.050000
100.200000
100.200000
100.850000
101.670000
101.210000
101.820000
101.700000
101.190000
101.430000
101.410000
101.530000
102.940000
103.160000
103.820000
103.740000
103.740000
103.610000
103.780000
104.670000
104.530000
104.630000
104.390000
104.600000
104.700000
104.740000
104.830000
105.260000
106.230000
104.690000
103.810000
103.790000
103.620000
103.370000
103.730000
103.730000
104.730000
105.060000
104.940000
104.430000
103.930000
104.030000
103.460000
103.730000
103.940000
103.910000
104.120000
104.030000
104.020000
104.130000
104.440000
104.390000
102.320000
102.900000
101.450000
101.530000
101.570000
101.510000
100.340000
98.840000
99.010000
97.650000
97.800000
97.730000
98.180000
98.170000
96.810000
97.450000
97.370000
97.540000
97.830000
96.300000
96.900000
96.400000
96.520000
94.390000
94.860000
94.030000
92.610000
91.210000
89.680000
89.420000
89.700000
89.850000
88.190000
87.970000
86.610000
86.270000
84.890000
85.650000
84.780000
85.410000
84.860000
85.500000
85.190000
85.120000
85.750000
85.680000
84.900000
84.570000
82.740000
82.530000
81.800000
81.740000
81.490000
82.550000
82.640000
83.500000
82.670000
82.840000
84.090000
83.940000
81.340000
81.370000
81.740000
82.120000
81.980000
82.350000
82.640000
81.910000
81.860000
80.520000
80.710000
80.960000
81.090000
81.010000
81.260000
81.700000
79.450000
80.820000
81.520000
81.480000
82.550000
83.050000
82.360000
82.180000
81.310000
83.890000
84.000000
84.400000
84.000000
82.710000
82.970000
83.540000
82.700000
83.740000
82.380000
81.990000
82.550000
81.110000
81.250000
80.020000
81.960000
80.410000
80.620000
79.380000
78.100000
78.310000
78.510000
78.720000
78.150000
79.740000
79.330000
78.530000
80.130000
78.690000
78.900000
78.700000
77.810000
79.070000
79.210000
80.290000
80.290000
79.770000
80.030000
80.160000
79.150000
79.990000
80.190000
81.390000
81.470000
80.170000
78.850000
77.440000
79.240000
77.900000
78.170000
78.040000
78.410000
76.090000
75.480000
73.930000
72.810000
71.490000
70.350000
69.670000
69.090000
67.910000
67.240000
66.460000
66.620000
65.380000
65.380000
64.250000
62.940000
61.710000
60.470000
58.680000
59.760000
60.460000
57.650000
56.240000
56.530000
56.520000
55.670000
55.580000
54.350000
54.090000
52.240000
51.290000
51.620000
51.510000
50.710000
49.210000
49.320000
49.420000
47.530000
47.340000
48.320000
47.830000
46.800000
46.690000
46.110000
46.100000
46.110000
45.680000
43.900000
41.560000
41.810000
40.570000
41.430000
40.650000
39.550000
38.770000
39.840000
38.200000
39.290000
36.830000
34.620000
35.950000
35.480000
36.530000
34.920000
36.510000
36.200000
37.590000
39.330000
39.310000
40.460000
42.150000
41.170000
39.480000
39.640000
40.680000
38.780000
39.980000
41.450000
41.210000
42.020000
40.870000
39.400000
40.100000
38.770000
39.290000
38.950000
40.610000
41.750000
42.340000
43.560000
43.160000
43.690000
45.740000
47.070000
47.810000
48.330000
50.210000
51.910000
51.640000
52.700000
55.170000
56.670000
57.490000
58.720000
59.850000
61.070000
61.810000
61.780000
63.050000
64.380000
64.180000
65.980000
67.900000
68.990000
70.190000
71.000000
72.810000
75.230000
75.960000
74.770000
73.620000
75.420000
77.220000
78.650000
78.540000
82.560000
83.030000
84.400000
84.170000
85.270000
86.470000
85.980000
87.680000
88.380000
89.950000
89.700000
89.530000
91.530000
91.870000
92.910000
94.230000
95.840000
96.230000
97.260000
97.510000
98.700000
99.760000
102.140000
102.020000
101.530000
103.490000
103.690000
107.270000
111.130000
111.000000
110.260000
111.220000
112.320000
114.250000
116.380000
116.880000
117.540000
119.180000
120.640000
121.110000
123.880000
124.060000
124.180000
124.260000
125.070000
125.250000
126.630000
128.800000
128.850000
129.500000
129.860000
131.240000
131.610000
132.560000
133.880000
134.610000
136.480000
136.610000
138.990000
139.670000
139.160000
138.920000
139.520000
139.480000
140.270000
141.380000
143.060000
142.790000
145.880000
147.100000
146.230000
145.690000
144.800000
145.960000
146.740000
146.570000
146.190000
147.270000
146.940000
145.790000
146.630000
146.440000
147.130000
146.260000
148.910000
149.730000
149.290000
149.070000
150.170000
148.800000
148.500000
147.530000
145.140000
145.830000
147.160000
147.060000
145.990000
145.950000
148.090000
148.430000
144.810000
143.430000
142.720000
142.920000
144.220000
143.160000
143.060000
142.480000
143.550000
142.430000
142.240000
142.460000
140.970000
141.630000
141.430000
139.600000
137.010000
137.120000
135.760000
135.020000
133.470000
132.980000
131.570000
131.290000
131.650000
131.160000
130.130000
128.410000
125.780000
125.550000
126.260000
127.010000
128.580000
128.620000
127.750000
127.460000
127.330000
124.050000
124.780000
124.510000
124.040000
123.900000
124.680000
124.370000
125.180000
124.740000
125.140000
125.030000
124.170000
124.180000
124.110000
123.090000
122.690000
121.650000
120.910000
120.770000
120.530000
120.350000
119.320000
119.880000
119.670000
119.740000
119.460000
119.400000
118.780000
117.850000
117.310000
118.150000
115.460000
115.070000
114.540000
114.980000
115.980000
115.360000
115.060000
114.200000
114.840000
115.400000
116.020000
117.740000
117.330000
117.330000
114.270000
114.540000
112.380000
113.180000
113.420000
113.350000
112.800000
114.060000
114.710000
115.230000
115.890000
115.460000
114.230000
115.670000
117.020000
117.080000
114.960000
114.830000
114.680000
115.990000
117.980000
118.530000
118.010000
118.580000
118.530000
120.020000
118.240000
118.570000
119.580000
118.800000
119.620000
117.920000
116.650000
117.830000
119.410000
