-115.000000
-125.000000
-105.666667
-95.750000
-87.800000
-86.166667
-88.857143
-83.500000
-85.666667
-88.100000
-88.181818
-90.750000
-86.769231
-83.857143
-84.333333
-86.312500
-83.941176
-85.500000
-86.473684
-85.550000
-85.476190
-86.863636
-86.043478
-87.250000
-85.520000
-84.307692
-85.481481
-84.964286
-84.379310
-85.333333
-86.258065
-86.156250
-87.212121
-87.852941
-87.485714
-88.444444
-88.702703
-89.289474
-89.846154
-89.275000
-88.634146
-87.738095
-87.604651
-88.204545
-87.666667
-88.217391
-87.489362
-87.770833
-87.265306
-85.980000
-86.490196
-86.730769
-87.377358
-86.648148
-87.109091
-87.607143
-86.491228
-86.655172
-86.949153
-85.950000
-85.459016
-85.112903
-85.555556
-85.562500
-85.569231
-85.575758
-86.417910
-86.588235
-85.086957
-85.185714
-85.042254
-85.847222
-85.191781
-85.081081
-85.333333
-84.815789
-84.064935
-84.153846
-84.215190
-84.575000
-84.925926
-84.475610
-84.602410
-84.964286
-85.235294
-85.337209
-85.241379
-85.034091
-84.730337
-84.122222
-84.021978
-84.021739
-84.537634
-83.893617
-84.263158
-83.750000
-83.432990
-83.530612
-83.707071
-84.230000
-84.180000
-83.950000
-83.550000
-83.360000
-83.060000
-83.440000
-82.980000
-83.330000
-82.600000
-82.280000
-81.920000
-81.450000
-81.790000
-82.380000
-81.650000
-81.220000
-81.510000
-81.450000
-81.180000
-81.400000
-81.450000
-80.700000
-80.610000
-80.190000
-79.940000
-80.160000
-79.570000
-79.910000
-79.670000
-78.990000
-78.370000
-78.390000
-77.560000
-76.690000
-76.940000
-76.030000
-74.990000
-74.470000
-73.980000
-74.220000
-74.490000
-74.450000
-74.070000
-73.660000
-73.500000
-73.010000
-73.570000
-72.940000
-73.730000
-74.500000
-74.080000
-73.960000
-73.230000
-73.700000
-74.020000
-73.520000
-74.300000
-73.840000
-73.150000
-73.350000
-73.490000
-73.220000
-72.550000
-71.920000
-71.360000
-71.070000
-71.100000
-71.520000
-72.310000
-72.380000
-72.340000
-71.020000
-71.790000
-70.930000
-71.010000
-70.920000
-71.090000
-71.360000
-71.030000
-71.070000
-71.370000
-71.170000
-71.370000
-70.180000
-69.670000
-69.320000
-68.950000
-68.850000
-69.470000
-69.850000
-70.210000
-69.620000
-68.360000
-68.900000
-68.660000
-69.070000
-68.240000
-68.460000
-67.980000
-67.610000
-67.020000
-66.760000
-67.640000
-68.050000
-69.240000
-68.610000
-69.010000
-68.280000
-68.550000
-68.990000
-69.240000
-68.510000
-68.350000
-67.940000
-68.910000
-68.910000
-68.310000
-67.640000
-68.200000
-68.050000
-67.920000
-68.510000
-68.560000
-68.470000
-68.740000
-67.950000
-67.990000
-68.090000
-68.590000
-68.630000
-69.230000
-69.060000
-70.000000
-69.890000
-69.420000
-69.670000
-70.010000
-70.170000
-70.490000
-70.720000
-70.460000
-71.140000
-71.270000
-71.870000
-71.920000
-72.160000
-71.330000
-71.640000
-71.210000
-71.240000
-71.190000
-70.910000
-70.540000
-69.580000
-68.390000
-68.780000
-67.630000
-67.870000
-67.260000
-67.430000
-67.500000
-67.500000
-67.780000
-67.530000
-67.640000
-67.920000
-67.600000
-67.040000
-66.480000
-66.130000
-66.130000
-66.960000
-66.190000
-66.930000
-66.080000
-66.250000
-65.970000
-65.260000
-64.970000
-64.550000
-64.270000
-64.910000
-64.340000
-64.270000
-64.350000
-63.880000
-64.130000
-63.790000
-63.260000
-62.760000
-62.080000
-62.220000
-62.800000
-62.670000
-61.750000
-61.170000
-62.220000
-61.920000
-61.510000
-61.090000
-60.960000
-61.050000
-60.480000
-60.180000
-59.400000
-59.400000
-59.250000
-59.920000
-59.930000
-59.760000
-59.640000
-60.650000
-60.820000
-61.170000
-60.550000
-60.150000
-60.680000
-60.730000
-60.240000
-60.020000
-59.760000
-59.910000
-59.390000
-59.310000
-59.630000
-61.080000
-60.470000
-60.080000
-59.790000
-59.840000
-59.300000
-58.180000
-56.720000
-57.760000
-57.740000
-57.260000
-57.250000
-56.260000
-55.580000
-54.420000
-54.460000
-53.890000
-53.670000
-52.530000
-52.650000
-52.830000
-52.710000
-52.770000
-51.800000
-51.520000
-51.620000
-51.670000
-52.210000
-52.840000
-52.920000
-52.510000
-52.670000
-50.370000
-51.070000
-50.400000
-49.800000
-50.470000
-50.480000
-50.690000
-50.920000
-51.000000
-50.190000
-49.430000
-48.830000
-48.830000
-48.400000
-47.530000
-46.800000
-47.490000
-46.970000
-47.150000
-47.600000
-48.290000
-49.060000
-48.370000
-47.980000
-48.220000
-48.160000
-48.020000
-48.010000
-48.180000
-48.650000
-49.570000
-49.330000
-48.840000
-49.450000
-48.700000
-48.410000
-47.320000
-47.720000
-48.430000
-48.720000
-48.060000
-48.690000
-47.760000
-48.130000
-47.260000
-47.530000
-46.950000
-46.500000
-45.610000
-45.080000
-45.000000
-45.060000
-45.160000
-44.610000
-44.250000
-44.260000
-43.350000
-43.200000
-43.480000
-43.350000
-43.180000
-42.780000
-42.800000
-42.940000
-41.870000
-42.530000
-43.020000
-42.520000
-41.550000
-42.200000
-42.600000
-41.940000
-41.620000
-42.370000
-42.000000
-43.300000
-42.630000
-42.870000
-42.540000
-41.380000
-42.780000
-43.410000
-44.590000
-45.070000
-45.540000
-46.130000
-46.190000
-46.700000
-45.750000
-46.350000
-45.950000
-46.570000
-46.870000
-46.900000
-46.280000
-45.510000
-45.940000
-46.100000
-45.490000
-45.670000
-48.280000
-47.730000
-47.840000
-47.860000
-46.930000
-46.350000
-46.310000
-46.720000
-46.950000
-45.890000
-46.970000
-48.550000
-49.070000
-49.950000
-49.030000
-49.970000
-49.670000
-51.080000
-51.520000
-51.400000
-51.280000
-50.320000
-51.420000
-50.980000
-50.430000
-50.950000
-52.360000
-52.880000
-53.750000
-53.680000
-53.740000
-54.220000
-55.170000
-55.170000
-56.690000
-57.500000
-59.100000
-59.610000
-59.890000
-60.010000
-60.980000
-61.280000
-62.690000
-63.100000
-64.070000
-64.380000
-64.310000
-64.640000
-66.160000
-66.340000
-66.830000
-66.270000
-66.280000
-67.330000
-67.850000
-68.040000
-69.000000
-69.780000
-70.210000
-70.820000
-71.760000
-72.480000
-73.090000
-73.610000
-74.690000
-75.070000
-75.140000
-73.920000
-74.630000
-74.170000
-73.200000
-74.370000
-75.310000
-75.140000
-77.110000
-77.110000
-77.790000
-78.200000
-79.610000
-81.660000
-81.660000
-81.930000
-81.930000
-81.930000
-82.040000
-82.260000
-83.050000
-82.440000
-82.820000
-82.580000
-83.390000
-83.800000
-83.910000
-84.290000
-85.430000
-86.710000
-86.830000
-87.500000
-88.640000
-89.480000
-89.590000
-90.860000
-91.940000
-92.910000
-93.960000
-94.940000
-95.950000
-96.050000
-96.050000
-97.950000
-97.940000
-98.060000
-98.050000
-98.040000
-100.050000
-100.620000
-100.630000
-100.630000
-100.630000
-101.300000
-101.420000
-102.500000
-102.500000
-103.340000
-103.890000
-104.010000
-104.010000
-104.010000
-104.010000
-104.120000
-104.160000
-104.410000
-104.930000
-105.050000
-105.050000
-105.050000
-105.040000
-105.260000
-105.250000
-105.250000
-105.250000
-105.350000
-105.460000
-105.460000
-105.570000
-105.570000
-106.800000
-107.410000
-107.400000
-108.060000
-108.060000
-109.320000
-109.320000
-109.310000
-109.310000
-109.520000
-109.630000
-109.630000
-109.750000
-109.750000
-109.700000
-109.700000
-109.700000
-109.690000
-109.680000
-109.680000
-109.720000
-111.820000
-111.820000
-112.790000
-113.760000
-113.760000
-113.760000
-113.760000
-113.760000
-113.760000
-113.750000
-113.740000
-113.740000
-113.740000
-113.780000
-113.780000
-113.780000
-113.510000
-113.520000
-113.330000
-113.430000
-114.080000
-114.750000
-115.400000
-115.400000
-115.510000
-115.510000
-115.510000
-115.510000
-115.510000
-115.500000
-115.500000
-115.550000
-115.650000
-115.630000
-115.430000
-115.370000
-115.350000
-115.380000
-115.380000
-115.380000
-115.390000
-115.390000
-115.390000
-115.400000
-115.400000
-115.400000
-115.410000
-115.410000
-115.410000
-115.520000
-115.520000
-115.520000
-115.510000
-115.510000
-115.510000
-115.510000
-115.510000
-115.510000
-115.510000
-115.510000
-115.450000
-115.070000
-114.740000
-114.650000
-114.650000
-114.650000
-114.650000
-114.650000
-114.650000
-114.660000
-114.650000
-114.650000
-114.640000
-114.630000
-114.630000
-114.630000
-114.630000
-114.620000
-114.610000
-114.600000
-114.600000
-114.610000
-114.610000
-114.600000
-114.420000
-114.410000
-114.410000
-114.410000
-114.410000
-114.420000
-114.420000
-114.420000
-114.420000
-114.420000
-114.040000
-113.840000
-113.850000
-113.860000
-113.860000
-113.850000
-113.850000
-113.850000
-113.850000
-113.850000
-113.900000
-113.570000
-113.570000
-113.460000
-113.130000
-113.060000
-112.990000
-112.610000
-112.280000
-112.240000
-111.910000
-111.910000
-111.040000
-110.960000
-111.070000
-111.010000
-110.890000
-110.580000
-110.550000
-110.470000
-110.190000
-109.810000
-109.430000
-109.080000
-109.080000
-109.080000
-109.080000
-108.820000
-108.830000
-108.840000
-109.080000
-109.140000
-109.150000
-109.120000
-109.120000
-109.120000
-108.910000
-108.890000
-108.550000
-108.550000
-108.170000
-107.800000
-107.740000
-107.360000
-107.280000
-107.200000
-105.950000
-105.870000
-105.800000
-105.600000
-105.520000
-105.450000
-105.130000
-104.830000
-104.450000
-104.070000
-103.790000
-103.830000
-104.130000
-104.130000
-104.130000
-104.120000
-104.110000
-104.100000
-103.760000
-103.420000
-103.290000
-103.280000
-103.280000
-103.280000
-103.280000
-103.070000
-102.480000
-102.430000
-102.120000
-102.130000
-102.130000
-102.050000
-101.680000
-101.520000
-101.260000
-101.190000
-100.860000
-100.550000
-100.490000
-100.110000
-99.770000
-99.430000
-99.090000
-99.060000
-99.430000
-99.610000
-99.600000
-99.600000
-99.480000
-99.480000
-99.470000
-99.460000
-99.450000
-99.440000
-99.380000
-99.720000
-99.340000
-99.440000
-99.760000
-99.830000
-99.910000
-100.280000
-100.600000
-100.610000
-100.940000
-100.930000
-102.060000
-101.960000
-101.960000
-101.960000
-101.960000
-101.930000
-101.620000
-101.640000
-101.920000
-101.230000
-101.530000
-101.320000
-101.310000
-101.180000
-101.100000
-101.230000
-100.890000
-100.560000
-100.440000
-100.360000
-100.290000
-100.210000
-100.140000
-100.060000
-100.280000
-100.300000
-100.630000
-100.630000
-101.000000
-101.370000
-100.820000
-100.130000
-100.010000
-100.010000
-101.180000
-100.920000
-100.620000
-100.830000
-100.900000
-100.960000
-101.270000
-101.200000
-101.570000
-101.940000
-102.280000
-102.610000
-102.630000
-102.620000
-102.540000
-102.380000
-102.310000
-102.320000
-102.290000
-102.550000
-102.610000
-102.540000
-102.470000
-102.400000
-102.330000
-102.460000
-102.970000
-102.760000
-102.540000
-102.540000
-102.540000
-102.610000
-102.980000
-103.140000
-103.320000
-103.320000
-103.580000
-103.810000
-103.800000
-104.100000
-104.440000
-104.350000
-104.310000
-104.260000
-103.890000
-103.910000
-103.840000
-103.760000
-103.800000
-103.730000
-103.660000
-103.330000
-103.000000
-102.970000
-102.640000
-102.290000
-101.600000
-101.440000
-101.370000
-101.300000
-101.220000
-101.220000
-100.160000
-99.740000
-99.660000
-99.470000
-99.400000
-99.540000
-99.280000
-99.330000
-99.300000
-99.100000
-99.440000
-99.070000
-98.990000
-99.980000
-99.980000
-100.460000
-100.390000
-100.090000
-100.080000
-99.750000
-100.080000
-100.410000
-100.480000
-100.550000
-100.620000
-100.270000
-100.240000
-100.240000
-99.800000
-99.830000
-99.450000
-99.480000
-99.380000
-99.110000
-99.310000
-99.970000
-100.000000
-99.910000
-99.670000
-99.930000
-100.230000
-100.100000
-100.030000
-99.960000
-99.890000
-100.180000
-100.240000
-100.170000
-99.740000
-99.800000
-99.400000
-99.220000
-99.220000
-99.310000
-99.310000
-99.280000
-99.570000
-99.460000
-99.150000
-98.900000
-98.570000
-98.320000
-98.070000
-97.850000
