-83.000000
-73.000000
-75.333333
-69.500000
-76.200000
-81.500000
-82.714286
-87.375000
-90.222222
-87.800000
-88.727273
-91.333333
-86.461538
-81.428571
-82.800000
-86.375000
-84.823529
-87.444444
-85.210526
-87.950000
-87.571429
-88.772727
-87.956522
-88.083333
-87.600000
-87.692308
-87.407407
-86.535714
-86.724138
-87.566667
-87.903226
-88.343750
-89.939394
-90.588235
-89.857143
-90.138889
-90.810811
-91.184211
-91.256410
-90.250000
-90.804878
-91.714286
-92.651163
-91.500000
-91.733333
-92.652174
-92.553191
-92.604167
-92.795918
-92.280000
-92.705882
-93.500000
-93.603774
-92.888889
-92.381818
-92.553571
-92.719298
-93.448276
-93.813559
-93.450000
-93.786885
-93.774194
-94.222222
-94.484375
-94.753846
-94.590909
-93.985075
-94.705882
-93.869565
-93.585714
-93.253521
-93.055556
-93.109589
-93.189189
-92.413333
-92.815789
-92.896104
-93.000000
-92.582278
-92.387500
-92.543210
-92.378049
-92.987952
-92.154762
-92.482353
-92.558140
-92.505747
-92.340909
-91.719101
-91.611111
-91.604396
-91.695652
-91.526882
-90.989362
-91.115789
-91.041667
-91.340206
-91.469388
-91.373737
-91.450000
-92.070000
-92.380000
-91.740000
-91.540000
-91.330000
-91.620000
-92.160000
-91.600000
-91.600000
-91.930000
-91.870000
-91.640000
-92.260000
-93.020000
-92.530000
-92.210000
-92.890000
-92.360000
-92.960000
-92.400000
-92.740000
-92.520000
-92.510000
-92.720000
-92.670000
-92.860000
-92.480000
-92.640000
-92.270000
-92.030000
-91.740000
-91.360000
-90.790000
-89.630000
-90.430000
-89.920000
-89.310000
-89.570000
-89.710000
-90.190000
-90.270000
-89.530000
-89.210000
-89.070000
-89.160000
-88.430000
-88.530000
-88.330000
-87.930000
-88.090000
-87.970000
-86.810000
-86.880000
-87.090000
-87.140000
-86.150000
-86.150000
-85.400000
-84.990000
-84.450000
-84.230000
-84.210000
-83.730000
-83.050000
-82.960000
-82.320000
-83.180000
-82.550000
-82.980000
-83.080000
-83.460000
-83.570000
-83.880000
-83.900000
-84.660000
-84.210000
-84.620000
-84.760000
-84.630000
-84.870000
-84.950000
-85.280000
-84.380000
-85.190000
-85.080000
-85.390000
-85.770000
-85.700000
-85.720000
-84.900000
-85.010000
-85.120000
-85.690000
-86.230000
-85.470000
-85.580000
-85.040000
-85.050000
-84.820000
-85.040000
-84.360000
-83.630000
-84.350000
-85.230000
-85.550000
-84.450000
-83.270000
-83.740000
-82.930000
-82.790000
-83.010000
-83.240000
-83.090000
-82.820000
-83.060000
-83.270000
-83.230000
-83.270000
-83.060000
-83.340000
-82.970000
-82.760000
-83.300000
-82.840000
-82.730000
-82.010000
-82.260000
-82.780000
-82.890000
-82.370000
-81.500000
-81.910000
-81.530000
-82.510000
-81.320000
-80.710000
-81.220000
-80.210000
-80.340000
-80.300000
-80.190000
-80.440000
-80.420000
-80.590000
-79.630000
-79.400000
-78.070000
-78.230000
-78.560000
-79.080000
-78.580000
-78.630000
-78.660000
-78.780000
-78.800000
-78.830000
-78.620000
-78.550000
-78.470000
-79.340000
-78.960000
-78.280000
-78.850000
-79.400000
-79.410000
-80.200000
-79.210000
-79.340000
-79.530000
-79.620000
-79.000000
-79.020000
-78.390000
-78.320000
-78.590000
-77.140000
-76.640000
-76.130000
-76.560000
-75.890000
-75.270000
-75.250000
-76.110000
-76.140000
-76.200000
-75.190000
-74.930000
-75.650000
-76.040000
-76.760000
-76.860000
-76.750000
-76.460000
-76.760000
-76.830000
-76.590000
-77.120000
-76.960000
-77.510000
-77.080000
-77.010000
-77.800000
-77.200000
-76.470000
-76.110000
-76.960000
-77.390000
-77.620000
-78.230000
-78.190000
-77.930000
-77.110000
-76.720000
-76.820000
-76.570000
-76.540000
-75.790000
-76.100000
-76.140000
-75.500000
-75.080000
-75.360000
-74.990000
-74.790000
-75.040000
-74.640000
-74.580000
-74.270000
-74.600000
-75.450000
-76.350000
-76.410000
-76.340000
-76.070000
-76.180000
-77.450000
-77.560000
-77.770000
-77.180000
-76.900000
-76.450000
-76.590000
-76.600000
-77.360000
-78.320000
-79.140000
-80.280000
-80.210000
-79.920000
-79.830000
-80.560000
-81.750000
-81.100000
-80.520000
-80.320000
-81.080000
-80.630000
-80.980000
-81.370000
-80.980000
-81.560000
-82.680000
-81.820000
-82.150000
-81.600000
-81.740000
-82.230000
-81.570000
-81.250000
-81.020000
-81.610000
-81.450000
-81.130000
-80.520000
-79.300000
-81.290000
-81.810000
-82.330000
-81.810000
-82.080000
-82.800000
-81.740000
-81.280000
-80.970000
-80.980000
-81.160000
-81.540000
-80.990000
-81.070000
-81.000000
-80.790000
-80.470000
-80.140000
-79.990000
-80.560000
-80.170000
-79.770000
-80.200000
-79.500000
-79.170000
-79.360000
-78.700000
-78.980000
-79.970000
-79.800000
-79.730000
-80.070000
-79.660000
-78.830000
-79.140000
-78.950000
-79.460000
-80.220000
-80.260000
-80.320000
-79.780000
-80.220000
-79.030000
-79.050000
-79.880000
-80.550000
-80.500000
-79.960000
-80.120000
-80.110000
-80.570000
-81.190000
-81.310000
-81.190000
-81.360000
-82.090000
-81.030000
-81.530000
-81.690000
-81.910000
-81.220000
-80.620000
-80.980000
-80.630000
-80.020000
-80.500000
-80.680000
-80.050000
-79.940000
-80.170000
-79.140000
-79.300000
-79.300000
-79.370000
-78.940000
-78.740000
-78.070000
-78.490000
-79.210000
-79.450000
-79.570000
-80.160000
-80.450000
-79.870000
-78.890000
-78.520000
-77.950000
-77.610000
-77.120000
-77.030000
-76.800000
-76.390000
-77.140000
-77.650000
-76.820000
-77.180000
-77.760000
-78.090000
-78.270000
-78.500000
-77.660000
-76.890000
-76.780000
-77.300000
-77.690000
-77.450000
-78.550000
-78.740000
-78.270000
-78.410000
-79.040000
-78.370000
-77.870000
-78.010000
-78.360000
-77.660000
-77.990000
-77.860000
-77.680000
-77.760000
-77.840000
-77.430000
-77.180000
-77.850000
-77.960000
-77.640000
-78.040000
-78.500000
-77.920000
-77.760000
-77.360000
-77.130000
-76.870000
-77.540000
-77.030000
-76.790000
-75.980000
-75.490000
-75.610000
-74.670000
-75.060000
-74.430000
-75.790000
-75.720000
-75.070000
-75.190000
-74.820000
-75.390000
-75.970000
-76.260000
-76.700000
-76.100000
-75.560000
-75.060000
-74.710000
-73.440000
-73.540000
-73.200000
-72.630000
-72.570000
-72.840000
-72.170000
-72.180000
-72.750000
-73.360000
-72.690000
-72.300000
-72.980000
-72.400000
-71.190000
-71.590000
-71.360000
-71.410000
-72.040000
-72.610000
-72.220000
-72.470000
-72.180000
-72.070000
-71.750000
-71.530000
-70.240000
-70.060000
-70.300000
-71.840000
-72.110000
-72.320000
-73.160000
-73.470000
-74.110000
-73.680000
-74.130000
-74.230000
-73.830000
-75.110000
-74.690000
-74.110000
-74.640000
-74.770000
-74.760000
-75.060000
-75.790000
-75.230000
-75.690000
-75.620000
-76.080000
-74.680000
-73.670000
-73.310000
-72.590000
-72.400000
-72.010000
-72.370000
-72.030000
-71.740000
-72.740000
-72.560000
-72.630000
-72.080000
-71.740000
-72.640000
-72.780000
-72.870000
-73.020000
-73.500000
-73.740000
-73.370000
-72.890000
-73.370000
-73.830000
-74.280000
-74.040000
-73.650000
-72.900000
-73.240000
-74.100000
-74.670000
-74.610000
-74.740000
-75.860000
-75.460000
-76.020000
-75.070000
-75.250000
-75.090000
-74.680000
-74.680000
-75.020000
-75.070000
-74.590000
-74.130000
-73.390000
-73.810000
-71.600000
-71.290000
-70.640000
-71.430000
-71.920000
-72.050000
-72.690000
-73.410000
-73.700000
-73.240000
-72.920000
-72.700000
-73.010000
-73.690000
-73.630000
-73.720000
-73.840000
-74.100000
-74.370000
-73.880000
-73.090000
-71.890000
-71.390000
-71.270000
-71.300000
-70.700000
-70.930000
-71.230000
-72.210000
-71.580000
-71.660000
-70.590000
-69.450000
-68.190000
-68.380000
-67.880000
-67.400000
-67.460000
-66.530000
-65.790000
-66.050000
-66.030000
-66.110000
-66.200000
-66.290000
-66.590000
-66.670000
-66.900000
-66.500000
-66.820000
-66.130000
-66.290000
-65.710000
-67.210000
-68.260000
-68.940000
-69.150000
-68.730000
-69.090000
-69.300000
-69.780000
-69.660000
-69.290000
-68.950000
-69.450000
-70.520000
-70.920000
-70.620000
-71.250000
-71.460000
-70.800000
-70.770000
-70.310000
-70.370000
-70.390000
-69.200000
-69.600000
-68.660000
-68.770000
-69.300000
-70.130000
-70.210000
-70.130000
-70.320000
-70.740000
-71.020000
-70.840000
-71.360000
-70.870000
-71.380000
-71.220000
-71.230000
-70.950000
-69.320000
-69.540000
-68.770000
-67.760000
-67.810000
-69.070000
-69.210000
-71.760000
-72.040000
-73.970000
-73.500000
-73.450000
-74.510000
-73.370000
-73.230000
-73.660000
-74.190000
-74.610000
-75.610000
-74.830000
-73.510000
-72.760000
-72.710000
-73.460000
-73.690000
-73.410000
-73.760000
-73.720000
-74.230000
-74.240000
-74.090000
-74.090000
-73.970000
-74.320000
-74.100000
-74.460000
-74.620000
-73.940000
-74.940000
-75.560000
-76.980000
-76.530000
-76.850000
-76.310000
-76.500000
-77.100000
-77.650000
-77.530000
-77.300000
-76.540000
-76.740000
-76.460000
-76.940000
-76.780000
-76.460000
-76.600000
-76.510000
-76.050000
-75.600000
-75.850000
-75.660000
-75.390000
-74.930000
-75.290000
-75.950000
-76.210000
-75.310000
-74.520000
-75.050000
-75.310000
-75.930000
-75.060000
-74.560000
-74.050000
-73.610000
-72.840000
-72.580000
-72.180000
-72.300000
-72.540000
-72.990000
-73.440000
-73.230000
-72.670000
-72.200000
-72.760000
-72.850000
-71.380000
-70.820000
-69.470000
-68.980000
-68.150000
-67.050000
-67.800000
-67.810000
-67.210000
-67.380000
-66.810000
-66.450000
-67.100000
-69.360000
-67.940000
-68.360000
-69.530000
-70.480000
-69.320000
-69.170000
-68.970000
-68.190000
-67.290000
-67.380000
-66.760000
-66.190000
-66.930000
-65.990000
-66.140000
-66.070000
-65.010000
-64.220000
-62.500000
-63.460000
-63.980000
-63.920000
-64.040000
-63.800000
-63.080000
-63.260000
-62.870000
-62.620000
-63.540000
-63.560000
-63.370000
-63.520000
-62.890000
-63.450000
-63.330000
-63.970000
-64.590000
-63.130000
-63.280000
-63.450000
-63.650000
-63.070000
-63.770000
-63.340000
-63.090000
-62.490000
-62.480000
-62.670000
-63.360000
-62.560000
-62.720000
-61.490000
-62.240000
-61.750000
-61.080000
-60.650000
-61.490000
-61.970000
-61.530000
-60.960000
-61.530000
-61.850000
-61.830000
-61.140000
-60.910000
-61.670000
-62.370000
-62.260000
-61.700000
-61.250000
-61.650000
-61.970000
-61.810000
-61.830000
-61.340000
-60.100000
-60.280000
-58.910000
-59.460000
-58.490000
-58.160000
-58.930000
-58.690000
-58.890000
-59.000000
-59.440000
-60.390000
-59.380000
-60.620000
-60.750000
-60.890000
-61.160000
-60.150000
-59.650000
-61.000000
-61.010000
-61.210000
-61.130000
-60.520000
-59.390000
-60.300000
-60.150000
-59.990000
-59.730000
-60.770000
-60.620000
-60.310000
-60.870000
-61.120000
-61.130000
-61.530000
-61.610000
-60.920000
-60.200000
-60.290000
-60.190000
-60.980000
-60.830000
-63.380000
-62.410000
-62.340000
-61.340000
-61.670000
-61.320000
-61.710000
-60.750000
-62.070000
-62.340000
-60.830000
-59.850000
-60.440000
-60.700000
-61.050000
-59.440000
-59.570000
-59.640000
-60.020000
-61.450000
-61.920000
-61.840000
-62.010000
-62.230000
-62.390000
-62.500000
-62.330000
-62.320000
-62.140000
-61.980000
-61.700000
-61.850000
-61.350000
-62.170000
-61.600000
-62.600000
-63.040000
-63.150000
-63.540000
-63.050000
-62.750000
-63.000000
-62.540000
-62.740000
-61.980000
-62.530000
-62.440000
-62.210000
-61.340000
-61.630000
-62.520000
-62.500000
-62.290000
-61.900000
-62.560000
-62.580000
-62.990000
-63.210000
-63.290000
-64.470000
