-100.000000
-106.000000
-103.666667
-85.000000
-84.400000
-94.333333
-94.142857
-92.750000
-90.000000
-92.100000
-91.818182
-93.833333
-93.923077
-91.642857
-92.466667
-95.562500
-94.764706
-97.444444
-94.421053
-93.100000
-91.809524
-89.818182
-90.521739
-89.416667
-91.080000
-88.961538
-87.555556
-86.964286
-85.793103
-85.100000
-86.000000
-84.156250
-84.696970
-84.323529
-84.485714
-83.277778
-82.243243
-81.789474
-80.102564
-80.200000
-78.756098
-79.547619
-80.418605
-78.522727
-77.488889
-77.369565
-77.000000
-76.062500
-74.571429
-73.480000
-72.843137
-73.096154
-72.924528
-73.648148
-74.345455
-74.267857
-72.631579
-73.396552
-73.372881
-74.016667
-72.819672
-72.483871
-73.539683
-73.078125
-72.830769
-72.606061
-72.313433
-72.176471
-72.057971
-71.500000
-71.295775
-71.416667
-71.109589
-70.972973
-70.720000
-70.894737
-70.896104
-70.692308
-71.000000
-71.175000
-70.975309
-70.146341
-69.903614
-69.273810
-69.211765
-69.709302
-69.873563
-70.329545
-70.033708
-70.500000
-70.791209
-71.010870
-71.225806
-71.436170
-71.600000
-70.416667
-70.628866
-70.857143
-71.191919
-71.620000
-71.770000
-71.800000
-71.970000
-72.540000
-71.360000
-70.950000
-70.980000
-71.180000
-71.580000
-71.330000
-71.530000
-71.110000
-71.320000
-71.860000
-71.980000
-71.720000
-72.060000
-71.670000
-71.960000
-72.050000
-72.550000
-73.230000
-73.330000
-73.850000
-72.730000
-73.530000
-73.210000
-72.690000
-72.350000
-72.750000
-72.660000
-73.550000
-73.690000
-74.170000
-74.310000
-74.680000
-75.390000
-75.950000
-76.850000
-77.170000
-77.680000
-77.310000
-77.300000
-78.640000
-79.140000
-79.140000
-78.670000
-79.510000
-80.640000
-80.630000
-80.410000
-80.400000
-80.790000
-80.830000
-80.350000
-80.810000
-81.960000
-81.090000
-81.530000
-81.560000
-82.710000
-82.300000
-81.250000
-80.930000
-81.520000
-81.580000
-82.210000
-81.870000
-81.730000
-81.500000
-81.220000
-81.030000
-81.150000
-80.020000
-78.730000
-78.530000
-78.030000
-77.550000
-76.790000
-76.080000
-75.820000
-75.870000
-75.560000
-75.750000
-75.300000
-73.320000
-72.580000
-71.690000
-71.830000
-71.750000
-71.930000
-71.090000
-70.490000
-69.680000
-67.980000
-68.400000
-68.080000
-67.330000
-66.430000
-65.370000
-64.410000
-63.330000
-62.280000
-61.680000
-61.890000
-62.010000
-61.180000
-60.760000
-59.780000
-59.050000
-58.060000
-57.310000
-56.260000
-55.210000
-54.240000
-53.690000
-52.840000
-51.880000
-51.330000
-50.640000
-49.970000
-48.880000
-47.950000
-47.000000
-46.850000
-45.760000
-46.180000
-46.090000
-45.980000
-45.040000
-44.590000
-43.550000
-42.400000
-40.480000
-39.620000
-39.420000
-38.290000
-37.170000
-36.190000
-31.400000
-30.600000
-29.050000
-27.890000
-27.160000
-27.470000
-26.820000
-26.760000
-26.730000
-26.410000
-25.860000
-26.560000
-25.400000
-25.100000
-24.830000
-24.160000
-24.020000
-22.130000
-22.610000
-22.340000
-21.770000
-20.460000
-21.480000
-20.120000
-20.160000
-19.090000
-18.320000
-17.800000
-18.450000
-18.680000
-18.440000
-18.270000
-18.410000
-17.710000
-18.090000
-19.610000
-19.100000
-18.850000
-18.950000
-19.510000
-19.260000
-19.000000
-19.210000
-18.380000
-17.970000
-17.850000
-18.780000
-18.550000
-17.860000
-16.250000
-15.220000
-13.990000
-13.970000
-13.800000
-12.670000
-13.570000
-13.640000
-13.000000
-12.720000
-10.740000
-10.730000
-10.430000
-10.290000
-10.020000
-9.820000
-10.040000
-7.750000
-7.860000
-7.210000
-7.120000
-7.430000
-7.190000
-7.090000
-7.020000
-6.860000
-6.780000
-5.100000
-4.620000
-4.450000
-4.360000
-4.350000
-4.020000
-4.160000
-4.120000
-4.490000
-4.360000
-4.330000
-2.380000
-2.180000
-2.170000
-2.130000
-2.120000
-2.270000
-2.200000
-3.510000
-3.240000
-2.560000
-2.410000
-2.220000
-2.210000
-5.910000
-4.620000
-5.000000
-5.180000
-4.600000
-4.050000
-4.000000
-3.860000
-2.790000
-0.390000
-0.930000
1.130000
1.590000
3.170000
4.200000
5.190000
6.150000
5.370000
6.330000
6.620000
7.390000
7.090000
8.050000
7.320000
7.560000
7.690000
7.740000
7.780000
10.580000
12.700000
12.660000
12.820000
14.640000
16.020000
15.650000
15.910000
15.440000
14.810000
15.120000
16.010000
15.900000
17.120000
17.500000
16.270000
16.080000
16.200000
17.450000
18.150000
17.860000
16.600000
16.590000
16.630000
16.800000
16.330000
15.330000
15.770000
16.040000
16.680000
18.920000
19.420000
19.460000
19.420000
20.410000
20.420000
20.950000
21.140000
20.030000
21.160000
21.000000
21.940000
22.390000
23.360000
24.070000
23.970000
23.490000
23.590000
22.620000
23.890000
25.360000
26.150000
27.560000
27.830000
28.750000
29.030000
29.720000
32.210000
32.130000
32.320000
32.970000
32.660000
32.910000
34.110000
34.130000
35.030000
36.020000
37.270000
37.230000
38.560000
38.590000
38.750000
38.930000
37.610000
37.240000
37.510000
38.810000
39.440000
39.400000
40.290000
41.980000
41.940000
42.000000
40.960000
41.900000
39.900000
40.700000
42.100000
43.150000
45.170000
45.980000
46.950000
46.640000
49.970000
50.580000
51.160000
52.440000
54.520000
54.260000
55.020000
53.220000
52.960000
52.790000
53.000000
52.890000
54.240000
54.290000
54.700000
56.010000
57.540000
57.340000
57.120000
59.460000
59.720000
59.550000
62.180000
64.410000
64.490000
63.260000
63.400000
64.180000
64.560000
66.600000
66.460000
68.550000
69.570000
69.630000
69.350000
69.930000
69.250000
67.990000
70.540000
73.110000
73.000000
73.760000
73.380000
75.010000
75.990000
76.130000
77.050000
79.050000
79.280000
80.170000
81.620000
82.130000
83.690000
86.990000
88.550000
90.760000
90.660000
91.700000
91.370000
89.960000
89.630000
88.920000
90.690000
92.540000
89.870000
90.010000
88.550000
91.500000
91.990000
93.450000
96.430000
96.760000
97.070000
96.760000
95.660000
96.630000
96.500000
98.460000
98.430000
99.350000
100.080000
100.150000
99.950000
99.650000
99.900000
100.990000
101.490000
102.380000
103.500000
105.480000
108.190000
109.300000
110.400000
111.070000
108.210000
107.420000
106.570000
106.520000
105.940000
107.520000
106.580000
106.090000
105.690000
104.370000
104.280000
106.860000
110.360000
111.630000
111.710000
114.070000
116.550000
116.810000
114.140000
115.680000
116.750000
117.890000
117.940000
119.260000
121.010000
121.530000
122.000000
123.360000
123.050000
121.950000
125.520000
128.420000
129.280000
129.220000
131.810000
132.640000
134.340000
133.490000
135.150000
135.960000
137.470000
139.440000
143.020000
143.880000
142.490000
140.200000
143.030000
143.770000
147.540000
148.240000
147.130000
147.130000
148.230000
150.950000
149.900000
151.230000
151.500000
152.910000
152.710000
154.440000
155.880000
152.620000
154.270000
152.710000
153.840000
154.750000
157.770000
158.720000
160.330000
158.400000
159.120000
159.840000
162.470000
159.720000
160.740000
162.200000
158.720000
159.400000
158.170000
161.030000
164.470000
166.280000
166.610000
165.400000
168.250000
170.050000
171.960000
174.570000
177.410000
177.520000
178.140000
177.750000
176.890000
175.970000
177.560000
178.000000
176.000000
175.890000
179.600000
180.480000
182.250000
182.290000
185.310000
186.190000
190.080000
187.270000
189.590000
190.440000
193.760000
196.120000
194.850000
194.930000
191.410000
191.460000
193.050000
193.480000
191.530000
194.050000
194.010000
193.480000
195.990000
196.760000
194.930000
195.100000
194.570000
195.420000
195.190000
194.020000
192.540000
192.290000
189.990000
187.920000
187.190000
189.080000
188.380000
186.170000
185.330000
186.650000
187.380000
188.410000
190.450000
191.450000
191.510000
193.100000
192.400000
193.790000
192.220000
192.520000
194.460000
192.670000
197.280000
199.590000
198.000000
194.370000
195.140000
195.570000
195.570000
195.450000
196.230000
194.430000
195.000000
198.770000
200.420000
201.940000
202.670000
204.480000
204.350000
207.900000
207.270000
210.770000
211.010000
213.140000
213.320000
215.350000
216.370000
215.850000
216.620000
218.610000
221.110000
221.010000
219.830000
220.470000
223.450000
224.040000
223.670000
224.580000
224.670000
223.610000
222.610000
225.250000
228.440000
231.540000
233.600000
234.880000
233.440000
233.940000
236.690000
236.300000
236.740000
236.860000
238.380000
240.740000
240.650000
242.180000
241.300000
245.470000
244.290000
246.980000
245.110000
245.370000
244.510000
244.710000
248.230000
247.790000
247.810000
247.700000
249.740000
250.860000
254.430000
256.400000
256.590000
256.520000
260.160000
261.560000
263.220000
261.180000
262.820000
264.310000
266.410000
269.070000
268.650000
270.600000
272.080000
272.890000
273.580000
277.080000
278.840000
279.000000
278.760000
279.360000
278.040000
277.880000
276.020000
276.190000
277.850000
279.770000
282.080000
281.880000
279.210000
281.740000
279.840000
279.880000
278.010000
281.650000
285.160000
284.920000
284.900000
285.050000
285.800000
285.650000
284.690000
286.520000
284.380000
287.380000
287.970000
288.160000
289.880000
288.310000
288.990000
287.840000
289.610000
289.430000
290.160000
290.660000
291.280000
290.560000
293.060000
292.920000
293.210000
293.120000
294.080000
294.100000
292.180000
293.570000
295.470000
294.490000
293.540000
295.290000
296.480000
297.930000
297.560000
297.510000
297.920000
298.190000
297.310000
299.020000
299.070000
297.770000
296.890000
297.030000
296.870000
293.820000
294.290000
295.040000
294.940000
294.740000
293.890000
293.340000
294.160000
294.450000
297.140000
296.890000
297.620000
297.780000
297.500000
297.630000
298.490000
295.300000
292.420000
294.080000
291.280000
290.550000
290.440000
291.110000
291.850000
294.720000
294.310000
295.580000
296.430000
296.860000
298.720000
298.790000
298.720000
297.670000
297.700000
297.260000
295.570000
296.280000
296.190000
295.510000
297.010000
295.180000
297.860000
296.720000
297.260000
297.400000
296.790000
296.690000
292.940000
292.860000
292.690000
293.940000
298.230000
296.260000
295.750000
296.820000
297.420000
299.010000
299.820000
296.500000
298.550000
296.470000
297.610000
295.570000
298.430000
298.380000
296.700000
296.000000
296.030000
297.210000
297.190000
295.770000
296.550000
295.910000
296.190000
299.050000
299.320000
299.490000
300.260000
300.060000
299.370000
300.010000
300.040000
300.080000
299.180000
299.150000
300.210000
300.700000
301.000000
299.390000
298.980000
298.090000
297.680000
297.400000
298.940000
298.200000
298.050000
299.800000
299.540000
302.440000
303.190000
307.190000
305.480000
304.990000
305.970000
307.150000
307.790000
303.710000
304.500000
305.270000
306.780000
307.190000
306.150000
308.500000
310.330000
310.520000
310.210000
310.260000
313.070000
313.040000
315.890000
317.790000
315.030000
314.190000
314.120000
312.490000
313.150000
314.210000
314.590000
314.440000
314.410000
314.900000
312.450000
314.490000
311.290000
312.290000
315.070000
313.880000
314.990000
317.680000
316.320000
318.160000
316.230000
317.670000
316.210000
313.950000
