-103.000000
-121.000000
-108.000000
-99.000000
-100.000000
-105.333333
-99.142857
-95.000000
-97.777778
-101.200000
-94.545455
-91.000000
-88.461538
-88.785714
-88.600000
-87.312500
-88.352941
-88.000000
-85.263158
-85.550000
-86.952381
-88.227273
-88.391304
-89.750000
-89.760000
-89.653846
-87.222222
-85.500000
-87.000000
-86.066667
-86.258065
-88.062500
-87.363636
-86.705882
-86.342857
-85.583333
-85.351351
-84.947368
-85.000000
-85.100000
-85.463415
-85.904762
-85.255814
-84.840909
-84.088889
-84.282609
-83.021277
-83.270833
-84.367347
-83.820000
-85.000000
-85.442308
-86.528302
-85.888889
-84.581818
-85.160714
-86.035088
-85.362069
-84.966102
-85.416667
-85.229508
-84.822581
-84.079365
-83.406250
-83.476923
-82.636364
-82.731343
-83.411765
-83.275362
-82.928571
-82.507042
-81.791667
-82.616438
-82.527027
-81.920000
-81.763158
-82.402597
-81.910256
-81.012658
-80.950000
-81.679012
-81.487805
-81.662651
-81.690476
-81.400000
-81.162791
-81.000000
-81.397727
-82.044944
-81.433333
-81.769231
-81.402174
-81.333333
-81.574468
-80.863158
-81.177083
-81.371134
-81.989796
-81.737374
-81.380000
-81.180000
-80.780000
-80.700000
-80.650000
-80.550000
-79.800000
-79.950000
-80.240000
-79.540000
-78.770000
-79.050000
-79.480000
-79.200000
-78.780000
-78.960000
-78.650000
-78.180000
-77.930000
-78.350000
-78.190000
-77.410000
-77.380000
-77.020000
-76.660000
-77.200000
-76.850000
-76.930000
-77.540000
-76.900000
-76.550000
-76.330000
-75.700000
-74.700000
-74.730000
-74.180000
-73.870000
-73.220000
-72.720000
-72.410000
-72.290000
-71.800000
-71.340000
-71.440000
-71.650000
-71.630000
-71.080000
-71.980000
-71.760000
-71.020000
-71.400000
-70.560000
-70.910000
-70.980000
-71.750000
-72.190000
-72.140000
-71.260000
-71.120000
-71.150000
-71.460000
-71.620000
-71.410000
-71.120000
-71.290000
-70.990000
-71.540000
-71.030000
-70.320000
-70.250000
-70.310000
-69.990000
-70.430000
-69.440000
-69.620000
-69.720000
-69.510000
-69.020000
-69.250000
-69.050000
-68.930000
-68.280000
-68.500000
-68.420000
-67.560000
-67.750000
-67.610000
-67.450000
-66.070000
-64.390000
-64.860000
-64.290000
-64.860000
-64.850000
-64.560000
-64.970000
-64.330000
-63.700000
-63.190000
-62.860000
-63.150000
-62.980000
-62.150000
-62.050000
-61.530000
-61.440000
-60.940000
-61.210000
-60.790000
-61.040000
-61.630000
-61.050000
-60.950000
-60.290000
-60.420000
-59.760000
-60.150000
-60.320000
-60.500000
-60.470000
-60.220000
-60.140000
-60.060000
-60.290000
-59.630000
-58.870000
-59.100000
-59.460000
-59.610000
-59.720000
-59.560000
-59.330000
-58.230000
-58.570000
-58.100000
-58.560000
-59.110000
-59.640000
-60.110000
-60.940000
-61.320000
-61.550000
-61.620000
-61.020000
-60.790000
-60.790000
-61.160000
-60.760000
-61.460000
-61.980000
-61.670000
-61.250000
-60.460000
-59.710000
-58.730000
-58.930000
-58.560000
-58.090000
-58.510000
-58.480000
-57.250000
-57.800000
-57.950000
-58.240000
-58.300000
-58.360000
-58.280000
-58.460000
-58.620000
-58.200000
-58.300000
-59.260000
-58.630000
-58.950000
-58.770000
-59.490000
-59.070000
-59.000000
-59.080000
-58.730000
-57.730000
-57.730000
-56.700000
-56.930000
-57.420000
-56.410000
-57.150000
-57.580000
-57.830000
-58.090000
-58.490000
-59.090000
-59.190000
-58.520000
-58.410000
-58.220000
-58.890000
-58.490000
-58.680000
-58.520000
-57.660000
-57.380000
-57.890000
-57.130000
-56.580000
-56.040000
-56.250000
-55.750000
-56.370000
-56.370000
-55.700000
-56.470000
-56.260000
-57.610000
-57.720000
-57.530000
-57.490000
-56.710000
-56.610000
-56.610000
-57.220000
-57.700000
-57.770000
-58.090000
-59.060000
-58.660000
-59.170000
-59.600000
-59.450000
-59.380000
-60.340000
-61.030000
-62.480000
-63.600000
-64.430000
-64.610000
-63.750000
-64.260000
-64.260000
-64.030000
-64.040000
-64.640000
-65.230000
-66.040000
-66.500000
-67.320000
-67.590000
-68.040000
-67.500000
-67.470000
-67.940000
-68.900000
-69.420000
-69.880000
-70.610000
-69.910000
-70.310000
-71.470000
-71.880000
-72.410000
-72.530000
-71.160000
-71.770000
-72.500000
-72.970000
-73.750000
-74.410000
-74.800000
-75.220000
-76.130000
-76.540000
-76.530000
-77.570000
-77.980000
-77.410000
-76.410000
-76.530000
-76.450000
-76.250000
-77.240000
-78.150000
-77.950000
-78.290000
-77.260000
-76.980000
-77.420000
-77.370000
-77.590000
-78.720000
-79.700000
-79.720000
-79.730000
-79.740000
-80.830000
-80.380000
-80.510000
-80.530000
-81.700000
-81.760000
-82.170000
-82.770000
-83.550000
-84.040000
-85.320000
-86.760000
-86.940000
-87.610000
-88.200000
-87.940000
-88.350000
-89.020000
-88.760000
-89.280000
-89.430000
-89.170000
-90.120000
-90.440000
-91.360000
-91.600000
-91.740000
-91.520000
-92.100000
-92.150000
-91.990000
-91.780000
-92.540000
-92.440000
-92.680000
-92.820000
-93.260000
-93.360000
-93.240000
-93.230000
-93.260000
-93.370000
-93.670000
-94.840000
-94.840000
-95.120000
-95.100000
-95.070000
-94.870000
-94.770000
-95.020000
-94.860000
-94.690000
-94.620000
-94.580000
-94.820000
-94.590000
-94.520000
-94.520000
-94.250000
-93.930000
-93.780000
-94.740000
-94.520000
-94.250000
-93.980000
-93.720000
-94.290000
-95.340000
-95.330000
-95.350000
-95.370000
-94.840000
-94.300000
-94.220000
-93.930000
-93.640000
-93.370000
-93.100000
-93.100000
-93.070000
-93.830000
-94.510000
-95.190000
-95.390000
-96.000000
-96.340000
-96.660000
-97.150000
-97.850000
-98.640000
-99.320000
-100.000000
-99.710000
-99.670000
-99.400000
-99.240000
-98.950000
-98.660000
-98.370000
-98.080000
-98.760000
-99.430000
-99.140000
-98.870000
-98.580000
-98.960000
-99.340000
-99.050000
-98.760000
-98.640000
-98.470000
-98.850000
-98.770000
-98.510000
-98.410000
-98.120000
-98.130000
-98.510000
-98.390000
-98.410000
-99.080000
-98.810000
-98.560000
-98.830000
-99.100000
-99.360000
-99.620000
-99.140000
-99.020000
-98.960000
-98.900000
-98.900000
-98.610000
-98.130000
-97.860000
-97.600000
-97.330000
-97.180000
-96.900000
-96.550000
-96.270000
-96.030000
-95.930000
-95.640000
-95.580000
-95.310000
-95.070000
-94.820000
-94.570000
-94.320000
-94.260000
-94.010000
-93.950000
-93.680000
-93.440000
-93.440000
-93.470000
-93.410000
-93.600000
-93.500000
-93.770000
-93.880000
-94.100000
-94.100000
-94.100000
-94.100000
-94.100000
-94.130000
-94.150000
-93.910000
-93.940000
-93.940000
-94.230000
-94.510000
-94.530000
-94.550000
-94.820000
-94.820000
-94.550000
-94.500000
-94.700000
-94.980000
-95.260000
-95.550000
-95.460000
-95.340000
-95.630000
-95.380000
-95.180000
-95.200000
-95.220000
-95.510000
-95.530000
-95.560000
-95.830000
-96.120000
-96.410000
-96.700000
-96.980000
-97.190000
-97.400000
-97.400000
-97.680000
-97.970000
-97.890000
-97.810000
-97.730000
-98.020000
-98.310000
-98.430000
-98.720000
-99.000000
-99.290000
-99.580000
-99.950000
-100.330000
-100.130000
-100.340000
-100.090000
-99.720000
-99.640000
-99.560000
-99.540000
-99.150000
-98.780000
-98.580000
-98.380000
-98.590000
-98.700000
-98.960000
-99.220000
-99.330000
-99.610000
-99.900000
-100.190000
-100.480000
-100.770000
-101.040000
-100.960000
-101.180000
-101.320000
-101.220000
-100.970000
-101.180000
-101.310000
-101.210000
-101.090000
-101.100000
-101.420000
-101.610000
-101.490000
-101.670000
-101.860000
-102.050000
-101.950000
-101.850000
-101.570000
-101.260000
-100.970000
-100.970000
-100.600000
-100.530000
-100.170000
-100.360000
-100.550000
-100.740000
-100.640000
-100.330000
-99.960000
-100.110000
-100.110000
-100.010000
-100.000000
-99.640000
-99.830000
-99.730000
-99.720000
-99.620000
-99.520000
-99.520000
-99.520000
-99.450000
-99.370000
-99.000000
-98.780000
-98.780000
-98.770000
-99.130000
-99.590000
-99.850000
-100.120000
-100.120000
-100.190000
-100.200000
-99.830000
-99.830000
-99.750000
-99.670000
-99.600000
-99.310000
-99.020000
-98.650000
-98.290000
-97.980000
-98.350000
-98.710000
-99.080000
-99.080000
-99.000000
-99.000000
-98.990000
-98.590000
-98.220000
-98.220000
-97.850000
-97.680000
-97.810000
-97.810000
-97.810000
-98.100000
-97.870000
-98.280000
-98.590000
-98.900000
-99.190000
-99.400000
-99.240000
-99.550000
-99.480000
-99.120000
-98.820000
-98.750000
-98.450000
-98.370000
-98.290000
-98.210000
-98.130000
-98.050000
-98.340000
-98.410000
-98.480000
-98.770000
-99.060000
-99.060000
-99.120000
-99.430000
-99.490000
-99.430000
-99.060000
-98.820000
-98.800000
-98.480000
-98.480000
-98.480000
-98.770000
-99.060000
-99.350000
-99.420000
-99.470000
-99.230000
-99.270000
-98.740000
-99.030000
-98.010000
-98.010000
-98.010000
-97.280000
-97.510000
-97.800000
-97.840000
-97.430000
-97.480000
-97.170000
-97.220000
-96.690000
-96.450000
-95.850000
-95.100000
-94.860000
-93.730000
-93.470000
-92.940000
-92.330000
-92.330000
-92.270000
-92.050000
-90.960000
-90.370000
-90.260000
-89.960000
-89.550000
-89.230000
-89.110000
-88.790000
-88.790000
-88.500000
-88.210000
-87.920000
-86.910000
-86.190000
-86.190000
-85.460000
-84.730000
-83.940000
-83.570000
-83.440000
-82.760000
-81.990000
-80.980000
-80.690000
-79.810000
-79.330000
-78.600000
-77.990000
-77.470000
-76.770000
-75.750000
-75.340000
-75.340000
-75.140000
-75.170000
-74.850000
-74.250000
-74.010000
-73.420000
-73.100000
-72.990000
-71.870000
-70.850000
-70.570000
-69.780000
-68.980000
-68.190000
-67.660000
-67.620000
-66.880000
-66.140000
-65.910000
-65.710000
-65.100000
-64.900000
-64.100000
-63.090000
-62.300000
-60.970000
-60.300000
-59.860000
-59.910000
-59.780000
-59.330000
-58.960000
-58.280000
-57.270000
-56.260000
-55.570000
-54.880000
-53.980000
-53.210000
-52.720000
-52.000000
-51.660000
-51.660000
-50.560000
-50.790000
-49.790000
-48.460000
-47.660000
-46.960000
-46.260000
-45.560000
-45.000000
-44.350000
-41.510000
-40.750000
-40.380000
-39.900000
-39.420000
-40.290000
-40.170000
-40.510000
-39.690000
-40.220000
-40.150000
-39.890000
-40.140000
-40.640000
-40.660000
-40.180000
-39.210000
-38.810000
-37.800000
-37.790000
-36.970000
-36.520000
-36.120000
-35.510000
-35.110000
-34.390000
-34.400000
-34.510000
-34.060000
-34.390000
-34.410000
-34.100000
-33.370000
-32.820000
-32.730000
-32.090000
-33.230000
-33.270000
-33.900000
-34.020000
-34.150000
-33.990000
-34.420000
-34.580000
-35.310000
-34.720000
-34.010000
-33.210000
-32.720000
-32.230000
-31.500000
-29.440000
-29.520000
-28.430000
-28.040000
-28.060000
-27.750000
-26.990000
-26.680000
-26.690000
-27.020000
-26.900000
-25.840000
-25.930000
-25.340000
-24.240000
-23.750000
-23.830000
-23.500000
-23.400000
-23.410000
-23.200000
-23.830000
-23.170000
-22.530000
-21.500000
-21.080000
-21.080000
-20.680000
-20.360000
-20.040000
-20.160000
-20.160000
-19.520000
-19.320000
-19.000000
-19.200000
-19.800000
-19.060000
-18.900000
-19.110000
-18.570000
-19.020000
-19.660000
-20.620000
-19.990000
-19.360000
-18.720000
-18.780000
-18.620000
-20.700000
-20.700000
-20.910000
-20.590000
-20.810000
-19.650000
-19.300000
-19.300000
-19.420000
-18.730000
-18.200000
-17.420000
-16.130000
-15.370000
-15.580000
-15.580000
-15.260000
-14.560000
-14.570000
-13.490000
-13.220000
-13.020000
-12.380000
-11.950000
-11.310000
-10.990000
-10.660000
-10.230000
-9.880000
-9.240000
-9.020000
-9.350000
-9.160000
-8.440000
-7.800000
