-56.000000
-83.500000
-93.333333
-61.750000
-69.400000
-73.333333
-81.571429
-83.750000
-79.333333
-80.900000
-85.181818
-84.500000
-89.000000
-87.214286
-86.066667
-89.687500
-89.764706
-87.722222
-85.000000
-85.700000
-84.476190
-81.363636
-81.173913
-82.500000
-83.240000
-81.269231
-83.111111
-84.785714
-83.862069
-84.566667
-85.709677
-84.937500
-84.606061
-84.676471
-82.171429
-81.000000
-80.081081
-79.263158
-80.487179
-80.350000
-79.780488
-79.523810
-79.325581
-78.022727
-77.355556
-74.673913
-74.297872
-74.604167
-75.387755
-76.140000
-75.294118
-74.384615
-74.339623
-74.351852
-74.672727
-74.910714
-73.122807
-72.103448
-72.033898
-72.183333
-72.836066
-73.451613
-73.746032
-72.328125
-73.000000
-72.530303
-72.402985
-72.882353
-71.188406
-71.657143
-71.169014
-71.652778
-71.547945
-71.216216
-70.760000
-70.671053
-69.857143
-69.205128
-69.139241
-68.762500
-68.395062
-68.341463
-68.096386
-68.523810
-68.047059
-67.930233
-67.586207
-66.909091
-66.370787
-66.900000
-66.989011
-66.793478
-67.215054
-67.372340
-67.178947
-66.760417
-66.577320
-66.663265
-66.939394
-66.460000
-66.460000
-65.430000
-64.510000
-64.290000
-63.730000
-63.080000
-62.260000
-61.590000
-62.310000
-62.520000
-61.540000
-60.960000
-60.200000
-59.750000
-59.430000
-57.520000
-56.960000
-55.660000
-55.380000
-54.560000
-53.480000
-54.480000
-54.870000
-54.900000
-53.470000
-52.690000
-51.760000
-51.490000
-51.780000
-51.990000
-51.220000
-51.660000
-51.940000
-51.710000
-52.880000
-52.610000
-53.580000
-54.350000
-54.240000
-53.970000
-54.560000
-54.150000
-53.750000
-53.760000
-54.440000
-54.950000
-54.380000
-54.130000
-53.290000
-52.620000
-52.570000
-52.390000
-52.820000
-52.350000
-51.620000
-49.560000
-50.150000
-50.830000
-50.170000
-49.980000
-50.020000
-47.390000
-47.630000
-48.960000
-47.740000
-48.480000
-48.060000
-48.060000
-49.660000
-49.260000
-49.530000
-49.190000
-49.730000
-50.420000
-50.770000
-50.200000
-50.870000
-50.900000
-50.360000
-51.130000
-51.900000
-52.420000
-53.100000
-53.110000
-53.990000
-53.960000
-54.220000
-54.970000
-55.940000
-55.020000
-55.430000
-55.010000
-55.100000
-55.030000
-55.260000
-55.070000
-54.570000
-54.200000
-54.410000
-55.030000
-55.270000
-55.990000
-56.570000
-57.870000
-57.610000
-58.490000
-59.160000
-59.360000
-59.350000
-59.340000
-60.220000
-61.190000
-60.710000
-61.480000
-61.900000
-63.530000
-63.980000
-65.540000
-66.620000
-67.610000
-69.250000
-69.250000
-68.890000
-68.530000
-69.270000
-70.890000
-70.530000
-70.650000
-70.940000
-69.840000
-70.230000
-70.000000
-69.790000
-69.870000
-69.890000
-70.590000
-69.950000
-69.850000
-69.500000
-69.830000
-69.470000
-69.110000
-69.330000
-69.610000
-69.270000
-70.040000
-71.200000
-71.510000
-72.380000
-73.080000
-73.960000
-74.680000
-74.350000
-74.890000
-75.520000
-77.510000
-78.240000
-78.580000
-79.380000
-79.570000
-79.230000
-81.570000
-81.230000
-80.470000
-81.690000
-81.340000
-81.940000
-81.700000
-81.340000
-81.860000
-82.040000
-82.120000
-81.230000
-80.780000
-80.880000
-81.630000
-81.380000
-81.910000
-82.130000
-81.260000
-80.390000
-79.870000
-79.030000
-78.240000
-78.500000
-78.480000
-78.390000
-78.090000
-77.530000
-77.710000
-76.940000
-77.370000
-76.620000
-76.270000
-76.270000
-77.350000
-77.380000
-77.020000
-75.240000
-74.960000
-74.690000
-75.050000
-74.690000
-74.480000
-75.020000
-74.470000
-74.470000
-74.210000
-74.480000
-73.750000
-73.100000
-72.450000
-72.690000
-71.820000
-71.560000
-71.120000
-70.860000
-70.260000
-70.150000
-69.430000
-69.210000
-68.350000
-67.850000
-67.580000
-67.800000
-66.940000
-67.450000
-66.830000
-66.390000
-66.530000
-66.250000
-65.730000
-65.840000
-65.610000
-64.740000
-64.210000
-63.710000
-63.470000
-62.950000
-63.190000
-62.920000
-63.240000
-63.140000
-63.680000
-63.350000
-63.470000
-62.820000
-62.360000
-61.690000
-61.040000
-60.490000
-60.200000
-59.870000
-59.340000
-58.920000
-59.050000
-58.490000
-57.760000
-57.450000
-56.830000
-56.520000
-56.530000
-55.900000
-55.930000
-56.200000
-55.770000
-54.660000
-54.640000
-54.240000
-53.980000
-53.850000
-53.550000
-53.760000
-53.840000
-53.410000
-52.660000
-52.980000
-52.520000
-52.390000
-52.390000
-52.300000
-52.600000
-52.500000
-52.180000
-50.710000
-50.370000
-50.080000
-49.740000
-49.540000
-50.300000
-49.960000
-49.730000
-49.380000
-48.760000
-48.080000
-47.410000
-47.350000
-47.380000
-48.210000
-47.870000
-47.450000
-46.410000
-45.890000
-45.540000
-44.740000
-44.190000
-43.100000
-42.780000
-41.180000
-40.890000
-40.400000
-40.610000
-40.170000
-40.080000
-38.690000
-36.700000
-36.020000
-35.950000
-35.020000
-34.540000
-33.500000
-33.060000
-32.690000
-31.170000
-31.120000
-31.310000
-29.720000
-29.090000
-28.190000
-27.790000
-27.330000
-27.090000
-26.250000
-25.630000
-25.300000
-24.830000
-24.570000
-23.950000
-24.150000
-22.810000
-21.390000
-21.010000
-20.420000
-19.290000
-18.670000
-17.950000
-17.460000
-14.240000
-13.610000
-13.590000
-12.860000
-12.370000
-12.010000
-11.530000
-11.000000
-9.960000
-9.370000
-9.050000
-8.520000
-8.330000
-7.920000
-6.900000
-6.760000
-6.300000
-4.690000
-4.230000
-4.580000
-3.860000
-3.530000
-2.740000
-1.910000
-1.500000
-1.030000
-0.330000
0.000000
-0.420000
0.580000
1.040000
1.140000
1.540000
1.100000
2.220000
2.450000
3.270000
3.710000
4.080000
4.470000
4.670000
4.580000
5.740000
5.540000
5.950000
6.030000
6.390000
6.420000
7.010000
6.480000
6.550000
6.750000
6.980000
8.240000
8.440000
7.440000
7.470000
7.310000
6.880000
7.140000
8.520000
7.730000
7.950000
7.910000
8.780000
8.620000
8.590000
7.840000
6.080000
6.090000
6.080000
6.400000
6.590000
7.280000
7.070000
7.040000
6.050000
6.320000
6.920000
5.970000
5.990000
6.100000
7.520000
11.170000
12.460000
12.470000
12.080000
13.540000
13.370000
13.580000
13.770000
15.720000
15.540000
14.680000
14.630000
14.520000
14.500000
14.620000
14.450000
14.910000
12.390000
12.350000
12.960000
12.080000
11.590000
11.610000
11.240000
11.230000
11.190000
10.910000
10.820000
10.840000
10.970000
10.400000
10.570000
10.680000
10.850000
10.050000
10.110000
10.140000
10.190000
10.150000
10.180000
10.940000
11.070000
12.330000
12.480000
12.680000
13.130000
13.220000
13.100000
13.240000
13.240000
13.790000
13.660000
13.830000
13.060000
12.650000
11.920000
11.760000
11.780000
12.290000
12.430000
12.570000
12.410000
12.480000
11.520000
11.450000
11.310000
12.000000
12.070000
12.150000
12.160000
11.150000
12.580000
13.520000
13.720000
13.630000
13.950000
13.820000
12.230000
13.890000
13.840000
14.020000
14.460000
14.530000
14.700000
14.670000
15.190000
15.290000
17.010000
16.700000
16.560000
15.880000
17.090000
17.080000
17.130000
17.500000
17.570000
17.430000
18.460000
18.110000
16.530000
12.950000
11.560000
11.660000
12.130000
10.820000
10.710000
10.460000
10.740000
9.470000
9.310000
9.590000
9.580000
11.220000
11.160000
10.890000
11.500000
11.280000
11.280000
11.270000
11.000000
11.530000
11.990000
12.300000
12.640000
12.630000
12.690000
13.540000
15.190000
15.860000
17.290000
18.070000
19.290000
19.400000
19.190000
21.250000
21.240000
21.540000
23.010000
23.200000
23.320000
24.250000
24.360000
22.820000
22.870000
23.340000
23.470000
23.290000
23.090000
22.910000
23.910000
24.180000
24.250000
24.250000
24.300000
25.100000
24.500000
24.690000
24.800000
25.000000
24.880000
25.440000
25.440000
25.490000
25.780000
27.350000
28.940000
29.170000
29.010000
28.910000
28.980000
28.930000
27.310000
27.400000
28.610000
30.280000
30.580000
31.580000
31.900000
31.310000
31.550000
31.450000
32.700000
32.900000
32.850000
32.870000
32.690000
32.840000
31.390000
33.080000
33.190000
33.160000
31.900000
31.860000
31.620000
31.670000
31.360000
31.170000
29.910000
29.650000
29.630000
29.670000
29.800000
29.620000
28.970000
28.860000
29.100000
29.190000
28.950000
28.680000
28.980000
29.480000
29.450000
27.540000
27.830000
27.820000
27.790000
27.470000
27.400000
27.430000
27.680000
28.070000
28.810000
30.460000
30.240000
30.080000
30.080000
29.850000
28.070000
28.400000
27.380000
27.110000
25.690000
26.750000
26.540000
25.180000
25.960000
26.880000
25.490000
26.770000
26.570000
24.720000
24.370000
24.750000
24.690000
24.130000
24.240000
24.350000
24.550000
24.500000
23.440000
24.730000
24.780000
24.660000
24.490000
23.630000
24.630000
25.750000
26.380000
26.190000
25.950000
25.710000
25.860000
25.820000
25.640000
24.270000
22.650000
21.910000
22.200000
22.580000
22.590000
22.960000
22.910000
24.240000
23.290000
21.720000
21.350000
20.730000
19.410000
19.130000
18.780000
18.710000
16.720000
16.420000
16.380000
16.470000
16.460000
19.670000
19.540000
18.150000
17.730000
18.490000
18.530000
18.580000
18.560000
18.420000
18.880000
19.720000
19.910000
20.420000
20.900000
20.920000
21.170000
21.210000
21.400000
21.480000
21.530000
22.550000
22.500000
25.030000
24.900000
24.230000
24.290000
24.970000
24.700000
25.130000
24.990000
24.990000
24.610000
24.650000
26.280000
27.540000
27.070000
25.370000
26.910000
27.380000
27.400000
27.160000
27.660000
27.970000
27.560000
28.080000
29.310000
28.240000
28.620000
28.740000
27.820000
26.550000
28.170000
26.950000
27.250000
27.190000
27.440000
27.580000
27.730000
28.320000
28.170000
28.210000
28.120000
28.440000
28.490000
28.700000
28.620000
28.340000
28.540000
28.700000
29.410000
28.320000
28.800000
28.840000
29.410000
29.310000
28.690000
28.590000
28.910000
28.870000
29.200000
29.670000
30.580000
30.330000
30.880000
30.460000
30.460000
28.960000
28.640000
29.930000
30.330000
29.900000
31.500000
31.360000
31.720000
31.860000
32.290000
33.060000
32.900000
32.400000
32.760000
29.350000
29.520000
29.440000
29.780000
28.980000
29.270000
30.490000
30.860000
30.870000
30.330000
30.120000
30.150000
30.350000
30.000000
30.160000
30.120000
31.440000
33.060000
33.080000
33.040000
32.830000
33.270000
30.930000
32.080000
32.130000
32.050000
31.750000
31.620000
31.880000
32.000000
32.130000
32.850000
32.750000
31.180000
29.860000
29.750000
29.500000
27.890000
27.370000
27.470000
27.390000
28.510000
26.970000
26.960000
26.670000
25.190000
24.940000
25.980000
25.830000
25.650000
25.760000
24.140000
23.760000
24.300000
26.260000
26.320000
26.410000
27.540000
27.080000
26.810000
27.780000
27.650000
27.750000
29.330000
27.840000
27.560000
28.130000
28.080000
27.910000
27.490000
27.460000
27.490000
27.650000
27.330000
27.650000
28.250000
28.410000
29.030000
30.360000
30.120000
30.090000
29.490000
29.200000
28.640000
