-37.000000
-58.500000
-56.333333
-71.250000
-70.000000
-75.166667
-82.714286
-82.000000
-85.777778
-91.100000
-87.454545
-91.333333
-92.076923
-91.000000
-88.333333
-85.937500
-82.647059
-82.777778
-81.789474
-78.250000
-78.857143
-77.727273
-78.869565
-78.291667
-76.240000
-74.846154
-74.962963
-77.535714
-78.827586
-78.333333
-77.032258
-78.375000
-79.696970
-79.558824
-81.342857
-80.500000
-78.702703
-77.605263
-75.794872
-75.500000
-74.317073
-73.595238
-73.046512
-72.181818
-72.888889
-71.934783
-71.531915
-71.604167
-71.102041
-70.720000
-68.627451
-67.596154
-67.320755
-68.222222
-67.327273
-66.821429
-65.982456
-66.827586
-66.966102
-65.983333
-65.262295
-65.419355
-65.253968
-66.031250
-66.169231
-66.772727
-66.895522
-66.191176
-66.536232
-66.371429
-66.549296
-67.222222
-67.890411
-67.229730
-67.186667
-67.815789
-67.571429
-67.666667
-67.620253
-67.012500
-67.617284
-68.195122
-68.771084
-69.333333
-68.741176
-69.023256
-69.528736
-69.659091
-70.101124
-70.033333
-70.538462
-70.913043
-71.397849
-71.319149
-71.568421
-71.604167
-71.556701
-71.989796
-72.424242
-72.590000
-73.360000
-73.710000
-74.340000
-74.390000
-74.800000
-74.780000
-74.660000
-74.940000
-75.040000
-74.690000
-75.330000
-75.130000
-75.010000
-75.400000
-76.050000
-76.810000
-77.460000
-77.100000
-77.410000
-78.560000
-78.810000
-79.090000
-79.310000
-79.700000
-80.380000
-81.130000
-80.870000
-80.070000
-80.130000
-80.640000
-81.250000
-81.230000
-81.150000
-81.550000
-80.980000
-81.110000
-82.130000
-82.580000
-83.330000
-83.840000
-84.320000
-85.030000
-85.180000
-85.470000
-85.320000
-85.100000
-85.390000
-85.390000
-85.450000
-85.750000
-86.750000
-87.350000
-88.030000
-87.900000
-88.460000
-88.820000
-89.380000
-88.980000
-88.980000
-89.000000
-89.530000
-89.450000
-89.540000
-88.490000
-88.490000
-88.540000
-88.920000
-89.680000
-89.330000
-89.330000
-89.090000
-88.600000
-87.990000
-88.350000
-88.420000
-87.820000
-87.320000
-87.210000
-87.240000
-87.800000
-87.280000
-86.570000
-85.880000
-85.270000
-85.330000
-84.570000
-83.660000
-83.400000
-83.250000
-82.790000
-81.680000
-80.820000
-80.210000
-79.850000
-79.450000
-79.210000
-79.090000
-78.380000
-77.610000
-77.020000
-76.540000
-75.970000
-75.970000
-74.980000
-74.470000
-73.910000
-73.530000
-73.040000
-72.450000
-71.770000
-71.760000
-71.050000
-70.710000
-70.100000
-69.010000
-67.800000
-68.100000
-68.120000
-67.410000
-66.370000
-65.720000
-63.680000
-62.930000
-61.870000
-61.280000
-60.280000
-59.950000
-59.220000
-58.440000
-57.980000
-57.720000
-56.920000
-56.200000
-55.010000
-53.110000
-52.960000
-52.340000
-52.160000
-51.200000
-50.480000
-50.160000
-49.240000
-48.600000
-45.460000
-44.480000
-44.480000
-43.670000
-43.000000
-42.820000
-42.070000
-41.370000
-41.010000
-39.740000
-38.870000
-37.980000
-37.610000
-36.630000
-34.420000
-33.770000
-34.100000
-31.950000
-31.350000
-30.520000
-30.880000
-28.930000
-27.840000
-26.770000
-26.200000
-25.910000
-25.460000
-25.060000
-24.250000
-23.690000
-23.050000
-22.310000
-21.830000
-22.270000
-21.640000
-21.060000
-20.630000
-20.000000
-20.000000
-19.720000
-19.120000
-19.060000
-18.990000
-19.370000
-19.330000
-18.770000
-18.550000
-18.380000
-18.140000
-17.500000
-17.630000
-17.140000
-16.850000
-16.490000
-15.980000
-15.480000
-15.070000
-14.250000
-13.770000
-12.500000
-12.470000
-11.870000
-11.330000
-10.610000
-10.150000
-9.500000
-8.980000
-8.010000
-7.360000
-6.810000
-6.450000
-6.460000
-6.600000
-5.540000
-5.040000
-4.790000
-4.410000
-3.930000
-5.260000
-4.720000
-4.690000
-4.340000
-4.020000
-3.660000
-3.830000
-3.350000
-2.580000
-1.880000
-1.600000
-1.090000
-0.070000
-0.880000
-0.580000
0.240000
0.960000
0.930000
1.360000
1.900000
2.290000
2.260000
-0.230000
-0.220000
1.410000
1.570000
1.800000
3.260000
3.490000
3.480000
3.810000
3.990000
3.690000
4.590000
4.910000
4.920000
3.620000
3.880000
4.950000
3.710000
3.770000
3.150000
3.700000
2.670000
3.050000
3.110000
5.330000
6.730000
6.980000
7.290000
7.230000
7.270000
7.280000
7.390000
7.440000
8.020000
8.060000
9.840000
10.250000
10.390000
11.020000
11.340000
11.440000
10.490000
10.790000
11.410000
13.880000
14.360000
14.480000
14.600000
14.710000
15.550000
16.010000
16.120000
16.340000
17.530000
17.600000
17.480000
17.470000
17.750000
17.800000
17.680000
18.040000
19.460000
20.410000
20.600000
20.840000
20.990000
22.030000
22.550000
22.520000
22.510000
22.800000
22.970000
23.320000
23.670000
23.840000
23.930000
23.910000
24.100000
24.070000
24.130000
24.250000
24.430000
24.290000
24.360000
24.590000
24.480000
24.530000
24.690000
24.950000
25.100000
24.150000
24.070000
24.180000
24.060000
23.990000
25.490000
27.130000
27.100000
28.040000
28.260000
29.750000
29.730000
29.260000
29.240000
29.250000
28.340000
29.620000
29.730000
32.310000
32.120000
32.700000
31.500000
31.640000
31.450000
31.420000
31.480000
31.040000
32.400000
32.440000
34.450000
34.870000
34.860000
34.630000
34.710000
32.810000
32.650000
33.610000
33.580000
33.620000
33.770000
33.810000
36.300000
36.350000
37.520000
38.000000
37.870000
40.200000
40.310000
40.020000
41.450000
41.350000
43.890000
43.840000
43.900000
41.980000
43.180000
44.250000
43.060000
44.420000
44.080000
44.110000
44.140000
43.990000
46.580000
46.350000
46.350000
46.490000
46.460000
46.560000
46.700000
47.380000
45.890000
45.990000
45.830000
45.590000
45.200000
45.520000
45.260000
45.140000
47.000000
47.170000
47.100000
48.480000
48.360000
49.430000
50.780000
51.920000
53.200000
53.480000
53.430000
53.290000
54.140000
55.710000
55.390000
56.910000
58.590000
58.500000
58.450000
59.850000
60.960000
60.870000
60.870000
61.160000
61.240000
61.390000
59.820000
58.900000
59.040000
58.690000
59.970000
61.060000
63.160000
62.280000
62.190000
61.900000
61.240000
61.680000
61.510000
60.550000
60.640000
61.800000
62.070000
63.380000
64.360000
64.690000
64.580000
64.480000
63.080000
63.150000
61.630000
61.200000
61.160000
62.100000
61.920000
62.140000
63.820000
63.660000
64.950000
65.980000
67.330000
69.930000
67.400000
68.910000
67.540000
70.820000
69.410000
67.210000
68.420000
68.570000
68.200000
71.530000
70.960000
72.000000
72.990000
73.400000
72.880000
71.790000
74.130000
72.510000
74.670000
74.910000
74.960000
75.110000
71.380000
72.440000
75.150000
74.960000
74.680000
75.870000
78.640000
78.870000
80.100000
79.260000
80.630000
79.560000
82.160000
81.690000
82.790000
85.570000
82.580000
84.530000
84.740000
85.280000
85.220000
84.100000
83.810000
83.410000
83.210000
83.630000
85.030000
86.000000
84.800000
84.460000
84.610000
83.130000
81.630000
81.410000
81.100000
79.600000
78.140000
79.430000
80.640000
80.600000
80.410000
80.250000
81.090000
80.480000
82.550000
83.280000
81.590000
79.300000
77.210000
77.530000
77.660000
78.880000
79.270000
78.760000
79.540000
78.210000
78.210000
77.020000
76.930000
76.900000
75.880000
77.900000
78.670000
80.330000
81.340000
82.480000
83.220000
83.310000
83.350000
83.920000
84.880000
84.860000
82.390000
81.710000
80.400000
79.070000
78.880000
76.010000
76.710000
75.420000
75.580000
72.990000
72.530000
73.320000
73.060000
73.090000
73.280000
71.400000
71.940000
73.680000
72.420000
72.120000
72.990000
72.690000
72.060000
71.970000
71.580000
72.790000
73.930000
74.070000
75.110000
73.870000
72.770000
72.540000
72.420000
72.500000
70.850000
70.450000
70.440000
71.100000
70.670000
72.030000
70.820000
69.700000
69.190000
66.260000
67.980000
65.390000
66.470000
65.490000
66.720000
66.740000
65.490000
65.500000
64.260000
65.090000
64.610000
63.680000
64.350000
64.520000
65.380000
65.950000
65.590000
66.700000
67.870000
68.670000
68.430000
66.940000
66.330000
66.940000
67.910000
68.940000
69.230000
68.860000
67.420000
65.620000
65.770000
65.220000
65.900000
66.980000
67.580000
67.050000
68.860000
67.680000
67.780000
68.490000
68.180000
69.160000
70.630000
70.210000
71.900000
71.220000
71.100000
69.470000
69.940000
68.460000
69.210000
69.980000
70.800000
70.590000
69.520000
69.530000
72.490000
73.430000
74.390000
76.420000
76.010000
76.070000
76.250000
76.800000
77.390000
76.930000
77.400000
76.210000
75.910000
76.720000
76.690000
76.190000
76.540000
73.620000
75.140000
77.870000
77.990000
78.000000
78.040000
79.090000
76.630000
75.900000
75.520000
76.200000
76.720000
77.880000
77.130000
77.330000
79.100000
78.780000
78.050000
78.300000
78.330000
78.250000
78.400000
80.030000
79.700000
80.710000
81.200000
82.940000
83.180000
85.200000
85.300000
84.970000
84.510000
85.470000
86.600000
87.840000
88.620000
87.200000
87.040000
87.810000
88.170000
87.740000
87.570000
86.760000
87.990000
88.650000
87.610000
86.730000
86.470000
88.490000
87.890000
86.960000
85.780000
86.740000
87.410000
89.430000
89.240000
90.420000
92.300000
94.330000
96.850000
96.310000
96.540000
97.910000
96.640000
96.700000
95.750000
95.630000
96.350000
97.060000
96.590000
96.520000
95.740000
94.110000
95.070000
95.700000
96.730000
96.940000
95.660000
96.940000
97.320000
98.200000
99.340000
99.880000
96.570000
96.210000
96.110000
95.110000
95.050000
97.830000
96.690000
96.710000
97.780000
97.840000
98.730000
99.800000
99.790000
98.820000
98.550000
98.100000
97.810000
98.810000
97.450000
94.700000
92.900000
93.850000
94.750000
94.760000
94.870000
94.970000
95.100000
94.190000
93.570000
94.670000
94.150000
94.010000
91.620000
92.530000
91.800000
90.670000
89.170000
89.230000
88.010000
87.070000
86.990000
87.260000
86.930000
85.320000
84.610000
84.930000
84.530000
83.150000
83.200000
82.100000
80.450000
78.230000
77.230000
77.100000
76.680000
75.980000
74.520000
73.290000
73.390000
75.350000
73.750000
72.070000
72.150000
71.580000
72.150000
70.010000
71.010000
72.560000
74.240000
71.310000
70.310000
68.390000
67.820000
66.800000
64.660000
62.720000
58.820000
58.840000
57.680000
56.890000
57.300000
56.700000
56.620000
55.190000
55.040000
53.100000
51.920000
51.430000
50.380000
49.680000
49.080000
48.120000
46.060000
45.750000
45.240000
44.000000
44.990000
42.970000
42.380000
41.550000
41.720000
41.990000
41.130000
41.030000
41.780000
40.080000
39.290000
39.940000
39.040000
38.040000
38.400000
37.370000
38.390000
40.210000
40.300000
40.040000
38.970000
37.890000
38.480000
38.970000
39.480000
39.210000
39.720000
41.380000
41.710000
40.140000
39.620000
39.860000
40.590000
39.790000
40.090000
40.810000
