-131.000000
-114.500000
-125.000000
-120.000000
-110.600000
-107.333333
-104.285714
-108.125000
-107.666667
-107.200000
-106.818182
-100.666667
-99.846154
-101.357143
-98.333333
-100.562500
-103.000000
-102.944444
-101.736842
-100.400000
-101.047619
-101.045455
-101.695652
-103.416667
-104.400000
-102.076923
-100.666667
-98.535714
-98.965517
-98.266667
-99.580645
-97.531250
-94.787879
-95.882353
-96.000000
-95.472222
-96.027027
-95.184211
-94.512821
-94.250000
-94.658537
-94.642857
-94.372093
-93.659091
-94.111111
-94.565217
-93.382979
-92.958333
-92.244898
-92.600000
-92.411765
-90.634615
-89.094340
-88.462963
-87.654545
-87.339286
-86.807018
-87.879310
-88.271186
-88.116667
-87.918033
-87.741935
-88.619048
-89.312500
-88.707692
-88.606061
-88.208955
-88.294118
-87.536232
-88.171429
-86.619718
-86.583333
-86.972603
-86.432432
-86.400000
-86.565789
-85.740260
-85.717949
-85.291139
-85.037500
-84.580247
-83.585366
-83.951807
-83.666667
-83.423529
-83.976744
-83.195402
-83.829545
-83.213483
-82.977778
-83.329670
-83.184783
-82.956989
-82.904255
-82.094737
-82.208333
-82.381443
-82.275510
-81.797980
-81.980000
-80.550000
-80.280000
-79.970000
-79.490000
-79.480000
-79.690000
-79.380000
-78.660000
-78.180000
-78.190000
-77.660000
-77.900000
-77.180000
-76.660000
-76.730000
-76.150000
-75.420000
-75.000000
-74.660000
-74.840000
-73.920000
-73.240000
-72.770000
-71.940000
-71.640000
-71.760000
-71.700000
-71.540000
-70.320000
-70.290000
-69.450000
-69.930000
-70.560000
-70.280000
-70.320000
-70.650000
-70.430000
-70.360000
-70.040000
-69.580000
-69.230000
-68.960000
-68.820000
-68.560000
-68.750000
-68.090000
-68.280000
-67.600000
-67.030000
-66.310000
-65.280000
-66.320000
-66.970000
-66.890000
-63.420000
-62.640000
-61.860000
-61.160000
-60.700000
-60.830000
-59.800000
-59.540000
-58.220000
-57.430000
-57.510000
-57.120000
-57.410000
-56.930000
-58.010000
-57.690000
-58.790000
-58.270000
-57.790000
-57.950000
-57.330000
-56.910000
-58.150000
-58.090000
-58.390000
-58.210000
-58.480000
-59.290000
-59.270000
-59.580000
-58.950000
-57.660000
-57.720000
-57.330000
-55.120000
-55.040000
-54.240000
-54.780000
-55.320000
-54.810000
-55.740000
-55.300000
-54.630000
-54.290000
-54.900000
-55.060000
-56.600000
-56.640000
-55.810000
-55.870000
-55.630000
-55.300000
-54.630000
-54.660000
-55.530000
-55.030000
-55.340000
-55.590000
-56.010000
-56.370000
-56.550000
-55.860000
-55.550000
-55.650000
-55.900000
-55.780000
-56.530000
-56.920000
-57.050000
-57.160000
-57.000000
-57.540000
-57.770000
-57.750000
-58.580000
-57.700000
-57.910000
-57.830000
-57.260000
-57.140000
-55.540000
-54.900000
-54.840000
-54.400000
-55.450000
-56.070000
-55.060000
-55.310000
-55.610000
-53.920000
-53.730000
-53.590000
-54.000000
-55.100000
-55.470000
-56.520000
-56.860000
-57.250000
-56.420000
-56.910000
-60.330000
-61.710000
-62.170000
-62.100000
-62.190000
-61.510000
-62.900000
-63.360000
-63.400000
-63.120000
-62.560000
-63.240000
-63.370000
-62.310000
-61.930000
-60.890000
-60.680000
-60.620000
-60.280000
-60.570000
-60.030000
-59.940000
-58.710000
-58.780000
-57.610000
-57.410000
-56.190000
-56.290000
-55.490000
-55.390000
-55.650000
-56.370000
-56.090000
-55.330000
-57.040000
-55.020000
-55.510000
-52.460000
-51.970000
-52.820000
-53.120000
-52.890000
-51.980000
-51.190000
-50.490000
-49.600000
-47.940000
-47.460000
-48.300000
-48.830000
-48.700000
-49.030000
-50.000000
-49.100000
-48.050000
-48.320000
-47.220000
-46.540000
-45.650000
-45.640000
-45.870000
-44.270000
-44.140000
-43.080000
-43.380000
-43.420000
-41.770000
-41.130000
-40.690000
-41.400000
-41.500000
-39.930000
-39.550000
-40.170000
-37.880000
-38.150000
-37.010000
-36.660000
-36.060000
-33.990000
-34.690000
-34.610000
-33.160000
-34.190000
-33.810000
-33.190000
-34.860000
-32.810000
-32.210000
-34.260000
-34.280000
-34.190000
-32.070000
-30.560000
-31.100000
-30.510000
-31.150000
-28.940000
-27.900000
-27.720000
-26.550000
-26.370000
-27.240000
-26.160000
-25.060000
-23.690000
-22.830000
-20.730000
-19.450000
-18.700000
-19.840000
-19.880000
-18.680000
-18.040000
-17.680000
-18.870000
-17.840000
-18.730000
-18.140000
-18.380000
-19.030000
-17.440000
-18.360000
-18.290000
-19.800000
-19.170000
-20.130000
-20.350000
-21.190000
-20.020000
-20.540000
-20.950000
-22.170000
-22.710000
-21.790000
-23.210000
-23.530000
-26.260000
-23.680000
-23.470000
-20.710000
-21.230000
-22.000000
-22.080000
-20.760000
-20.630000
-20.950000
-21.830000
-20.350000
-20.240000
-21.060000
-19.540000
-19.840000
-21.240000
-22.020000
-22.630000
-24.080000
-25.100000
-26.310000
-24.860000
-22.750000
-25.440000
-25.910000
-27.190000
-27.340000
-27.650000
-29.480000
-28.330000
-28.730000
-26.980000
-27.190000
-26.540000
-27.270000
-27.370000
-30.080000
-29.350000
-29.630000
-30.020000
-31.440000
-33.640000
-34.650000
-35.400000
-34.390000
-34.360000
-34.240000
-34.780000
-33.960000
-35.770000
-36.520000
-36.920000
-36.900000
-36.030000
-37.960000
-39.510000
-38.270000
-38.860000
-37.380000
-37.850000
-38.270000
-38.630000
-40.110000
-40.140000
-38.670000
-39.780000
-41.270000
-43.550000
-44.710000
-46.990000
-49.270000
-50.890000
-50.630000
-49.940000
-50.490000
-52.430000
-52.220000
-52.020000
-53.540000
-53.500000
-54.460000
-54.090000
-54.550000
-56.480000
-55.720000
-55.730000
-54.060000
-54.480000
-55.020000
-54.280000
-53.580000
-55.090000
-54.110000
-54.110000
-54.000000
-54.170000
-56.450000
-57.660000
-57.290000
-55.130000
-57.800000
-58.080000
-60.700000
-60.960000
-61.950000
-63.250000
-64.020000
-64.570000
-65.460000
-65.090000
-66.440000
-64.640000
-62.220000
-63.410000
-63.190000
-62.820000
-62.610000
-62.320000
-62.090000
-61.810000
-60.570000
-62.130000
-64.150000
-63.450000
-63.680000
-63.710000
-63.450000
-63.020000
-62.930000
-63.680000
-63.800000
-65.170000
-63.720000
-65.750000
-65.500000
-65.040000
-64.650000
-65.160000
-66.100000
-66.360000
-65.800000
-64.100000
-63.650000
-63.210000
-65.720000
-65.520000
-65.300000
-64.870000
-65.110000
-64.120000
-63.760000
-62.090000
-61.650000
-63.410000
-63.300000
-63.260000
-64.630000
-63.690000
-63.910000
-64.710000
-65.730000
-65.490000
-64.730000
-62.750000
-63.590000
-63.570000
-62.250000
-61.590000
-60.640000
-59.980000
-59.220000
-58.910000
-57.360000
-57.810000
-58.090000
-58.210000
-58.410000
-58.380000
-56.400000
-55.990000
-54.490000
-54.400000
-54.310000
-54.240000
-54.440000
-52.200000
-52.270000
-52.810000
-51.090000
-51.450000
-51.690000
-49.890000
-49.960000
-49.300000
-49.200000
-47.430000
-46.770000
-46.310000
-46.670000
-48.290000
-48.020000
-47.530000
-47.080000
-45.360000
-42.360000
-42.300000
-43.290000
-43.300000
-43.360000
-43.280000
-40.990000
-40.540000
-42.490000
-41.010000
-39.380000
-37.850000
-37.410000
-35.590000
-33.840000
-31.720000
-31.580000
-29.350000
-28.890000
-29.440000
-28.000000
-28.200000
-27.960000
-26.560000
-26.200000
-25.910000
-25.710000
-25.340000
-24.960000
-23.400000
-21.660000
-20.410000
-18.890000
-18.170000
-16.710000
-14.780000
-12.270000
-12.480000
-12.480000
-12.490000
-12.260000
-10.110000
-10.140000
-8.960000
-8.820000
-9.830000
-9.830000
-9.680000
-8.510000
-6.880000
-5.440000
-3.830000
-1.920000
-2.170000
-3.350000
-2.170000
-2.160000
-0.040000
-0.800000
-0.920000
-1.130000
-0.040000
0.880000
4.600000
4.290000
5.510000
8.210000
11.660000
11.900000
13.810000
13.700000
15.090000
16.300000
16.480000
16.540000
17.930000
17.610000
19.190000
21.010000
22.580000
22.020000
21.080000
19.940000
21.750000
21.640000
22.920000
24.740000
23.500000
24.570000
26.290000
28.150000
27.850000
28.910000
30.960000
33.080000
34.140000
33.900000
35.170000
39.320000
39.210000
37.880000
40.220000
40.450000
41.790000
41.980000
43.160000
42.480000
40.810000
42.090000
41.980000
42.450000
41.670000
41.330000
41.600000
41.940000
42.110000
42.470000
40.790000
43.650000
46.620000
45.980000
47.100000
48.870000
49.100000
50.300000
50.650000
52.810000
52.630000
52.610000
53.910000
54.220000
54.130000
53.950000
54.120000
54.150000
54.140000
52.640000
52.700000
53.960000
55.960000
57.160000
56.560000
58.350000
58.230000
59.970000
61.690000
63.130000
63.800000
62.410000
62.470000
63.270000
63.530000
63.600000
64.910000
66.190000
65.830000
66.460000
66.610000
68.000000
67.860000
69.200000
69.460000
67.510000
65.210000
67.430000
67.740000
66.330000
65.280000
65.080000
64.270000
66.480000
66.670000
68.290000
69.610000
69.530000
70.800000
71.810000
72.380000
71.660000
71.650000
74.250000
74.650000
76.040000
75.330000
74.950000
75.180000
75.790000
77.210000
76.370000
77.610000
77.150000
78.720000
78.860000
76.540000
76.400000
77.100000
78.560000
78.950000
76.680000
76.840000
77.110000
77.040000
80.400000
80.100000
82.450000
84.870000
84.660000
86.230000
86.950000
86.730000
87.000000
90.290000
91.710000
91.560000
91.270000
90.910000
90.990000
92.900000
90.870000
89.320000
89.120000
89.580000
92.310000
92.550000
93.020000
92.990000
92.450000
94.390000
94.180000
93.780000
92.970000
93.550000
93.290000
93.650000
94.580000
98.170000
97.750000
98.380000
98.620000
97.630000
97.490000
98.540000
97.820000
98.360000
97.770000
97.050000
98.750000
98.630000
98.880000
99.920000
98.860000
98.950000
100.820000
99.130000
98.970000
100.240000
100.570000
100.350000
99.970000
99.990000
101.160000
101.790000
103.530000
103.190000
102.210000
104.210000
103.670000
103.100000
103.000000
103.550000
103.190000
103.180000
101.400000
101.160000
101.350000
101.000000
98.390000
98.160000
98.210000
98.780000
97.730000
97.160000
100.950000
103.130000
103.390000
103.870000
102.530000
102.050000
103.310000
101.730000
103.950000
102.240000
101.890000
103.900000
103.430000
102.620000
103.670000
104.740000
102.440000
104.410000
105.810000
104.810000
102.200000
105.140000
103.910000
100.940000
101.480000
100.740000
99.850000
99.590000
98.620000
96.040000
97.220000
97.930000
98.320000
96.830000
98.640000
97.690000
99.500000
99.220000
100.020000
100.440000
96.820000
96.160000
95.680000
95.110000
95.570000
95.770000
97.060000
95.920000
96.370000
95.610000
96.520000
99.130000
98.710000
94.120000
98.960000
98.330000
97.760000
97.860000
97.480000
97.550000
101.410000
102.860000
104.450000
104.510000
103.080000
103.360000
105.460000
104.850000
105.010000
105.380000
103.740000
105.920000
106.820000
105.740000
106.030000
106.160000
107.490000
108.490000
108.680000
108.590000
106.570000
107.190000
107.930000
106.390000
107.170000
107.740000
108.400000
111.480000
110.720000
111.910000
113.930000
113.950000
115.380000
115.500000
117.070000
117.330000
117.200000
117.320000
118.700000
121.440000
118.150000
118.040000
118.630000
120.670000
124.000000
125.860000
125.780000
126.290000
127.820000
128.230000
129.440000
129.680000
129.660000
131.760000
130.340000
129.650000
132.270000
128.900000
127.640000
128.380000
129.360000
129.040000
