-109.000000
-113.000000
-109.666667
-101.750000
-103.200000
-104.000000
-103.571429
-102.250000
-102.000000
-101.100000
-100.272727
-101.083333
-99.538462
-100.142857
-100.200000
-100.625000
-102.117647
-101.666667
-99.315789
-97.300000
-96.380952
-94.090909
-95.000000
-93.958333
-94.640000
-95.384615
-97.148148
-96.000000
-94.068966
-94.766667
-95.419355
-95.843750
-96.606061
-97.029412
-97.400000
-97.416667
-97.324324
-97.210526
-97.179487
-95.100000
-95.048780
-95.523810
-94.441860
-94.159091
-93.933333
-92.608696
-92.319149
-92.395833
-92.530612
-92.500000
-93.509804
-93.903846
-94.622642
-94.888889
-93.400000
-93.321429
-92.771930
-92.793103
-93.152542
-92.433333
-92.606557
-92.612903
-91.571429
-90.562500
-90.307692
-89.530303
-89.776119
-89.367647
-90.101449
-89.385714
-89.112676
-89.402778
-89.767123
-89.905405
-89.213333
-88.513158
-86.870130
-87.217949
-87.911392
-86.875000
-86.876543
-87.085366
-86.578313
-85.976190
-85.917647
-86.174419
-86.494253
-86.806818
-86.370787
-85.922222
-85.681319
-85.043478
-85.107527
-84.882979
-84.736842
-84.500000
-85.103093
-85.132653
-84.626263
-84.660000
-84.150000
-83.770000
-83.750000
-83.640000
-83.100000
-83.180000
-83.050000
-83.200000
-82.750000
-82.670000
-82.590000
-82.620000
-82.960000
-82.380000
-81.810000
-81.690000
-81.420000
-81.410000
-80.740000
-80.700000
-80.830000
-81.180000
-80.740000
-81.240000
-80.630000
-79.970000
-79.430000
-79.930000
-80.690000
-79.740000
-79.550000
-79.210000
-78.940000
-78.630000
-78.210000
-78.360000
-78.060000
-77.900000
-78.090000
-78.340000
-78.190000
-78.040000
-78.500000
-78.620000
-78.650000
-79.470000
-79.510000
-79.400000
-78.890000
-77.960000
-77.080000
-76.890000
-75.640000
-75.130000
-75.900000
-76.000000
-75.450000
-75.120000
-74.690000
-74.530000
-74.500000
-74.120000
-75.280000
-75.310000
-74.310000
-74.160000
-73.610000
-73.320000
-71.930000
-72.580000
-73.030000
-72.060000
-71.200000
-71.350000
-72.110000
-72.450000
-72.500000
-71.260000
-70.740000
-71.390000
-71.310000
-70.470000
-70.920000
-71.600000
-71.810000
-71.280000
-71.130000
-70.770000
-70.950000
-71.030000
-71.340000
-71.730000
-71.770000
-71.620000
-71.290000
-71.680000
-71.300000
-70.940000
-71.380000
-71.410000
-71.620000
-71.870000
-71.810000
-71.960000
-72.310000
-71.530000
-71.810000
-71.670000
-70.760000
-70.300000
-69.440000
-69.340000
-68.750000
-69.300000
-69.790000
-70.000000
-69.950000
-69.390000
-70.640000
-70.320000
-70.560000
-69.540000
-69.640000
-68.930000
-69.470000
-69.480000
-69.080000
-68.840000
-68.580000
-69.420000
-68.850000
-68.490000
-68.330000
-68.550000
-68.910000
-68.390000
-68.660000
-69.050000
-68.940000
-69.390000
-69.770000
-69.810000
-69.920000
-70.140000
-70.070000
-69.410000
-69.740000
-70.050000
-70.620000
-71.280000
-71.880000
-72.090000
-72.830000
-72.840000
-73.370000
-73.420000
-74.160000
-74.710000
-75.140000
-75.960000
-76.110000
-76.710000
-76.440000
-77.070000
-78.490000
-79.300000
-79.950000
-80.570000
-81.610000
-81.720000
-81.730000
-82.760000
-82.950000
-82.850000
-82.870000
-83.330000
-84.820000
-86.080000
-86.340000
-86.690000
-87.060000
-88.020000
-87.760000
-87.880000
-88.020000
-88.930000
-89.090000
-89.360000
-89.860000
-90.380000
-90.590000
-91.090000
-91.140000
-91.810000
-92.470000
-92.620000
-92.630000
-93.340000
-93.500000
-93.630000
-94.000000
-94.120000
-94.210000
-94.550000
-94.810000
-95.470000
-95.470000
-95.690000
-97.090000
-97.850000
-98.820000
-99.220000
-99.820000
-99.810000
-99.550000
-99.400000
-99.620000
-100.300000
-100.310000
-101.240000
-101.140000
-102.510000
-102.450000
-102.880000
-103.000000
-103.150000
-103.820000
-104.120000
-104.170000
-104.070000
-104.310000
-104.970000
-104.850000
-104.380000
-104.600000
-105.040000
-105.060000
-104.810000
-104.930000
-105.230000
-105.220000
-105.330000
-105.400000
-105.370000
-105.450000
-105.420000
-104.900000
-104.950000
-105.060000
-105.200000
-104.880000
-104.560000
-104.590000
-104.670000
-103.900000
-103.640000
-103.380000
-103.280000
-102.690000
-102.190000
-101.710000
-101.340000
-100.840000
-100.570000
-100.570000
-100.410000
-100.140000
-99.980000
-99.970000
-100.160000
-100.040000
-100.030000
-100.450000
-99.950000
-99.340000
-99.120000
-98.620000
-98.010000
-98.090000
-97.820000
-97.440000
-97.070000
-97.340000
-97.090000
-97.120000
-96.700000
-96.500000
-96.340000
-96.090000
-95.810000
-95.560000
-95.270000
-94.590000
-93.980000
-93.490000
-92.880000
-92.700000
-92.340000
-92.430000
-92.060000
-91.690000
-91.570000
-91.170000
-90.920000
-90.800000
-90.800000
-90.520000
-90.230000
-90.230000
-89.970000
-89.890000
-89.350000
-89.230000
-88.830000
-88.710000
-88.250000
-88.000000
-87.740000
-87.370000
-86.530000
-86.040000
-86.010000
-86.050000
-85.680000
-85.160000
-85.430000
-84.820000
-84.280000
-83.880000
-83.730000
-83.650000
-83.150000
-83.040000
-83.040000
-82.320000
-82.050000
-81.630000
-81.260000
-80.650000
-80.060000
-79.410000
-79.210000
-78.630000
-78.650000
-78.320000
-78.500000
-79.010000
-78.570000
-77.960000
-77.930000
-78.000000
-77.710000
-77.370000
-77.210000
-77.050000
-77.180000
-77.170000
-76.650000
-76.650000
-76.870000
-76.750000
-76.640000
-76.650000
-76.660000
-76.040000
-75.690000
-75.350000
-75.460000
-74.850000
-74.010000
-73.510000
-73.000000
-72.840000
-72.840000
-72.930000
-73.030000
-73.120000
-73.320000
-72.510000
-72.400000
-72.370000
-72.370000
-72.130000
-72.120000
-71.480000
-71.100000
-70.700000
-70.360000
-70.110000
-69.880000
-69.520000
-69.200000
-69.310000
-69.670000
-69.660000
-69.500000
-69.120000
-69.410000
-68.760000
-68.640000
-68.290000
-68.040000
-67.940000
-67.880000
-67.390000
-67.140000
-67.170000
-66.850000
-66.600000
-66.260000
-66.300000
-65.840000
-65.340000
-65.250000
-65.510000
-65.510000
-65.510000
-65.620000
-65.380000
-65.610000
-65.960000
-65.020000
-64.870000
-64.510000
-64.410000
-63.930000
-64.540000
-64.300000
-64.180000
-63.930000
-63.890000
-63.980000
-64.380000
-64.220000
-64.530000
-64.300000
-64.340000
-64.350000
-64.710000
-65.200000
-65.610000
-65.450000
-65.810000
-65.210000
-65.210000
-65.120000
-64.520000
-64.300000
-64.290000
-64.090000
-64.030000
-63.870000
-64.410000
-64.330000
-64.490000
-64.120000
-63.970000
-64.590000
-64.470000
-64.440000
-64.280000
-64.000000
-63.870000
-63.590000
-63.440000
-64.050000
-63.890000
-63.840000
-63.800000
-63.720000
-63.730000
-63.630000
-63.670000
-63.670000
-63.580000
-63.090000
-62.770000
-62.870000
-62.830000
-62.550000
-62.280000
-61.880000
-61.800000
-61.810000
-61.800000
-60.940000
-61.290000
-61.290000
-61.530000
-60.810000
-60.850000
-61.210000
-61.690000
-61.290000
-61.290000
-61.390000
-61.800000
-61.540000
-61.690000
-61.680000
-61.670000
-61.430000
-61.440000
-61.260000
-61.210000
-61.370000
-61.500000
-61.660000
-60.620000
-60.860000
-60.490000
-59.350000
-59.590000
-59.800000
-59.540000
-59.420000
-59.300000
-58.910000
-59.260000
-59.220000
-58.820000
-59.120000
-59.170000
-58.990000
-58.840000
-58.800000
-57.730000
-57.840000
-57.920000
-57.770000
-57.650000
-57.400000
-56.910000
-57.210000
-57.510000
-57.350000
-57.400000
-57.140000
-57.020000
-56.560000
-56.690000
-56.810000
-56.940000
-56.660000
-56.210000
-56.700000
-56.700000
-56.540000
-56.390000
-56.230000
-55.770000
-55.880000
-55.340000
-55.300000
-55.030000
-54.880000
-54.880000
-54.110000
-53.870000
-53.410000
-53.210000
-53.160000
-53.380000
-53.920000
-53.870000
-53.540000
-51.860000
-51.440000
-51.440000
-51.200000
-50.970000
-51.510000
-51.490000
-51.880000
-51.650000
-50.390000
-50.500000
-50.090000
-50.450000
-49.970000
-49.110000
-49.300000
-49.050000
-48.290000
-46.310000
-46.900000
-46.390000
-46.230000
-45.620000
-46.180000
-45.980000
-44.990000
-44.510000
-44.400000
-43.730000
-43.790000
-43.270000
-42.560000
-42.210000
-42.260000
-42.220000
-42.060000
-42.220000
-41.930000
-41.580000
-39.450000
-38.600000
-38.150000
-38.430000
-37.670000
-35.950000
-36.880000
-36.580000
-35.000000
-34.900000
-35.140000
-34.700000
-34.220000
-33.350000
-33.110000
-31.180000
-31.070000
-30.570000
-31.000000
-30.880000
-31.140000
-31.440000
-31.090000
-30.820000
-29.250000
-27.460000
-27.510000
-27.080000
-26.770000
-26.060000
-24.490000
-24.150000
-24.010000
-22.040000
-20.630000
-20.440000
-20.080000
-19.710000
-18.500000
-18.730000
-18.260000
-16.530000
-14.960000
-14.830000
-14.900000
-15.550000
-13.870000
-13.720000
-14.000000
-13.870000
-13.510000
-13.550000
-13.430000
-13.370000
-11.690000
-10.680000
-9.510000
-7.920000
-5.810000
-6.020000
-5.890000
-6.350000
-6.370000
-6.650000
-5.280000
-4.140000
-3.610000
-3.390000
-3.010000
-1.510000
-1.040000
-0.650000
-0.760000
-0.580000
-1.220000
-2.150000
-2.120000
-0.950000
0.140000
-0.470000
-0.630000
-1.310000
0.260000
1.730000
3.300000
4.520000
4.110000
3.990000
3.720000
4.420000
5.910000
5.850000
5.370000
6.380000
7.790000
9.360000
9.300000
10.840000
12.400000
13.730000
13.730000
15.210000
14.800000
14.280000
13.640000
11.790000
11.860000
12.310000
12.670000
13.950000
15.560000
15.240000
16.100000
17.070000
18.520000
17.070000
18.270000
19.400000
20.670000
22.000000
23.710000
23.550000
24.680000
25.860000
25.620000
25.150000
24.920000
24.280000
25.610000
27.000000
26.650000
27.730000
28.820000
28.580000
28.580000
30.370000
31.750000
33.250000
33.240000
34.510000
36.020000
34.390000
32.660000
33.870000
33.780000
34.150000
33.910000
35.200000
36.920000
38.010000
39.100000
40.600000
41.940000
43.140000
41.300000
41.430000
41.550000
41.780000
41.550000
43.160000
44.920000
43.540000
42.850000
44.350000
44.230000
44.470000
43.880000
43.880000
43.880000
43.770000
43.660000
44.860000
46.480000
48.000000
47.730000
47.610000
49.230000
47.850000
46.360000
46.600000
48.220000
50.360000
50.250000
50.140000
48.410000
48.650000
48.430000
48.160000
48.040000
46.660000
45.050000
44.950000
44.950000
45.200000
45.450000
45.340000
45.240000
43.860000
42.130000
41.890000
41.770000
39.930000
40.040000
41.660000
43.390000
45.130000
44.900000
46.000000
45.890000
44.510000
43.020000
43.140000
41.760000
40.270000
38.540000
38.020000
38.270000
37.540000
36.160000
36.160000
36.170000
37.780000
37.910000
37.910000
37.790000
37.920000
39.540000
41.270000
39.650000
38.140000
36.760000
35.390000
33.900000
32.410000
32.650000
32.540000
32.530000
32.640000
32.770000
32.900000
33.030000
32.930000
32.930000
33.050000
33.810000
33.930000
32.320000
30.830000
29.230000
27.850000
27.860000
27.850000
27.730000
26.110000
27.730000
27.960000
26.150000
24.540000
24.660000
24.660000
24.650000
26.270000
28.470000
28.580000
28.580000
28.470000
30.790000
32.290000
33.910000
33.900000
33.890000
33.910000
33.910000
34.030000
35.790000
37.530000
37.410000
39.020000
40.630000
39.010000
37.380000
35.760000
34.140000
34.020000
35.520000
33.900000
35.520000
37.290000
39.150000
40.770000
42.510000
42.510000
42.630000
42.630000
41.010000
