-70.000000
-74.000000
-84.333333
-83.500000
-81.600000
-82.833333
-79.428571
-77.375000
-84.555556
-86.200000
-91.545455
-92.333333
-89.615385
-86.357143
-86.400000
-83.937500
-82.705882
-81.666667
-83.315789
-84.200000
-84.809524
-84.318182
-86.217391
-85.625000
-86.680000
-84.807692
-85.518519
-86.214286
-86.344828
-84.466667
-84.451613
-83.812500
-82.090909
-80.235294
-79.371429
-77.694444
-77.081081
-75.552632
-75.538462
-75.525000
-74.341463
-73.023810
-73.069767
-71.840909
-70.666667
-69.543478
-68.468085
-67.437500
-68.000000
-67.020000
-65.686275
-64.403846
-63.339623
-62.351852
-62.200000
-63.142857
-63.350877
-62.241379
-62.016949
-60.966667
-59.754098
-60.225806
-60.682540
-60.500000
-60.600000
-59.666667
-59.895522
-58.985294
-59.797101
-59.085714
-58.225352
-57.569444
-57.452055
-56.662162
-56.906667
-56.802632
-57.038961
-56.230769
-56.468354
-55.962500
-56.197531
-55.743902
-56.216867
-56.928571
-57.494118
-57.058140
-57.724138
-58.386364
-58.685393
-59.311111
-59.362637
-59.858696
-59.161290
-59.765957
-59.084211
-59.458333
-60.041237
-58.673469
-59.252525
-59.810000
-60.270000
-60.640000
-59.640000
-59.980000
-60.400000
-60.260000
-59.870000
-59.880000
-59.620000
-59.770000
-59.480000
-59.210000
-59.490000
-59.790000
-60.080000
-60.460000
-60.990000
-61.400000
-61.120000
-61.270000
-61.460000
-61.670000
-61.410000
-61.530000
-61.250000
-62.030000
-62.160000
-62.060000
-62.110000
-62.650000
-62.660000
-63.070000
-63.750000
-63.890000
-63.680000
-64.330000
-64.760000
-65.210000
-65.100000
-64.430000
-65.510000
-66.270000
-66.040000
-66.740000
-67.600000
-68.360000
-68.660000
-69.420000
-69.230000
-69.910000
-70.400000
-70.900000
-71.690000
-72.130000
-72.080000
-72.010000
-72.250000
-73.320000
-73.380000
-73.870000
-74.880000
-74.750000
-74.740000
-74.730000
-74.440000
-75.320000
-74.940000
-75.450000
-75.170000
-75.940000
-76.450000
-77.210000
-77.590000
-78.590000
-78.320000
-77.810000
-77.450000
-78.590000
-78.710000
-79.430000
-79.550000
-80.120000
-79.240000
-78.460000
-77.500000
-78.520000
-77.960000
-78.010000
-78.050000
-77.770000
-77.500000
-77.240000
-77.960000
-77.240000
-77.360000
-76.370000
-75.450000
-77.100000
-76.850000
-76.490000
-76.240000
-75.880000
-76.870000
-76.760000
-76.150000
-76.440000
-77.150000
-77.550000
-76.940000
-76.350000
-76.100000
-76.270000
-75.970000
-75.900000
-75.670000
-75.730000
-75.610000
-75.110000
-75.300000
-75.050000
-74.680000
-74.700000
-74.470000
-74.310000
-74.380000
-73.890000
-73.630000
-73.590000
-73.810000
-73.040000
-72.980000
-72.600000
-72.440000
-72.900000
-73.400000
-73.350000
-73.390000
-73.890000
-74.160000
-74.870000
-74.300000
-74.140000
-74.530000
-74.550000
-74.410000
-74.250000
-74.550000
-74.270000
-74.300000
-74.220000
-74.650000
-74.950000
-74.750000
-75.120000
-75.420000
-75.130000
-75.350000
-75.200000
-75.560000
-75.990000
-75.780000
-75.810000
-75.840000
-76.030000
-76.440000
-76.360000
-76.900000
-77.080000
-77.120000
-77.040000
-77.220000
-77.260000
-76.710000
-76.630000
-76.820000
-77.750000
-78.040000
-77.860000
-77.900000
-77.700000
-77.740000
-77.890000
-78.730000
-78.670000
-79.250000
-78.590000
-78.560000
-78.260000
-78.280000
-78.310000
-78.520000
-78.400000
-78.400000
-78.500000
-79.560000
-80.390000
-80.940000
-80.940000
-80.490000
-80.370000
-80.280000
-80.420000
-80.170000
-79.920000
-80.410000
-80.150000
-80.150000
-79.910000
-79.810000
-80.030000
-79.550000
-78.680000
-78.560000
-78.680000
-78.220000
-77.740000
-77.240000
-77.490000
-77.310000
-77.050000
-77.040000
-76.630000
-76.620000
-76.850000
-76.850000
-76.520000
-75.950000
-75.380000
-74.500000
-75.300000
-75.550000
-75.790000
-75.160000
-74.820000
-74.700000
-74.200000
-73.520000
-72.570000
-72.000000
-71.550000
-71.110000
-71.360000
-70.900000
-70.180000
-69.740000
-69.110000
-68.510000
-68.400000
-67.950000
-67.980000
-67.520000
-66.920000
-66.400000
-65.780000
-65.420000
-64.920000
-63.670000
-62.750000
-60.440000
-58.280000
-58.190000
-56.280000
-55.750000
-55.170000
-54.180000
-53.950000
-53.230000
-52.790000
-50.950000
-50.350000
-49.630000
-48.660000
-48.680000
-47.830000
-47.240000
-45.270000
-44.780000
-43.760000
-42.850000
-42.490000
-41.690000
-41.100000
-40.550000
-40.090000
-39.510000
-39.290000
-39.180000
-38.460000
-37.580000
-36.870000
-36.110000
-34.040000
-34.260000
-34.060000
-33.100000
-32.410000
-31.470000
-30.500000
-30.120000
-29.640000
-29.860000
-29.600000
-29.400000
-28.950000
-27.780000
-26.830000
-25.860000
-25.620000
-25.840000
-25.830000
-25.490000
-25.610000
-25.270000
-23.440000
-23.420000
-22.910000
-22.800000
-22.430000
-21.860000
-21.640000
-21.340000
-21.120000
-20.270000
-20.030000
-20.010000
-19.770000
-19.990000
-19.640000
-19.890000
-18.880000
-17.750000
-16.740000
-16.480000
-16.110000
-15.270000
-14.950000
-15.170000
-15.540000
-15.740000
-15.940000
-16.050000
-13.980000
-13.420000
-13.790000
-13.250000
-13.540000
-12.610000
-12.320000
-10.780000
-9.800000
-9.640000
-9.360000
-9.800000
-10.060000
-9.460000
-9.920000
-9.730000
-9.690000
-11.540000
-13.130000
-11.150000
-12.860000
-12.800000
-13.160000
-13.810000
-13.220000
-12.870000
-12.620000
-13.940000
-14.880000
-14.940000
-15.450000
-15.540000
-16.040000
-16.410000
-17.920000
-17.910000
-17.960000
-18.570000
-18.810000
-19.150000
-19.280000
-19.260000
-19.850000
-19.790000
-18.000000
-18.000000
-17.850000
-17.790000
-18.150000
-18.090000
-19.250000
-17.490000
-17.600000
-17.580000
-18.040000
-18.750000
-18.740000
-17.170000
-16.920000
-16.220000
-14.120000
-13.270000
-12.020000
-12.100000
-12.370000
-12.460000
-12.350000
-11.630000
-10.610000
-10.620000
-9.730000
-10.090000
-10.240000
-9.620000
-9.740000
-9.370000
-8.830000
-8.380000
-8.000000
-7.630000
-7.740000
-7.780000
-7.020000
-6.160000
-6.110000
-5.310000
-5.370000
-4.730000
-4.890000
-5.540000
-6.200000
-6.230000
-5.980000
-5.980000
-5.860000
-5.850000
-5.170000
-3.220000
-2.490000
-1.890000
-3.370000
-3.500000
-3.210000
-3.080000
-2.560000
-3.170000
-2.020000
-3.150000
-3.320000
-2.940000
-2.950000
-2.410000
-1.860000
-1.970000
-1.290000
-1.520000
-0.840000
0.980000
1.520000
0.000000
0.500000
0.790000
0.990000
1.500000
1.310000
0.810000
0.900000
1.100000
2.220000
2.320000
3.550000
4.110000
4.910000
5.390000
5.970000
6.300000
6.310000
6.960000
7.610000
8.920000
9.550000
9.820000
10.430000
12.000000
11.940000
12.790000
12.770000
12.690000
13.340000
13.260000
13.440000
12.670000
13.040000
13.370000
13.980000
14.310000
14.410000
12.810000
12.940000
13.270000
11.930000
11.850000
10.950000
10.930000
10.960000
12.360000
12.710000
12.760000
12.510000
12.540000
11.910000
13.290000
12.230000
12.190000
12.060000
12.310000
12.330000
12.280000
12.350000
12.650000
13.120000
13.200000
13.090000
13.300000
13.490000
14.130000
14.350000
14.320000
15.390000
16.130000
16.810000
16.930000
16.830000
16.820000
16.730000
17.280000
17.260000
15.920000
15.780000
18.010000
18.330000
18.440000
18.870000
18.600000
18.570000
18.520000
17.690000
17.600000
17.650000
17.690000
17.710000
17.780000
17.820000
17.860000
18.090000
18.000000
17.410000
17.340000
17.280000
18.710000
19.100000
19.180000
21.070000
21.140000
21.430000
22.540000
22.530000
22.640000
22.620000
23.500000
22.740000
22.530000
22.390000
22.730000
23.010000
22.980000
22.880000
22.990000
23.100000
22.340000
22.520000
22.680000
22.650000
21.200000
19.950000
19.540000
19.720000
19.770000
19.780000
22.370000
21.780000
21.780000
21.970000
21.860000
24.210000
24.640000
24.660000
25.240000
25.190000
25.120000
25.160000
25.190000
25.290000
25.310000
25.400000
24.110000
24.330000
25.750000
26.190000
28.710000
28.780000
28.070000
29.940000
31.280000
31.390000
31.250000
31.220000
31.010000
30.890000
30.820000
33.380000
33.430000
33.630000
34.850000
36.350000
35.400000
35.270000
35.230000
35.700000
35.470000
35.470000
35.320000
35.370000
35.490000
35.590000
35.620000
35.550000
35.590000
38.830000
36.540000
37.390000
37.310000
37.340000
38.770000
38.840000
39.010000
39.370000
39.590000
39.680000
39.570000
38.330000
38.260000
38.630000
38.590000
39.200000
39.450000
39.410000
38.290000
38.310000
37.110000
39.050000
39.150000
37.670000
37.630000
37.640000
37.330000
37.340000
37.560000
37.880000
38.750000
38.870000
40.230000
40.290000
42.700000
42.470000
43.930000
44.650000
45.920000
46.080000
45.730000
45.250000
45.560000
45.500000
45.330000
46.470000
46.660000
46.810000
47.010000
48.120000
45.450000
45.840000
48.430000
48.420000
48.420000
46.270000
46.070000
45.880000
45.610000
45.600000
45.620000
47.610000
47.410000
47.410000
47.470000
47.630000
47.740000
47.640000
47.740000
47.440000
46.090000
46.010000
46.490000
44.920000
43.530000
43.760000
43.770000
45.810000
46.030000
47.550000
47.580000
45.550000
45.550000
45.480000
44.280000
42.680000
42.910000
44.510000
44.620000
43.080000
43.220000
43.140000
43.290000
43.360000
42.930000
43.340000
44.600000
44.500000
44.160000
42.570000
42.680000
42.060000
44.850000
44.780000
43.840000
44.060000
43.820000
44.300000
45.450000
45.370000
48.130000
51.660000
51.500000
51.150000
52.730000
52.800000
53.030000
52.970000
56.030000
58.090000
63.570000
61.420000
61.240000
62.540000
62.750000
62.790000
64.650000
66.900000
66.830000
66.340000
67.300000
67.480000
66.490000
66.480000
64.670000
67.290000
67.180000
66.680000
65.380000
65.140000
65.550000
65.510000
66.790000
68.140000
71.170000
70.130000
70.130000
69.940000
69.700000
68.570000
68.620000
68.830000
66.390000
67.880000
67.920000
67.890000
67.890000
67.970000
67.880000
67.680000
66.790000
64.840000
65.230000
65.510000
65.600000
65.920000
67.350000
68.260000
69.080000
69.910000
69.200000
71.540000
71.710000
74.700000
74.680000
74.520000
74.890000
72.960000
72.930000
75.040000
75.020000
77.250000
80.570000
82.320000
82.710000
82.860000
83.660000
83.250000
83.550000
84.940000
85.310000
85.420000
85.730000
89.220000
91.370000
90.950000
93.400000
93.680000
94.050000
93.230000
94.430000
96.080000
93.230000
94.970000
95.790000
96.400000
96.570000
95.570000
96.480000
97.540000
94.960000
96.280000
100.120000
102.740000
102.320000
101.690000
102.660000
102.680000
99.570000
97.940000
95.290000
95.370000
95.640000
94.440000
94.350000
95.400000
94.130000
91.950000
93.230000
93.410000
90.820000
92.480000
92.670000
92.630000
95.090000
93.280000
94.130000
97.470000
99.930000
101.620000
101.520000
102.600000
101.080000
102.540000
100.150000
101.990000
102.260000
102.230000
103.030000
105.460000
107.820000
108.630000
110.850000
112.120000
112.820000
112.740000
114.990000
115.040000
119.630000
120.990000
