-65.000000
-90.000000
-97.666667
-102.000000
-90.600000
-81.666667
-80.571429
-84.875000
-86.666667
-88.700000
-91.000000
-87.583333
-90.230769
-88.857143
-85.800000
-83.562500
-84.882353
-84.833333
-87.000000
-85.050000
-83.761905
-83.954545
-83.739130
-83.333333
-84.600000
-82.423077
-82.481481
-82.214286
-83.482759
-82.366667
-82.096774
-83.125000
-83.060606
-83.588235
-83.314286
-84.083333
-85.432432
-85.894737
-85.487179
-84.900000
-84.853659
-85.261905
-84.604651
-84.954545
-83.177778
-83.543478
-83.978723
-84.416667
-82.061224
-83.280000
-82.686275
-82.057692
-81.735849
-81.425926
-80.781818
-81.714286
-81.736842
-81.500000
-82.084746
-83.000000
-82.360656
-81.645161
-80.095238
-79.890625
-79.753846
-79.227273
-80.194030
-80.955882
-81.014493
-80.828571
-81.169014
-81.472222
-81.917808
-81.324324
-80.840000
-80.473684
-80.779221
-80.961538
-78.772152
-78.262500
-77.925926
-77.756098
-77.361446
-77.500000
-77.235294
-77.546512
-77.103448
-77.022727
-77.112360
-76.800000
-76.483516
-75.750000
-76.118280
-76.691489
-76.778947
-77.031250
-77.278351
-77.836735
-78.484848
-78.430000
-78.700000
-78.120000
-77.710000
-76.730000
-77.400000
-77.880000
-77.710000
-76.610000
-76.390000
-76.080000
-76.070000
-76.460000
-75.300000
-75.210000
-75.680000
-75.500000
-75.380000
-75.960000
-75.540000
-75.730000
-75.640000
-74.830000
-74.510000
-74.810000
-74.670000
-74.230000
-74.830000
-75.520000
-74.710000
-74.840000
-75.030000
-74.270000
-73.470000
-72.610000
-72.800000
-72.210000
-71.780000
-70.970000
-70.440000
-70.760000
-70.200000
-68.610000
-69.190000
-68.790000
-68.940000
-67.910000
-68.020000
-67.510000
-68.900000
-67.320000
-67.200000
-67.430000
-67.140000
-67.010000
-67.670000
-66.670000
-66.990000
-67.240000
-67.510000
-66.880000
-67.490000
-67.680000
-68.250000
-68.080000
-67.570000
-67.880000
-66.890000
-65.950000
-65.670000
-65.230000
-64.330000
-63.990000
-63.780000
-63.870000
-64.470000
-63.640000
-63.540000
-62.240000
-64.310000
-64.040000
-64.210000
-64.060000
-63.510000
-62.920000
-62.910000
-62.560000
-62.880000
-63.220000
-63.420000
-63.970000
-64.940000
-64.630000
-63.070000
-62.020000
-61.250000
-60.690000
-59.980000
-59.340000
-57.900000
-57.370000
-57.490000
-57.690000
-58.130000
-58.440000
-58.110000
-58.210000
-57.870000
-57.950000
-57.800000
-58.090000
-57.920000
-57.160000
-57.660000
-58.150000
-58.180000
-58.460000
-58.950000
-57.810000
-57.550000
-56.520000
-56.210000
-57.120000
-57.660000
-57.150000
-57.140000
-57.190000
-56.630000
-55.270000
-55.440000
-54.470000
-54.350000
-55.280000
-55.040000
-55.570000
-54.470000
-54.950000
-53.730000
-54.550000
-55.680000
-54.730000
-55.510000
-55.960000
-55.790000
-56.190000
-55.630000
-56.770000
-55.160000
-55.620000
-55.770000
-55.680000
-54.860000
-54.620000
-53.710000
-53.980000
-53.630000
-54.240000
-53.450000
-53.780000
-52.190000
-52.450000
-52.560000
-51.520000
-51.930000
-52.680000
-52.740000
-53.060000
-53.720000
-53.030000
-52.100000
-52.980000
-51.700000
-51.410000
-50.850000
-50.990000
-49.900000
-50.860000
-51.070000
-52.340000
-51.850000
-52.640000
-51.610000
-51.910000
-53.060000
-53.880000
-53.880000
-54.300000
-54.630000
-54.640000
-52.490000
-51.340000
-51.340000
-52.200000
-52.790000
-51.410000
-52.370000
-53.040000
-52.050000
-52.490000
-53.550000
-54.510000
-53.560000
-53.710000
-53.660000
-54.290000
-54.660000
-54.830000
-53.700000
-52.690000
-51.590000
-51.590000
-50.500000
-51.040000
-51.530000
-50.320000
-50.540000
-51.050000
-48.850000
-47.670000
-47.220000
-47.960000
-48.650000
-48.370000
-48.310000
-48.940000
-48.430000
-49.460000
-49.930000
-51.190000
-51.470000
-53.010000
-52.700000
-52.170000
-53.060000
-53.430000
-54.190000
-54.130000
-55.380000
-55.490000
-55.110000
-54.460000
-53.000000
-52.350000
-52.530000
-52.640000
-54.050000
-53.430000
-54.440000
-53.380000
-51.090000
-51.720000
-53.180000
-51.670000
-52.350000
-52.680000
-52.520000
-51.200000
-50.180000
-48.020000
-47.760000
-47.020000
-46.780000
-47.630000
-46.430000
-44.440000
-44.560000
-44.140000
-42.650000
-42.550000
-43.290000
-41.810000
-41.840000
-42.110000
-42.180000
-41.160000
-40.460000
-39.380000
-38.360000
-37.040000
-36.860000
-34.920000
-36.080000
-34.880000
-34.650000
-32.520000
-31.210000
-30.480000
-28.780000
-26.670000
-27.350000
-27.340000
-25.470000
-25.470000
-24.930000
-25.020000
-23.570000
-23.240000
-24.480000
-22.950000
-21.490000
-20.710000
-21.730000
-21.620000
-19.470000
-17.320000
-15.420000
-13.530000
-14.980000
-16.130000
-15.930000
-13.820000
-14.330000
-14.150000
-13.890000
-15.110000
-13.290000
-12.560000
-13.710000
-15.770000
-14.580000
-14.580000
-14.090000
-13.770000
-11.760000
-11.260000
-11.690000
-10.650000
-8.400000
-8.180000
-6.030000
-4.050000
-2.810000
-3.140000
-2.060000
-0.750000
-1.280000
-1.260000
-1.240000
-1.210000
-1.410000
-2.450000
-3.980000
-4.470000
-3.690000
-1.840000
-0.510000
-0.550000
-1.120000
-0.910000
-2.640000
-2.240000
-0.130000
-0.090000
1.050000
2.780000
4.450000
2.920000
2.950000
1.500000
-0.070000
-0.360000
0.010000
-0.280000
0.400000
-1.460000
-1.570000
-1.440000
-1.360000
-2.100000
-0.680000
-0.300000
-1.610000
-0.660000
-0.770000
-2.300000
-2.500000
-2.660000
-2.860000
-3.980000
-3.110000
-3.460000
-2.390000
-2.440000
-2.560000
-2.940000
-3.350000
-2.610000
-2.810000
-4.580000
-5.260000
-4.370000
-4.870000
-3.570000
-3.200000
-3.700000
-4.660000
-4.290000
-3.600000
-4.680000
-5.840000
-5.270000
-3.830000
-3.170000
-3.360000
-3.670000
-4.740000
-6.370000
-4.800000
-4.770000
-5.260000
-6.990000
-6.390000
-6.810000
-5.280000
-4.820000
-5.030000
-5.150000
-4.080000
-3.830000
-5.200000
-5.740000
-4.730000
-3.450000
-3.940000
-3.660000
-2.250000
-1.740000
-2.010000
-1.040000
-3.060000
-4.390000
-4.400000
-3.900000
-3.310000
-3.180000
-1.290000
0.380000
0.600000
2.540000
4.050000
3.930000
4.500000
5.230000
5.110000
3.750000
4.360000
5.250000
5.670000
5.670000
5.430000
4.850000
3.290000
1.730000
1.540000
1.970000
0.680000
0.930000
-0.670000
-1.030000
-0.380000
-0.740000
-1.100000
-0.970000
-1.200000
0.310000
-0.120000
-0.510000
-0.420000
0.800000
0.650000
-1.000000
-1.710000
-1.090000
0.470000
2.150000
1.110000
-0.070000
0.990000
2.600000
3.110000
2.950000
4.230000
4.760000
6.760000
7.720000
8.250000
8.910000
9.460000
11.190000
11.320000
11.570000
11.140000
11.500000
9.800000
8.340000
9.780000
9.970000
10.170000
11.230000
13.030000
12.340000
13.030000
13.950000
14.160000
14.170000
15.370000
17.360000
16.900000
18.150000
18.640000
20.570000
21.360000
23.290000
23.570000
25.490000
25.690000
25.690000
25.890000
27.810000
29.140000
31.070000
31.450000
31.570000
32.020000
33.290000
33.820000
33.960000
34.220000
34.440000
36.270000
38.090000
38.020000
39.650000
39.680000
40.300000
40.540000
40.520000
41.880000
40.420000
39.530000
41.160000
41.210000
40.940000
40.520000
40.640000
39.000000
38.140000
39.860000
40.330000
41.990000
41.800000
43.260000
45.670000
46.110000
45.840000
46.810000
48.840000
48.830000
51.000000
52.520000
54.180000
56.350000
58.160000
58.070000
58.420000
60.110000
62.950000
63.420000
63.190000
63.440000
65.010000
66.310000
66.540000
66.810000
66.980000
66.730000
68.660000
67.010000
67.010000
66.490000
67.000000
66.520000
66.010000
64.310000
62.080000
62.230000
62.260000
62.260000
61.940000
63.030000
62.660000
63.430000
62.860000
64.160000
66.090000
66.240000
68.890000
68.620000
69.120000
68.720000
70.490000
70.480000
70.370000
69.250000
69.650000
68.990000
68.820000
68.920000
68.470000
68.070000
66.170000
65.930000
65.920000
66.680000
66.680000
67.030000
68.420000
68.420000
66.490000
66.480000
65.850000
64.940000
64.410000
63.320000
62.240000
61.600000
60.190000
59.640000
59.950000
59.710000
57.760000
56.920000
54.990000
54.020000
53.390000
51.460000
50.540000
49.620000
50.060000
51.600000
51.480000
52.990000
53.320000
55.610000
56.520000
58.160000
59.780000
59.650000
59.920000
58.250000
60.020000
59.030000
57.820000
57.450000
57.690000
57.970000
57.730000
59.030000
58.780000
59.170000
58.600000
58.350000
57.570000
57.640000
57.910000
57.150000
55.610000
55.610000
55.960000
56.190000
56.530000
57.070000
56.600000
56.130000
56.290000
57.530000
57.410000
59.330000
59.450000
60.080000
60.050000
60.480000
61.110000
62.760000
64.780000
64.860000
64.580000
64.580000
65.000000
65.110000
65.340000
65.780000
66.330000
68.700000
66.770000
66.750000
65.220000
66.270000
66.380000
66.730000
66.460000
66.570000
66.910000
68.090000
68.070000
68.740000
69.680000
70.200000
70.650000
71.400000
73.160000
73.390000
73.500000
72.730000
72.360000
72.350000
72.340000
72.340000
74.160000
74.160000
74.070000
74.980000
75.610000
76.680000
77.870000
79.530000
81.170000
81.890000
82.520000
82.750000
84.550000
85.140000
87.070000
87.900000
88.580000
90.510000
91.710000
92.970000
94.340000
94.360000
94.350000
94.710000
94.540000
94.170000
95.140000
94.540000
94.430000
94.430000
93.030000
95.760000
95.810000
96.130000
96.330000
95.730000
95.780000
94.750000
94.150000
94.780000
93.950000
93.800000
94.680000
93.960000
94.530000
95.570000
95.570000
94.750000
93.980000
93.250000
91.840000
91.730000
90.840000
90.810000
89.630000
90.680000
90.800000
93.070000
91.650000
92.460000
91.740000
91.400000
91.450000
90.850000
90.730000
90.780000
88.870000
88.640000
88.760000
88.640000
88.410000
88.230000
87.770000
87.450000
86.740000
85.000000
87.730000
86.180000
86.180000
85.260000
85.160000
86.180000
86.180000
86.830000
86.120000
86.010000
85.900000
85.920000
85.080000
85.160000
85.270000
85.150000
85.290000
85.310000
85.080000
85.200000
86.210000
86.220000
84.530000
84.530000
84.650000
84.650000
84.520000
84.520000
84.660000
84.560000
84.060000
83.030000
82.920000
82.970000
82.970000
82.860000
83.650000
84.250000
84.130000
85.040000
85.100000
84.470000
84.470000
85.430000
85.270000
85.580000
84.950000
84.590000
84.700000
84.080000
83.710000
83.800000
84.050000
83.570000
85.140000
84.340000
84.290000
84.380000
85.960000
86.580000
87.490000
88.510000
89.230000
89.230000
89.430000
88.610000
88.090000
88.180000
88.940000
87.470000
86.890000
88.710000
89.850000
91.640000
93.050000
92.790000
93.050000
92.500000
94.010000
92.530000
92.630000
90.640000
92.190000
91.390000
92.060000
92.400000
93.310000
93.430000
92.990000
93.040000
94.690000
94.720000
94.320000
94.370000
94.480000
95.410000
95.760000
96.450000
97.420000
97.420000
96.620000
98.160000
98.010000
98.920000
99.280000
98.260000
96.530000
