-76.000000
-94.000000
-97.000000
-103.500000
-105.200000
-93.666667
-81.000000
-80.625000
-80.333333
-81.800000
-84.363636
-86.916667
-85.846154
-83.071429
-85.266667
-83.750000
-82.058824
-82.277778
-83.789474
-83.200000
-82.000000
-81.272727
-79.347826
-78.750000
-78.400000
-77.538462
-77.074074
-78.464286
-77.482759
-77.133333
-77.483871
-76.687500
-75.969697
-72.970588
-73.742857
-73.472222
-71.189189
-70.157895
-71.000000
-68.700000
-69.731707
-69.119048
-67.372093
-67.159091
-66.488889
-66.543478
-67.255319
-66.958333
-64.224490
-63.240000
-62.254902
-61.461538
-62.094340
-62.203704
-62.345455
-61.696429
-61.789474
-62.086207
-61.288136
-62.000000
-62.213115
-62.887097
-63.873016
-62.765625
-62.953846
-63.742424
-62.880597
-63.308824
-63.478261
-64.142857
-63.788732
-63.944444
-64.657534
-64.310811
-64.186667
-63.421053
-64.064935
-63.525641
-63.670886
-64.325000
-63.530864
-62.829268
-63.012048
-63.154762
-62.988235
-63.151163
-62.482759
-62.647727
-61.865169
-61.788889
-61.648352
-61.793478
-61.344086
-60.893617
-60.705263
-60.145833
-60.422680
-60.867347
-61.414141
-61.930000
-62.300000
-62.340000
-62.470000
-62.400000
-62.120000
-63.020000
-64.080000
-63.780000
-64.160000
-64.090000
-63.240000
-63.250000
-63.360000
-62.950000
-61.780000
-61.940000
-62.520000
-62.790000
-62.840000
-63.220000
-63.360000
-63.850000
-64.420000
-64.830000
-65.170000
-65.770000
-66.160000
-65.550000
-65.250000
-65.820000
-65.700000
-66.230000
-65.790000
-66.720000
-66.880000
-67.290000
-68.230000
-68.220000
-68.330000
-69.350000
-69.400000
-69.570000
-69.410000
-69.520000
-69.080000
-69.440000
-68.760000
-68.780000
-69.960000
-70.890000
-71.560000
-71.240000
-71.110000
-70.920000
-71.090000
-71.640000
-71.640000
-68.040000
-68.610000
-68.590000
-67.910000
-67.620000
-65.870000
-66.230000
-65.550000
-64.590000
-65.140000
-64.580000
-64.120000
-63.260000
-62.450000
-61.260000
-60.020000
-59.980000
-59.490000
-59.720000
-58.630000
-58.790000
-58.720000
-58.430000
-57.870000
-58.060000
-57.370000
-57.230000
-56.700000
-56.070000
-56.330000
-54.450000
-55.080000
-54.810000
-54.080000
-53.050000
-53.150000
-52.650000
-47.710000
-48.120000
-47.730000
-46.550000
-45.630000
-44.970000
-43.700000
-42.090000
-41.420000
-40.140000
-39.310000
-37.410000
-36.320000
-35.960000
-34.800000
-34.110000
-33.870000
-32.590000
-32.240000
-31.740000
-30.650000
-29.490000
-28.570000
-26.960000
-26.530000
-23.890000
-21.180000
-19.870000
-17.980000
-16.830000
-10.960000
-10.080000
-8.900000
-8.540000
-7.410000
-5.650000
-4.970000
-3.550000
-3.290000
-2.530000
-1.420000
2.140000
4.290000
5.390000
6.840000
8.980000
9.910000
11.480000
11.340000
12.920000
12.160000
14.410000
14.740000
15.450000
16.660000
19.370000
20.350000
20.260000
20.890000
22.830000
23.660000
23.750000
24.740000
23.440000
25.990000
27.200000
27.350000
27.950000
28.060000
28.720000
28.210000
29.460000
30.170000
30.620000
30.930000
31.310000
30.310000
30.010000
31.560000
31.960000
32.080000
32.460000
33.980000
36.440000
36.410000
36.570000
35.680000
34.800000
35.590000
36.600000
36.550000
36.770000
38.550000
37.450000
37.670000
38.220000
37.270000
38.960000
38.540000
38.200000
35.370000
35.780000
35.810000
35.120000
34.970000
35.860000
35.570000
35.240000
35.790000
36.510000
36.720000
36.460000
36.840000
36.300000
35.620000
35.930000
40.210000
40.260000
40.830000
40.010000
39.040000
39.570000
39.000000
38.030000
38.250000
36.260000
33.820000
33.120000
31.720000
32.280000
27.020000
26.630000
25.930000
25.680000
24.420000
24.910000
24.540000
24.090000
24.020000
23.210000
23.320000
20.190000
19.700000
18.440000
17.860000
19.650000
20.790000
20.900000
20.820000
19.480000
19.680000
21.250000
20.690000
20.680000
20.050000
18.270000
18.200000
17.230000
17.460000
15.290000
15.380000
16.250000
16.060000
14.550000
12.860000
12.930000
12.930000
13.260000
12.810000
11.760000
13.450000
12.530000
12.670000
12.730000
13.910000
13.910000
14.820000
14.850000
13.300000
14.350000
13.470000
13.450000
12.620000
9.490000
12.820000
13.580000
13.490000
14.350000
13.840000
12.830000
12.390000
11.860000
9.960000
9.160000
9.050000
8.470000
9.240000
7.060000
7.970000
7.470000
6.190000
5.590000
5.990000
7.060000
8.910000
8.750000
8.970000
8.740000
8.830000
7.540000
6.890000
6.760000
6.690000
8.520000
9.590000
8.780000
4.060000
3.950000
5.530000
7.860000
7.810000
7.030000
7.710000
8.200000
9.800000
10.390000
10.970000
11.600000
11.970000
11.350000
11.870000
12.730000
13.200000
13.570000
13.990000
14.630000
15.070000
15.350000
15.370000
16.290000
16.150000
16.550000
16.620000
18.650000
20.440000
18.310000
17.520000
16.600000
16.830000
17.290000
17.840000
14.350000
15.110000
15.120000
15.060000
14.680000
14.010000
14.990000
15.430000
15.720000
17.190000
18.000000
17.440000
17.510000
17.550000
17.930000
17.100000
16.820000
16.850000
18.250000
17.520000
17.540000
19.040000
18.380000
17.720000
18.520000
18.770000
19.940000
21.380000
20.910000
25.460000
25.290000
24.880000
28.690000
26.110000
27.720000
27.950000
29.100000
29.090000
30.190000
30.840000
31.280000
31.000000
31.950000
32.280000
34.010000
35.270000
35.670000
37.880000
39.070000
40.330000
41.160000
40.380000
41.440000
40.110000
40.290000
40.400000
40.990000
41.880000
43.440000
45.610000
45.820000
46.490000
45.690000
45.500000
46.450000
46.190000
47.160000
44.870000
42.980000
43.110000
43.250000
43.250000
45.580000
45.070000
46.110000
47.770000
47.860000
47.360000
47.470000
48.380000
49.760000
51.190000
52.890000
53.690000
52.600000
52.880000
53.750000
55.410000
55.130000
57.950000
59.660000
58.880000
57.410000
55.690000
56.070000
58.280000
58.610000
60.030000
59.860000
60.000000
60.570000
60.620000
60.730000
62.200000
62.480000
65.840000
65.900000
65.550000
67.500000
66.150000
66.930000
67.430000
67.350000
67.430000
66.750000
69.150000
71.020000
71.070000
70.520000
72.930000
72.710000
70.690000
75.210000
74.800000
74.060000
73.600000
72.750000
71.750000
72.440000
69.090000
68.920000
68.530000
65.940000
67.630000
65.800000
66.180000
66.050000
68.440000
68.390000
68.250000
68.750000
69.640000
70.780000
70.930000
71.840000
71.970000
74.480000
73.270000
74.010000
72.800000
73.760000
74.700000
74.550000
74.490000
76.390000
76.750000
76.420000
75.440000
76.130000
76.860000
78.180000
78.330000
78.810000
81.090000
83.650000
84.560000
84.890000
87.120000
89.860000
94.310000
94.500000
96.280000
95.160000
96.950000
100.370000
101.380000
102.090000
103.670000
105.200000
106.490000
106.390000
105.010000
104.480000
103.950000
104.500000
105.980000
106.410000
109.220000
109.510000
106.690000
105.860000
107.840000
108.630000
111.210000
112.180000
112.120000
112.850000
111.450000
115.290000
117.380000
117.610000
118.350000
118.270000
120.090000
122.960000
123.410000
125.680000
127.550000
128.740000
129.920000
128.760000
133.350000
134.990000
136.160000
136.290000
134.560000
132.790000
131.580000
133.990000
131.160000
133.250000
133.490000
130.530000
131.140000
132.350000
132.970000
136.090000
136.680000
135.270000
134.960000
135.320000
135.530000
136.350000
135.510000
135.870000
136.850000
137.110000
136.060000
137.740000
140.330000
139.970000
141.370000
140.180000
142.360000
142.750000
141.220000
141.820000
140.760000
139.510000
141.800000
142.600000
142.620000
141.290000
145.750000
145.080000
146.870000
146.860000
150.800000
149.900000
146.770000
147.550000
147.960000
151.710000
151.850000
149.200000
148.920000
151.240000
151.300000
148.660000
145.360000
148.370000
147.680000
149.950000
148.060000
144.960000
142.010000
144.150000
144.550000
144.870000
146.190000
148.370000
148.560000
148.660000
148.450000
147.130000
146.870000
146.420000
143.320000
145.750000
147.360000
149.590000
150.760000
149.940000
149.290000
149.690000
149.530000
152.880000
156.320000
152.460000
152.830000
156.650000
158.450000
160.980000
158.950000
159.970000
159.410000
157.790000
156.450000
155.680000
155.010000
157.150000
156.190000
156.980000
158.830000
160.580000
163.250000
165.860000
168.950000
169.170000
170.740000
169.660000
172.480000
172.950000
173.340000
172.700000
170.820000
168.030000
170.240000
172.460000
173.550000
178.030000
181.610000
181.260000
182.360000
183.770000
184.060000
185.760000
185.230000
183.970000
182.620000
183.730000
184.900000
188.080000
187.780000
188.730000
190.070000
187.640000
191.060000
192.580000
191.120000
189.430000
189.430000
189.970000
185.600000
186.600000
187.870000
189.950000
186.580000
187.680000
190.660000
189.300000
188.610000
187.500000
187.590000
190.150000
191.460000
189.250000
189.910000
190.390000
190.520000
187.260000
187.160000
186.570000
186.890000
188.430000
191.380000
190.140000
188.810000
186.880000
186.510000
183.980000
185.480000
185.260000
186.510000
187.810000
187.700000
189.050000
189.600000
189.340000
191.030000
187.980000
185.670000
186.100000
184.170000
182.030000
179.760000
176.640000
173.660000
176.180000
173.550000
169.720000
168.450000
165.680000
164.200000
161.400000
160.790000
159.860000
159.290000
157.930000
157.940000
156.130000
152.140000
149.720000
146.450000
145.220000
142.400000
140.490000
138.140000
135.210000
137.320000
136.600000
135.000000
134.580000
136.200000
136.170000
137.340000
137.240000
135.610000
133.090000
131.440000
127.620000
124.770000
123.940000
121.560000
120.860000
119.040000
117.090000
115.910000
118.040000
116.470000
115.420000
114.190000
110.710000
110.160000
108.610000
107.250000
107.300000
104.920000
103.010000
101.540000
100.920000
100.100000
99.070000
98.510000
96.760000
93.530000
90.910000
89.880000
87.490000
85.850000
84.470000
83.790000
80.410000
78.260000
75.170000
73.550000
72.920000
69.940000
70.530000
69.190000
68.890000
67.610000
64.840000
63.750000
60.760000
56.770000
56.310000
56.340000
57.010000
53.630000
51.860000
49.600000
47.480000
48.250000
46.020000
43.690000
40.150000
36.900000
35.680000
31.320000
31.560000
29.480000
27.850000
27.100000
25.360000
24.730000
22.150000
22.330000
20.190000
20.370000
21.120000
18.450000
19.970000
19.040000
17.810000
15.890000
17.180000
15.940000
15.760000
13.930000
12.710000
14.910000
16.300000
16.230000
15.410000
15.750000
13.910000
13.000000
11.990000
7.210000
5.840000
3.520000
2.640000
-1.250000
-3.130000
-4.300000
-6.160000
-6.790000
-6.260000
-6.910000
-8.710000
-10.640000
-11.590000
-11.290000
-11.560000
-10.190000
-9.690000
-9.370000
-12.230000
-11.880000
-10.890000
-12.250000
-12.200000
-12.480000
-14.430000
-14.630000
-14.320000
-15.730000
-14.470000
-13.250000
-12.080000
-10.550000
-10.360000
-10.120000
-9.690000
