-105.000000
-123.500000
-114.000000
-113.250000
-119.400000
-122.833333
-119.571429
-119.000000
-110.444444
-109.400000
-109.636364
-110.083333
-108.538462
-107.214286
-106.733333
-106.937500
-106.117647
-106.444444
-104.947368
-103.550000
-102.428571
-100.727273
-100.391304
-100.791667
-100.840000
-96.653846
-96.148148
-96.714286
-97.172414
-97.766667
-98.548387
-99.125000
-98.848485
-99.000000
-98.028571
-97.194444
-96.486486
-97.184211
-95.564103
-94.575000
-95.073171
-93.785714
-93.534884
-93.977273
-94.400000
-94.739130
-95.489362
-96.250000
-95.877551
-96.440000
-97.235294
-97.596154
-97.792453
-97.500000
-98.254545
-97.892857
-97.666667
-97.948276
-97.423729
-97.833333
-96.983607
-96.032258
-95.428571
-95.890625
-94.892308
-94.409091
-94.850746
-94.720588
-94.318841
-94.242857
-93.901408
-94.500000
-95.191781
-95.432432
-95.493333
-95.250000
-94.506494
-94.769231
-93.949367
-94.025000
-93.753086
-94.329268
-94.445783
-94.333333
-94.811765
-94.511628
-94.678161
-94.840909
-94.483146
-93.833333
-93.648352
-93.543478
-93.451613
-93.340426
-93.705263
-93.687500
-93.597938
-93.683673
-93.898990
-93.710000
-93.120000
-92.810000
-93.010000
-92.590000
-91.810000
-90.320000
-90.440000
-89.890000
-89.870000
-90.030000
-89.920000
-89.250000
-89.060000
-89.270000
-89.040000
-88.950000
-88.900000
-88.590000
-89.000000
-89.440000
-89.320000
-89.770000
-89.730000
-89.750000
-89.320000
-90.450000
-90.240000
-89.990000
-89.690000
-89.390000
-88.350000
-88.380000
-88.480000
-87.800000
-87.570000
-87.340000
-87.560000
-87.220000
-87.350000
-87.940000
-87.690000
-88.060000
-88.060000
-87.980000
-87.890000
-87.680000
-87.800000
-87.460000
-87.800000
-87.440000
-86.810000
-86.230000
-86.430000
-86.760000
-86.420000
-86.770000
-87.100000
-86.710000
-86.730000
-86.500000
-87.160000
-87.450000
-87.250000
-86.720000
-86.880000
-86.920000
-86.200000
-86.760000
-87.060000
-86.790000
-87.090000
-86.600000
-85.580000
-84.670000
-84.610000
-84.860000
-85.580000
-85.100000
-86.250000
-86.460000
-86.230000
-85.280000
-85.050000
-85.200000
-84.960000
-84.890000
-85.230000
-84.630000
-84.940000
-85.280000
-85.080000
-84.790000
-85.230000
-84.680000
-84.700000
-84.970000
-84.870000
-84.590000
-84.070000
-83.410000
-84.050000
-84.030000
-84.030000
-83.980000
-84.140000
-85.410000
-85.370000
-85.570000
-86.300000
-86.260000
-86.180000
-86.560000
-87.010000
-86.710000
-87.040000
-86.630000
-87.060000
-86.440000
-85.900000
-85.890000
-85.920000
-85.540000
-85.370000
-84.750000
-85.160000
-85.390000
-85.580000
-85.840000
-85.740000
-85.230000
-86.160000
-85.260000
-85.720000
-85.870000
-86.890000
-87.490000
-87.790000
-88.020000
-88.440000
-88.300000
-87.840000
-87.780000
-88.070000
-88.330000
-87.570000
-87.700000
-87.180000
-87.320000
-86.950000
-86.750000
-86.400000
-86.450000
-85.140000
-85.340000
-84.840000
-84.240000
-83.710000
-84.060000
-83.280000
-83.330000
-82.960000
-83.290000
-83.360000
-83.690000
-83.480000
-84.240000
-84.570000
-84.050000
-84.130000
-84.660000
-85.000000
-85.240000
-85.150000
-86.040000
-85.740000
-85.900000
-85.240000
-85.210000
-84.600000
-83.970000
-84.680000
-85.110000
-85.120000
-85.140000
-85.240000
-85.290000
-83.540000
-83.650000
-83.040000
-82.920000
-83.060000
-83.340000
-82.570000
-82.430000
-82.180000
-81.540000
-81.940000
-82.120000
-81.880000
-82.160000
-82.050000
-82.100000
-81.470000
-81.470000
-81.320000
-80.840000
-80.800000
-80.910000
-80.770000
-80.630000
-80.830000
-81.290000
-80.030000
-80.370000
-80.310000
-80.290000
-79.380000
-80.180000
-80.640000
-79.980000
-80.420000
-80.910000
-80.420000
-80.480000
-80.120000
-79.700000
-80.100000
-79.530000
-80.160000
-80.660000
-80.190000
-80.860000
-79.570000
-80.090000
-79.810000
-79.050000
-78.720000
-78.910000
-79.060000
-79.180000
-79.200000
-79.200000
-79.110000
-78.570000
-78.740000
-78.100000
-78.050000
-77.840000
-78.220000
-78.970000
-79.490000
-79.850000
-80.410000
-79.870000
-80.000000
-79.290000
-79.680000
-79.200000
-80.410000
-79.760000
-79.450000
-79.230000
-79.260000
-79.130000
-79.500000
-78.820000
-78.040000
-78.230000
-77.750000
-77.700000
-77.410000
-75.930000
-76.710000
-76.260000
-76.320000
-75.640000
-75.390000
-75.900000
-75.710000
-75.600000
-75.300000
-75.400000
-75.340000
-75.260000
-75.200000
-75.150000
-76.370000
-77.120000
-77.820000
-77.670000
-78.120000
-77.890000
-78.300000
-79.120000
-79.070000
-79.010000
-78.340000
-78.250000
-78.810000
-79.430000
-79.050000
-78.790000
-78.150000
-78.680000
-79.130000
-79.080000
-79.190000
-79.530000
-79.220000
-79.660000
-79.410000
-78.880000
-78.970000
-78.850000
-79.020000
-79.320000
-79.720000
-79.830000
-79.410000
-79.750000
-79.170000
-79.400000
-79.930000
-79.940000
-79.680000
-79.760000
-78.710000
-79.090000
-78.580000
-78.740000
-79.250000
-79.430000
-80.470000
-80.020000
-79.800000
-79.580000
-79.790000
-78.710000
-78.610000
-78.470000
-78.250000
-78.560000
-78.840000
-79.370000
-79.330000
-79.730000
-79.870000
-80.120000
-80.120000
-80.030000
-79.980000
-79.610000
-79.790000
-79.290000
-78.980000
-79.760000
-79.510000
-79.720000
-79.420000
-79.690000
-80.170000
-80.330000
-80.670000
-79.940000
-79.600000
-79.610000
-80.020000
-79.620000
-80.280000
-79.660000
-79.740000
-80.930000
-80.940000
-81.280000
-81.480000
-81.790000
-82.270000
-81.320000
-81.600000
-81.850000
-82.080000
-82.410000
-81.550000
-81.930000
-81.820000
-81.350000
-81.220000
-81.290000
-80.900000
-81.880000
-80.710000
-81.420000
-80.990000
-80.640000
-80.160000
-80.370000
-80.990000
-80.530000
-81.010000
-80.620000
-80.510000
-80.290000
-81.810000
-82.030000
-81.460000
-81.650000
-81.610000
-81.370000
-81.890000
-80.940000
-80.980000
-80.630000
-81.260000
-81.330000
-81.110000
-80.620000
-80.460000
-79.670000
-79.080000
-79.180000
-79.870000
-79.090000
-79.370000
-79.070000
-80.130000
-79.980000
-80.820000
-80.670000
-80.350000
-79.250000
-79.050000
-78.380000
-77.560000
-78.000000
-77.990000
-78.660000
-77.720000
-77.830000
-77.900000
-77.480000
-77.840000
-77.790000
-76.870000
-76.510000
-77.230000
-77.900000
-77.080000
-77.160000
-77.090000
-76.090000
-76.380000
-75.850000
-76.430000
-76.420000
-76.800000
-75.930000
-75.620000
-75.740000
-75.720000
-75.740000
-75.850000
-75.960000
-75.650000
-76.300000
-76.280000
-76.290000
-75.880000
-76.100000
-74.870000
-75.520000
-75.410000
-75.570000
-74.950000
-74.330000
-74.440000
-74.770000
-75.220000
-76.180000
-75.900000
-75.830000
-75.220000
-74.060000
-75.300000
-75.040000
-74.260000
-75.100000
-74.860000
-73.610000
-73.080000
-72.570000
-73.310000
-73.120000
-73.010000
-72.970000
-73.170000
-73.160000
-73.100000
-73.670000
-72.240000
-72.570000
-72.710000
-73.480000
-72.810000
-71.610000
-71.640000
-71.920000
-71.930000
-71.640000
-70.760000
-71.060000
-70.540000
-70.490000
-70.890000
-70.910000
-71.040000
-72.000000
-71.690000
-72.640000
-73.660000
-73.240000
-72.600000
-72.980000
-72.660000
-73.700000
-72.550000
-72.850000
-72.280000
-71.930000
-72.570000
-73.780000
-73.920000
-73.740000
-74.010000
-73.240000
-73.360000
-72.510000
-73.460000
-73.720000
-73.520000
-73.980000
-74.300000
-74.670000
-75.130000
-75.390000
-75.460000
-74.600000
-75.310000
-74.390000
-74.270000
-74.640000
-74.520000
-74.910000
-74.440000
-74.430000
-74.240000
-75.860000
-76.160000
-75.090000
-75.130000
-74.850000
-74.470000
-74.020000
-73.980000
-73.430000
-71.050000
-71.410000
-72.480000
-72.210000
-72.860000
-71.870000
-71.630000
-70.370000
-70.700000
-70.830000
-69.920000
-69.080000
-68.410000
-67.620000
-67.750000
-67.790000
-68.180000
-68.660000
-68.040000
-68.420000
-68.450000
-67.730000
-68.010000
-68.860000
-69.400000
-69.380000
-69.650000
-68.970000
-69.320000
-70.010000
-70.310000
-69.730000
-69.930000
-69.450000
-70.410000
-70.040000
-69.420000
-68.700000
-68.710000
-68.600000
-69.030000
-69.050000
-68.110000
-67.960000
-68.420000
-68.340000
-69.280000
-69.500000
-69.520000
-69.350000
-68.200000
-67.300000
-67.730000
-67.360000
-66.660000
-66.740000
-66.700000
-66.600000
-66.460000
-65.910000
-66.260000
-65.500000
-65.620000
-65.850000
-64.980000
-64.450000
-64.490000
-65.070000
-65.570000
-65.850000
-65.960000
-67.000000
-65.860000
-65.940000
-65.840000
-66.230000
-66.370000
-65.770000
-66.010000
-64.980000
-64.780000
-64.630000
-63.520000
-64.500000
-64.380000
-64.360000
-64.350000
-64.860000
-64.490000
-64.480000
-64.120000
-63.650000
-62.970000
-63.410000
-63.480000
-62.890000
-62.890000
-63.130000
-63.780000
-64.630000
-67.360000
-67.000000
-66.810000
-66.950000
-67.450000
-68.090000
-68.090000
-69.400000
-69.200000
-69.050000
-69.390000
-69.740000
-69.950000
-70.470000
-70.150000
-70.270000
-69.750000
-69.680000
-69.900000
-69.080000
-69.950000
-70.370000
-70.140000
-69.730000
-68.620000
-67.920000
-67.180000
-66.840000
-65.990000
-65.000000
-64.610000
-65.400000
-64.540000
-64.370000
-63.390000
-63.310000
-64.530000
-64.870000
-65.020000
-65.470000
-64.160000
-63.890000
-64.810000
-64.460000
-64.520000
-64.110000
-63.460000
-62.950000
-62.700000
-62.140000
-62.390000
-62.930000
-63.020000
-62.770000
-63.810000
-63.570000
-63.190000
-62.920000
-63.100000
-63.290000
-64.130000
-64.490000
-64.860000
-65.230000
-65.370000
-65.560000
-64.510000
-63.730000
-62.820000
-62.180000
-61.780000
-61.900000
-61.500000
-61.930000
-62.370000
-61.860000
-62.110000
-62.160000
-62.330000
-63.250000
-62.220000
-61.210000
-62.860000
-62.280000
-62.400000
-61.710000
-61.270000
-59.950000
-59.740000
-60.080000
-60.810000
-60.330000
-61.230000
-61.520000
-61.760000
-63.100000
-63.350000
-62.530000
-62.710000
-62.340000
-62.470000
-62.280000
-60.330000
-59.500000
-58.600000
-59.020000
-59.170000
-59.340000
-59.260000
-59.660000
-58.880000
-58.850000
-57.960000
-58.200000
-58.460000
-58.870000
-58.830000
-58.890000
-58.900000
-57.500000
-55.840000
-55.710000
-56.340000
-55.920000
-57.530000
-58.150000
-58.260000
-59.180000
-59.550000
-60.040000
-60.520000
-60.540000
-61.170000
-60.910000
-61.300000
-61.970000
-61.400000
-61.240000
-61.690000
-61.720000
-62.950000
-62.650000
-61.540000
-62.530000
-62.320000
-63.190000
-63.660000
-63.610000
-63.250000
-63.510000
-64.270000
-64.400000
-64.980000
-65.660000
-64.950000
-65.300000
-65.770000
-65.650000
-64.920000
-64.640000
-63.950000
-64.520000
-64.380000
-64.600000
-64.600000
-64.730000
-65.490000
-66.270000
-65.890000
-66.280000
-66.070000
-65.570000
-66.460000
-66.230000
-65.290000
-64.470000
-64.580000
-64.050000
-63.430000
-62.980000
-63.830000
-65.400000
-63.680000
-64.310000
-63.970000
-65.460000
-65.550000
-67.020000
-68.130000
-68.970000
-68.100000
-68.110000
-68.010000
-68.660000
-67.800000
-66.210000
-65.350000
-66.380000
-65.630000
-65.420000
-65.600000
-65.660000
-67.310000
-67.790000
-68.300000
-67.220000
-66.780000
-66.430000
-67.090000
-66.980000
-68.040000
-67.400000
-68.990000
-68.050000
-67.570000
-67.490000
-67.520000
-67.640000
-67.580000
-68.780000
-69.630000
-69.560000
-69.500000
-69.820000
-68.470000
-67.980000
-67.640000
-66.980000
-66.980000
-66.790000
-66.720000
-66.690000
-65.750000
-66.250000
-66.090000
-65.380000
