-95.000000
-103.500000
-106.000000
-71.000000
-69.800000
-74.000000
-83.714286
-86.750000
-89.555556
-83.200000
-82.818182
-83.583333
-84.538462
-80.071429
-84.200000
-83.125000
-85.882353
-86.666667
-86.894737
-88.250000
-90.238095
-88.227273
-89.173913
-89.250000
-89.720000
-90.884615
-89.185185
-87.750000
-86.655172
-85.400000
-86.032258
-86.062500
-86.757576
-87.470588
-87.657143
-86.138889
-85.432432
-86.105263
-86.589744
-85.800000
-85.439024
-84.547619
-81.813953
-81.613636
-81.266667
-81.978261
-82.340426
-82.750000
-82.918367
-82.220000
-82.803922
-81.903846
-81.811321
-81.500000
-80.636364
-79.857143
-79.929825
-80.637931
-79.762712
-79.716667
-79.213115
-78.661290
-79.079365
-79.265625
-79.646154
-79.424242
-79.746269
-79.500000
-80.028986
-79.785714
-79.140845
-79.138889
-78.150685
-77.729730
-78.240000
-78.105263
-77.428571
-77.141026
-77.696203
-77.087500
-76.851852
-76.804878
-77.457831
-76.428571
-76.505882
-77.058140
-77.000000
-76.647727
-76.797753
-77.522222
-77.395604
-77.119565
-76.247312
-76.606383
-76.284211
-76.375000
-75.917526
-75.612245
-75.414141
-75.210000
-74.820000
-74.570000
-74.550000
-75.360000
-75.710000
-75.000000
-74.310000
-74.220000
-73.480000
-74.650000
-74.250000
-74.360000
-74.240000
-75.180000
-74.140000
-74.880000
-74.010000
-73.540000
-73.060000
-72.730000
-72.120000
-72.230000
-71.910000
-71.950000
-71.340000
-70.670000
-71.330000
-71.570000
-71.550000
-71.810000
-71.460000
-71.350000
-70.550000
-70.040000
-70.420000
-71.220000
-71.660000
-71.080000
-71.140000
-72.010000
-72.370000
-72.830000
-73.060000
-73.120000
-72.530000
-72.380000
-71.370000
-71.770000
-71.070000
-71.310000
-71.500000
-71.870000
-71.400000
-71.200000
-71.190000
-72.060000
-71.600000
-71.040000
-70.730000
-70.910000
-70.010000
-70.500000
-70.360000
-70.480000
-69.300000
-69.500000
-68.290000
-68.350000
-67.680000
-67.740000
-67.660000
-67.600000
-67.180000
-67.460000
-67.140000
-66.540000
-67.330000
-67.440000
-67.170000
-68.000000
-67.300000
-66.330000
-65.440000
-65.300000
-65.490000
-64.900000
-65.220000
-65.410000
-64.230000
-63.580000
-63.630000
-63.680000
-63.990000
-64.060000
-64.260000
-64.850000
-65.120000
-65.240000
-64.880000
-64.870000
-65.730000
-65.610000
-65.470000
-65.880000
-65.280000
-65.250000
-65.020000
-65.120000
-65.180000
-64.530000
-65.140000
-64.690000
-64.840000
-65.090000
-65.280000
-64.230000
-64.310000
-64.790000
-65.300000
-64.730000
-63.940000
-64.450000
-63.210000
-63.210000
-63.340000
-64.020000
-63.430000
-62.340000
-62.550000
-62.650000
-62.230000
-62.170000
-62.320000
-61.790000
-60.860000
-60.570000
-59.400000
-59.350000
-58.150000
-57.770000
-57.850000
-57.270000
-58.680000
-57.530000
-58.620000
-57.320000
-58.150000
-57.300000
-56.600000
-56.480000
-55.270000
-54.620000
-55.470000
-56.440000
-57.580000
-57.330000
-57.840000
-57.070000
-57.730000
-57.940000
-58.430000
-58.920000
-58.640000
-58.180000
-59.450000
-59.760000
-61.160000
-61.570000
-62.510000
-62.300000
-62.720000
-62.670000
-63.720000
-63.800000
-63.780000
-64.210000
-62.800000
-63.300000
-63.400000
-61.920000
-62.620000
-63.350000
-64.350000
-65.150000
-65.240000
-65.270000
-63.930000
-64.180000
-65.570000
-64.680000
-65.400000
-65.980000
-66.390000
-66.660000
-67.440000
-65.650000
-66.490000
-66.590000
-67.810000
-68.700000
-68.620000
-69.290000
-68.000000
-68.450000
-69.240000
-70.190000
-70.850000
-70.900000
-70.340000
-70.370000
-70.530000
-71.110000
-71.170000
-70.810000
-71.400000
-72.090000
-72.750000
-72.850000
-73.020000
-72.420000
-73.280000
-73.310000
-74.930000
-75.020000
-75.650000
-75.600000
-76.240000
-77.760000
-78.120000
-78.380000
-79.140000
-79.600000
-80.220000
-81.260000
-82.220000
-82.540000
-83.780000
-84.460000
-85.980000
-86.050000
-86.060000
-86.860000
-86.380000
-88.160000
-88.420000
-89.560000
-90.180000
-91.020000
-92.620000
-93.130000
-94.080000
-95.160000
-95.250000
-94.990000
-94.680000
-94.850000
-95.120000
-96.370000
-96.840000
-96.820000
-97.690000
-97.210000
-97.740000
-98.120000
-97.940000
-97.930000
-97.680000
-97.530000
-97.240000
-97.870000
-98.300000
-98.730000
-99.130000
-99.730000
-100.020000
-100.620000
-102.080000
-101.810000
-101.880000
-103.390000
-103.960000
-104.620000
-104.310000
-104.690000
-104.740000
-105.170000
-106.580000
-106.840000
-106.890000
-108.140000
-107.840000
-107.840000
-108.310000
-107.820000
-107.540000
-109.050000
-108.670000
-109.150000
-108.890000
-108.720000
-108.540000
-108.280000
-109.780000
-109.400000
-109.370000
-109.370000
-109.160000
-109.180000
-110.460000
-110.810000
-110.860000
-110.650000
-110.760000
-110.660000
-110.450000
-110.550000
-110.330000
-110.370000
-110.400000
-111.710000
-111.990000
-112.020000
-112.010000
-111.920000
-111.710000
-111.500000
-111.490000
-111.480000
-111.530000
-111.370000
-111.280000
-111.070000
-111.170000
-111.220000
-111.030000
-110.820000
-110.860000
-110.840000
-110.450000
-110.250000
-110.240000
-110.230000
-110.540000
-110.580000
-110.200000
-110.410000
-109.880000
-109.490000
-109.530000
-109.460000
-109.300000
-109.300000
-109.220000
-109.220000
-109.220000
-109.210000
-109.200000
-109.220000
-109.020000
-108.670000
-108.760000
-108.970000
-108.970000
-109.150000
-109.360000
-109.250000
-108.980000
-108.700000
-108.110000
-107.550000
-106.990000
-106.430000
-106.760000
-105.880000
-105.830000
-105.380000
-105.060000
-105.070000
-105.120000
-105.120000
-104.880000
-104.890000
-104.560000
-104.400000
-104.030000
-103.590000
-103.150000
-102.780000
-102.400000
-101.940000
-101.470000
-100.870000
-100.270000
-100.470000
-99.970000
-99.480000
-99.100000
-98.490000
-97.990000
-97.400000
-97.020000
-96.640000
-96.380000
-96.450000
-96.200000
-95.940000
-95.900000
-95.770000
-95.510000
-95.140000
-94.830000
-94.790000
-94.690000
-95.200000
-94.920000
-94.560000
-94.280000
-94.040000
-93.810000
-93.770000
-93.860000
-93.740000
-93.630000
-93.710000
-93.790000
-93.750000
-93.630000
-93.510000
-93.380000
-93.340000
-93.420000
-93.510000
-93.380000
-93.130000
-92.870000
-92.710000
-92.370000
-91.900000
-91.760000
-91.640000
-91.280000
-90.920000
-90.560000
-90.010000
-89.990000
-89.970000
-90.090000
-90.100000
-89.980000
-89.970000
-90.110000
-89.990000
-89.870000
-89.860000
-89.730000
-89.370000
-89.000000
-88.750000
-88.620000
-88.620000
-88.480000
-88.230000
-88.100000
-88.010000
-87.760000
-87.740000
-88.080000
-88.450000
-88.930000
-89.440000
-89.930000
-90.420000
-89.940000
-90.340000
-90.410000
-90.660000
-91.040000
-91.310000
-91.320000
-91.300000
-91.580000
-91.550000
-91.660000
-92.000000
-92.250000
-92.530000
-93.000000
-93.340000
-93.750000
-94.210000
-94.690000
-95.290000
-95.780000
-95.760000
-95.890000
-95.650000
-95.650000
-95.350000
-95.600000
-96.100000
-96.480000
-96.370000
-96.380000
-96.530000
-96.660000
-96.550000
-96.430000
-96.300000
-96.550000
-96.910000
-97.160000
-97.410000
-97.510000
-97.200000
-97.440000
-97.560000
-97.560000
-97.200000
-96.840000
-96.480000
-95.900000
-95.430000
-94.940000
-94.460000
-93.980000
-93.730000
-93.490000
-93.240000
-93.000000
-92.870000
-92.630000
-92.380000
-92.250000
-92.010000
-91.780000
-91.890000
-92.270000
-92.770000
-92.780000
-92.900000
-93.150000
-93.150000
-93.040000
-93.010000
-92.660000
-92.190000
-92.090000
-91.990000
-91.990000
-91.640000
-91.160000
-90.790000
-90.790000
-90.550000
-90.430000
-90.550000
-90.440000
-90.450000
-90.580000
-90.340000
-90.350000
-89.990000
-89.510000
-89.020000
-88.660000
-89.100000
-88.630000
-88.140000
-87.540000
-86.910000
-87.020000
-86.530000
-86.130000
-85.730000
-85.150000
-84.790000
-84.300000
-83.680000
-83.060000
-82.480000
-81.950000
-81.370000
-81.030000
-80.450000
-79.960000
-79.560000
-78.970000
-78.390000
-77.820000
-77.240000
-76.650000
-76.050000
-75.560000
-74.980000
-74.740000
-74.860000
-74.740000
-75.040000
-74.680000
-74.060000
-73.440000
-73.440000
-73.330000
-72.720000
-72.740000
-73.380000
-73.850000
-73.680000
-73.440000
-72.840000
-72.240000
-71.630000
-71.020000
-70.420000
-70.420000
-70.420000
-70.300000
-70.300000
-70.300000
-70.300000
-70.300000
-70.300000
-70.300000
-70.300000
-70.300000
-70.190000
-70.090000
-70.570000
-70.440000
-71.120000
-71.770000
-71.520000
-71.530000
-71.940000
-72.350000
-72.530000
-72.470000
-72.120000
-72.340000
-72.560000
-72.650000
-72.940000
-73.400000
-73.600000
-74.010000
-74.410000
-74.420000
-74.660000
-74.750000
-75.200000
-75.780000
-76.240000
-76.330000
-76.150000
-76.060000
-75.970000
-76.120000
-76.340000
-76.510000
-77.090000
-77.260000
-77.500000
-77.360000
-77.720000
-77.760000
-76.970000
-76.970000
-77.140000
-77.400000
-77.880000
-77.310000
-77.310000
-77.330000
-77.940000
-78.290000
-78.410000
-78.290000
-78.900000
-78.930000
-79.540000
-79.430000
-80.140000
-80.850000
-80.650000
-80.590000
-80.470000
-80.500000
-80.460000
-81.100000
-81.220000
-81.300000
-81.450000
-82.060000
-82.670000
-83.280000
-83.300000
-83.910000
-84.060000
-84.070000
-84.430000
-84.320000
-84.230000
-83.980000
-83.980000
-83.590000
-83.420000
-82.710000
-82.570000
-82.330000
-82.420000
-83.130000
-83.390000
-83.560000
-83.620000
-83.380000
-83.020000
-82.950000
-83.310000
-83.350000
-83.700000
-84.050000
-84.130000
-84.130000
-84.840000
-85.550000
-86.260000
-86.520000
-86.080000
-86.150000
-85.240000
-84.390000
-84.400000
-84.160000
-83.720000
-83.900000
-83.860000
-83.320000
-83.270000
-83.300000
-83.300000
-83.250000
-82.840000
-82.620000
-82.180000
-82.360000
-82.310000
-82.050000
-81.430000
-80.860000
-80.280000
-78.950000
-78.490000
-78.210000
-78.380000
-78.230000
-77.950000
-77.680000
-76.520000
-76.110000
-75.770000
-75.540000
-74.780000
-74.480000
-73.680000
-73.630000
-73.710000
-74.420000
-74.960000
-74.700000
-74.330000
-74.180000
-74.890000
-74.870000
-74.250000
-73.890000
-74.270000
-74.270000
-71.750000
-71.720000
-70.800000
-70.790000
-70.080000
-69.360000
-70.010000
-70.680000
-71.410000
-69.820000
-69.980000
-69.260000
-69.650000
-69.450000
-70.010000
-70.110000
-70.410000
-70.070000
-70.050000
-70.150000
-70.000000
-70.710000
-70.350000
-70.460000
-71.150000
-71.500000
-71.980000
-71.740000
-71.740000
-72.040000
-72.000000
-71.750000
-71.780000
-70.900000
-71.240000
-71.340000
-71.690000
-71.840000
-72.570000
-73.220000
-73.390000
-73.880000
-73.750000
-73.930000
-73.850000
-73.960000
-73.130000
-73.130000
-72.300000
-71.840000
-72.180000
-72.000000
-71.830000
-71.990000
-70.190000
-70.670000
-71.180000
-71.070000
-71.190000
-71.750000
-71.710000
-71.090000
-70.390000
-69.740000
-69.780000
-69.410000
-69.500000
-69.060000
-68.850000
-68.800000
-68.680000
-68.560000
-69.270000
-69.900000
-69.950000
-69.530000
-69.060000
-68.820000
-69.100000
-69.370000
-70.560000
-71.040000
-71.400000
-71.700000
-72.220000
-73.260000
-74.310000
-74.930000
-75.340000
-75.240000
-75.140000
-75.140000
-75.030000
-75.840000
-75.400000
-75.390000
-75.280000
-75.290000
-74.900000
-74.780000
-76.870000
-76.750000
-77.060000
-76.950000
-77.090000
-77.060000
-76.490000
-76.480000
-75.750000
-77.180000
-77.670000
-77.640000
-77.310000
-78.040000
-77.930000
-77.820000
-77.020000
-77.360000
-77.970000
-77.870000
-78.480000
-78.360000
-78.970000
