-25.000000
-75.000000
-88.666667
-83.500000
-88.600000
-85.666667
-85.571429
-78.125000
-81.555556
-84.700000
-79.636364
-79.750000
-78.230769
-80.928571
-79.400000
-75.000000
-79.176471
-82.277778
-83.947368
-83.250000
-82.857143
-83.136364
-82.695652
-83.875000
-83.960000
-84.307692
-82.629630
-83.821429
-83.137931
-82.966667
-84.838710
-85.656250
-83.696970
-81.647059
-81.657143
-80.444444
-80.486486
-79.368421
-80.974359
-80.400000
-77.853659
-77.309524
-78.209302
-77.318182
-76.466667
-77.326087
-76.893617
-76.083333
-76.408163
-77.100000
-77.647059
-76.903846
-76.188679
-76.907407
-77.218182
-78.392857
-79.052632
-79.120690
-79.016949
-79.050000
-79.114754
-78.145161
-78.746032
-78.984375
-79.015385
-79.075758
-79.059701
-79.102941
-78.985507
-79.028571
-79.070423
-79.111111
-79.164384
-78.986486
-79.026667
-79.026316
-79.090909
-77.487179
-77.506329
-77.087500
-77.728395
-77.780488
-77.204819
-77.488095
-77.023529
-77.476744
-77.919540
-78.079545
-77.955056
-78.377778
-78.527473
-78.684783
-76.526882
-76.946809
-76.842105
-76.906250
-76.515464
-76.591837
-76.767677
-76.540000
-77.080000
-76.210000
-75.530000
-75.670000
-75.400000
-75.510000
-75.480000
-76.040000
-75.770000
-75.460000
-75.990000
-76.230000
-76.790000
-76.790000
-77.370000
-78.440000
-78.140000
-77.950000
-77.970000
-78.310000
-78.720000
-78.870000
-79.300000
-79.230000
-79.530000
-79.760000
-80.530000
-80.530000
-81.050000
-81.430000
-81.180000
-81.230000
-82.060000
-83.080000
-83.420000
-84.200000
-84.540000
-85.320000
-85.060000
-85.640000
-87.040000
-87.650000
-87.390000
-88.430000
-89.200000
-89.200000
-89.790000
-90.450000
-90.690000
-90.740000
-90.850000
-91.620000
-92.270000
-92.280000
-92.500000
-92.120000
-92.120000
-92.450000
-92.760000
-93.110000
-93.440000
-94.290000
-94.180000
-94.400000
-94.750000
-95.080000
-95.460000
-95.800000
-96.130000
-96.470000
-96.890000
-97.210000
-97.540000
-98.040000
-98.270000
-98.640000
-98.840000
-100.340000
-100.710000
-101.430000
-101.180000
-101.520000
-102.380000
-102.530000
-103.310000
-103.310000
-103.310000
-103.550000
-104.040000
-104.040000
-104.280000
-104.390000
-106.770000
-106.770000
-107.260000
-107.590000
-108.360000
-108.680000
-108.900000
-109.520000
-109.890000
-110.670000
-111.350000
-111.690000
-112.030000
-112.260000
-112.600000
-112.940000
-113.280000
-113.620000
-113.960000
-114.070000
-114.070000
-114.070000
-113.960000
-113.960000
-113.960000
-113.960000
-113.960000
-114.080000
-114.080000
-114.080000
-114.080000
-114.060000
-113.940000
-113.940000
-113.940000
-113.940000
-113.940000
-113.940000
-113.940000
-113.940000
-114.060000
-113.940000
-113.940000
-113.950000
-113.950000
-113.950000
-113.950000
-113.950000
-113.950000
-113.950000
-114.210000
-113.940000
-113.820000
-113.820000
-113.560000
-113.570000
-113.430000
-113.310000
-113.300000
-113.300000
-113.170000
-113.170000
-112.920000
-113.030000
-112.900000
-112.650000
-112.630000
-111.640000
-111.640000
-111.630000
-111.600000
-111.230000
-110.890000
-110.550000
-110.210000
-109.870000
-109.710000
-108.940000
-108.860000
-108.610000
-108.430000
-108.250000
-108.210000
-108.170000
-108.130000
-108.080000
-108.010000
-108.070000
-108.240000
-108.300000
-108.090000
-107.990000
-107.930000
-107.720000
-107.790000
-107.590000
-107.480000
-107.490000
-107.500000
-107.630000
-107.630000
-106.660000
-106.660000
-106.670000
-106.550000
-106.570000
-106.540000
-106.420000
-106.420000
-106.420000
-106.440000
-106.440000
-106.340000
-106.330000
-106.330000
-106.220000
-106.100000
-106.000000
-105.900000
-105.880000
-105.850000
-105.650000
-105.560000
-105.360000
-105.380000
-105.280000
-105.190000
-105.190000
-105.150000
-105.180000
-105.080000
-105.020000
-105.190000
-105.260000
-105.280000
-104.980000
-104.690000
-104.750000
-104.460000
-104.470000
-103.570000
-103.670000
-103.490000
-103.290000
-102.990000
-102.690000
-102.490000
-102.600000
-102.420000
-102.120000
-101.410000
-101.010000
-101.060000
-100.370000
-100.770000
-101.200000
-101.560000
-101.940000
-102.100000
-102.160000
-102.430000
-102.370000
-102.640000
-102.350000
-102.540000
-102.810000
-101.500000
-102.200000
-101.820000
-102.230000
-102.190000
-101.110000
-101.280000
-101.760000
-101.810000
-102.150000
-102.420000
-102.900000
-102.560000
-102.760000
-103.120000
-102.810000
-102.670000
-102.420000
-102.590000
-102.820000
-102.200000
-102.060000
-101.530000
-101.440000
-101.360000
-101.280000
-100.670000
-100.860000
-100.600000
-100.490000
-100.530000
-100.340000
-100.210000
-100.220000
-99.920000
-100.870000
-100.570000
-99.870000
-99.910000
-99.490000
-98.440000
-98.070000
-98.050000
-97.760000
-97.620000
-95.810000
-94.500000
-94.500000
-94.380000
-94.020000
-93.060000
-93.040000
-91.790000
-91.120000
-90.460000
-90.050000
-89.080000
-88.570000
-87.140000
-86.750000
-86.120000
-84.710000
-83.360000
-82.040000
-81.170000
-80.130000
-79.590000
-78.850000
-77.050000
-77.330000
-76.740000
-75.260000
-74.860000
-73.770000
-73.590000
-72.200000
-70.970000
-69.240000
-68.130000
-67.740000
-67.170000
-66.310000
-65.820000
-64.830000
-64.860000
-64.510000
-63.170000
-62.450000
-61.150000
-59.660000
-58.380000
-56.820000
-53.810000
-52.450000
-51.770000
-50.530000
-49.770000
-48.650000
-47.860000
-46.460000
-45.660000
-45.080000
-44.280000
-42.590000
-41.150000
-41.310000
-40.790000
-39.160000
-38.160000
-36.860000
-33.410000
-33.100000
-32.770000
-31.430000
-30.390000
-30.330000
-29.990000
-29.510000
-27.040000
-25.380000
-25.400000
-25.460000
-25.210000
-24.680000
-24.270000
-23.650000
-22.910000
-21.360000
-21.530000
-20.540000
-19.820000
-18.700000
-17.530000
-16.490000
-15.610000
-14.220000
-13.610000
-12.890000
-11.670000
-10.780000
-10.990000
-10.180000
-8.720000
-7.740000
-6.680000
-7.620000
-8.260000
-7.200000
-6.430000
-5.680000
-5.460000
-4.400000
-5.190000
-5.270000
-3.590000
-3.130000
-3.030000
-2.810000
-3.200000
-2.510000
-2.280000
-2.920000
-3.470000
-3.590000
-3.590000
-3.530000
-2.890000
-2.510000
-2.200000
-0.810000
-0.940000
-1.390000
-0.910000
-1.020000
-1.340000
-1.580000
-1.810000
-2.440000
-2.830000
-2.220000
-1.690000
-1.380000
-0.760000
-1.120000
-0.500000
-0.750000
-0.860000
0.240000
0.230000
0.360000
1.520000
1.400000
-0.460000
-0.560000
-0.190000
-0.440000
-0.050000
-0.290000
0.450000
0.080000
-0.410000
-0.650000
-0.780000
-0.950000
-1.620000
-2.070000
-1.950000
-2.200000
-2.670000
-3.100000
-5.730000
-5.310000
-5.110000
-4.300000
-3.090000
-2.820000
-2.040000
-1.990000
-3.170000
-3.780000
-3.370000
-2.270000
-1.940000
-1.660000
-0.940000
-0.770000
-1.440000
-2.040000
-0.900000
0.740000
0.770000
2.640000
2.290000
2.570000
2.180000
1.840000
2.490000
2.520000
2.050000
3.000000
5.180000
5.630000
5.200000
5.980000
5.480000
7.370000
7.420000
7.420000
7.250000
6.760000
7.700000
7.710000
8.080000
8.120000
6.480000
6.420000
6.390000
6.410000
6.120000
5.710000
5.240000
5.470000
5.810000
5.340000
5.320000
5.950000
5.370000
5.260000
4.470000
4.020000
3.750000
3.810000
3.790000
4.100000
4.210000
3.980000
3.980000
3.180000
2.570000
2.040000
1.800000
1.920000
1.040000
2.330000
2.490000
3.280000
3.120000
2.020000
1.530000
1.070000
-0.160000
-0.360000
-0.150000
-0.070000
0.080000
-0.440000
-0.840000
-0.950000
-1.920000
-0.560000
-1.040000
-1.090000
-1.290000
-2.520000
-2.750000
-3.200000
-3.460000
-3.600000
-3.910000
-3.960000
-3.900000
-3.620000
-1.990000
-3.090000
-4.390000
-4.790000
-5.230000
-4.990000
-5.560000
-5.660000
-5.970000
-6.580000
-6.880000
-7.160000
-7.860000
-7.640000
-7.300000
-7.760000
-7.820000
-9.690000
-9.440000
-11.740000
-11.780000
-12.450000
-12.080000
-12.650000
-13.680000
-14.580000
-14.320000
-16.000000
-17.840000
-18.720000
-18.800000
-20.220000
-19.740000
-21.730000
-21.250000
-21.350000
-21.440000
-20.990000
-21.740000
-22.330000
-22.870000
-22.880000
-22.980000
-22.780000
-22.840000
-22.950000
-22.380000
-22.610000
-22.080000
-22.250000
-22.800000
-23.060000
-23.430000
-24.800000
-24.710000
-25.190000
-25.190000
-25.510000
-25.300000
-25.490000
-24.630000
-25.080000
-25.370000
-24.260000
-24.010000
-23.530000
-23.470000
-23.270000
-23.300000
-23.980000
-23.670000
-25.020000
-25.290000
-25.310000
-25.700000
-26.190000
-25.650000
-25.590000
-25.580000
-25.930000
-26.080000
-26.350000
-26.120000
-25.650000
-25.090000
-25.490000
-25.350000
-27.000000
-25.930000
-25.960000
-25.990000
-25.100000
-24.930000
-24.660000
-24.290000
-23.980000
-23.940000
-23.860000
-23.930000
-24.590000
-25.090000
-25.580000
-25.070000
-24.470000
-24.430000
-24.580000
-24.060000
-23.690000
-23.370000
-22.760000
-22.390000
-22.400000
-22.180000
-22.030000
-21.770000
-21.430000
-21.900000
-21.920000
-21.750000
-21.800000
-21.900000
-20.130000
-18.950000
-17.340000
-16.980000
-16.320000
-16.170000
-15.380000
-15.530000
-15.900000
-15.820000
-15.030000
-15.370000
-15.750000
-15.960000
-16.470000
-16.330000
-17.000000
-17.570000
-17.160000
-16.530000
-15.270000
-15.230000
-15.270000
-14.100000
-14.120000
-13.030000
-11.190000
-11.260000
-11.070000
-10.800000
-10.040000
-9.200000
-8.550000
-8.630000
-7.990000
-7.180000
-6.710000
-6.530000
-6.730000
-7.850000
-7.530000
-7.530000
-8.470000
-8.770000
-8.280000
-6.410000
-6.710000
-7.190000
-6.980000
-6.280000
-6.230000
-6.600000
-5.530000
-5.520000
-5.370000
-5.800000
-5.600000
-4.260000
-4.020000
-4.320000
-4.190000
-4.300000
-4.290000
-4.430000
-3.790000
-3.560000
-3.090000
-4.540000
-4.320000
-2.320000
-2.060000
-1.860000
-0.830000
-0.650000
-0.760000
-0.440000
-0.780000
-0.590000
1.110000
0.120000
0.390000
0.190000
0.190000
0.350000
0.450000
0.240000
0.050000
1.310000
1.320000
1.160000
1.190000
0.960000
0.560000
0.230000
0.560000
1.390000
1.960000
1.550000
1.830000
3.480000
1.710000
1.710000
0.490000
1.880000
3.840000
3.690000
4.680000
4.740000
5.540000
5.420000
4.480000
5.900000
6.450000
6.780000
8.350000
8.600000
9.010000
9.040000
10.040000
10.310000
9.410000
9.450000
10.620000
10.480000
10.790000
9.360000
7.800000
7.830000
7.940000
8.050000
7.280000
6.960000
7.850000
8.700000
9.040000
7.550000
7.440000
8.790000
10.250000
10.460000
9.930000
10.460000
10.460000
10.430000
10.120000
10.280000
10.620000
12.270000
12.110000
11.860000
11.940000
11.940000
10.150000
10.520000
11.790000
12.250000
12.120000
15.240000
15.570000
16.800000
17.100000
16.890000
18.220000
18.530000
17.600000
18.030000
18.130000
17.790000
18.030000
16.080000
16.180000
15.930000
15.240000
15.150000
15.050000
15.180000
16.960000
17.210000
15.760000
15.300000
15.980000
15.870000
15.410000
15.350000
15.280000
15.160000
17.420000
17.410000
17.500000
17.720000
18.910000
18.840000
19.300000
19.330000
19.610000
19.260000
19.630000
19.810000
19.820000
19.350000
20.080000
20.080000
20.720000
20.660000
19.300000
20.460000
19.460000
19.480000
20.520000
