-66.000000
-79.500000
-72.333333
-80.250000
-85.000000
-86.833333
-90.142857
-91.500000
-92.555556
-94.600000
-92.090909
-94.000000
-95.230769
-96.642857
-94.533333
-97.437500
-94.000000
-92.055556
-87.157895
-84.150000
-84.285714
-84.272727
-84.000000
-83.750000
-84.560000
-85.730769
-86.740741
-87.000000
-87.241379
-86.466667
-88.387097
-88.406250
-86.545455
-85.176471
-85.000000
-85.166667
-84.189189
-84.184211
-83.153846
-82.300000
-80.195122
-78.666667
-79.255814
-78.090909
-78.666667
-78.913043
-79.234043
-79.291667
-79.000000
-78.640000
-79.901961
-79.730769
-79.339623
-79.148148
-78.872727
-78.714286
-78.824561
-78.448276
-78.271186
-77.316667
-77.000000
-77.790323
-78.047619
-77.437500
-77.184615
-77.287879
-77.014925
-77.558824
-77.246377
-76.885714
-77.239437
-76.402778
-76.630137
-76.202703
-76.186667
-75.684211
-75.337662
-75.717949
-76.177215
-75.325000
-75.580247
-76.024390
-76.000000
-74.809524
-75.611765
-76.139535
-76.402299
-76.738636
-76.651685
-76.344444
-76.241758
-76.228261
-75.591398
-75.797872
-76.000000
-76.312500
-76.556701
-77.234694
-77.898990
-77.800000
-77.990000
-77.310000
-78.150000
-78.540000
-78.930000
-79.390000
-79.720000
-80.140000
-80.570000
-80.350000
-80.940000
-80.230000
-80.040000
-79.950000
-80.360000
-79.700000
-79.680000
-79.840000
-80.600000
-81.080000
-80.700000
-80.900000
-81.160000
-81.540000
-81.660000
-81.670000
-81.700000
-81.510000
-81.320000
-81.590000
-81.390000
-81.560000
-82.240000
-82.750000
-83.000000
-82.760000
-83.310000
-83.630000
-84.350000
-84.050000
-85.150000
-86.250000
-86.270000
-87.420000
-87.810000
-88.340000
-88.820000
-89.430000
-90.210000
-91.020000
-91.030000
-91.760000
-92.610000
-92.120000
-92.530000
-92.870000
-93.180000
-93.770000
-94.250000
-95.200000
-95.780000
-95.680000
-95.900000
-96.550000
-97.100000
-97.420000
-97.870000
-97.890000
-98.490000
-99.130000
-99.270000
-100.140000
-100.370000
-101.080000
-101.490000
-101.720000
-102.020000
-101.640000
-101.270000
-101.270000
-100.500000
-99.570000
-100.090000
-101.080000
-100.400000
-99.860000
-99.200000
-98.890000
-98.480000
-98.640000
-99.030000
-98.470000
-99.340000
-99.060000
-98.600000
-98.070000
-97.630000
-96.750000
-96.070000
-96.140000
-96.350000
-97.360000
-96.690000
-96.010000
-95.330000
-94.660000
-93.980000
-93.100000
-92.010000
-91.850000
-91.140000
-91.160000
-91.000000
-90.490000
-90.100000
-90.100000
-90.400000
-90.200000
-89.990000
-90.300000
-91.240000
-91.620000
-92.010000
-92.290000
-92.560000
-92.830000
-93.110000
-92.910000
-92.910000
-92.390000
-91.880000
-91.970000
-91.200000
-91.040000
-90.750000
-90.550000
-90.180000
-89.510000
-89.510000
-90.480000
-90.580000
-90.480000
-90.460000
-90.070000
-89.190000
-89.020000
-88.160000
-86.920000
-86.040000
-85.660000
-85.380000
-85.100000
-84.820000
-85.160000
-84.780000
-84.290000
-83.740000
-83.370000
-83.000000
-82.340000
-81.930000
-80.960000
-80.950000
-80.080000
-80.070000
-79.970000
-79.680000
-79.270000
-78.300000
-78.280000
-77.310000
-76.650000
-75.870000
-75.460000
-75.050000
-75.190000
-75.150000
-75.230000
-74.670000
-74.780000
-75.380000
-75.380000
-74.730000
-74.770000
-75.060000
-75.300000
-75.160000
-75.160000
-75.830000
-75.370000
-74.500000
-74.690000
-74.440000
-74.380000
-75.050000
-75.680000
-76.280000
-76.890000
-77.300000
-77.710000
-77.810000
-77.450000
-76.890000
-76.890000
-76.890000
-76.890000
-76.330000
-76.510000
-77.320000
-77.610000
-78.220000
-78.920000
-78.720000
-78.840000
-79.210000
-79.070000
-79.560000
-80.170000
-80.790000
-80.890000
-80.620000
-80.360000
-79.970000
-79.690000
-78.800000
-77.840000
-76.790000
-76.430000
-75.870000
-75.670000
-75.110000
-74.710000
-75.280000
-74.710000
-74.710000
-74.820000
-74.550000
-74.810000
-73.840000
-72.870000
-71.900000
-71.330000
-71.450000
-70.960000
-70.960000
-70.240000
-70.840000
-71.320000
-71.440000
-70.690000
-70.010000
-69.050000
-68.640000
-68.850000
-68.370000
-68.490000
-68.790000
-68.550000
-68.430000
-68.120000
-67.920000
-67.920000
-66.960000
-67.340000
-66.980000
-66.710000
-67.120000
-67.530000
-67.890000
-67.360000
-67.780000
-68.440000
-69.220000
-69.630000
-69.920000
-70.330000
-70.740000
-71.150000
-72.120000
-73.090000
-73.460000
-73.820000
-73.400000
-73.120000
-72.270000
-72.100000
-72.700000
-73.110000
-72.710000
-72.380000
-73.340000
-73.630000
-73.630000
-73.690000
-73.570000
-73.450000
-73.330000
-72.720000
-71.990000
-71.500000
-71.250000
-70.430000
-70.430000
-70.350000
-69.790000
-69.790000
-69.680000
-69.500000
-69.250000
-68.870000
-68.260000
-67.650000
-67.650000
-67.530000
-67.530000
-67.470000
-67.220000
-66.730000
-66.240000
-65.270000
-65.370000
-65.640000
-66.030000
-66.300000
-67.220000
-67.530000
-67.330000
-67.330000
-68.400000
-68.490000
-69.360000
-69.360000
-68.690000
-68.900000
-68.900000
-69.070000
-69.420000
-69.420000
-69.420000
-69.420000
-69.420000
-69.620000
-69.250000
-69.250000
-69.250000
-69.260000
-68.770000
-68.650000
-68.650000
-68.720000
-68.430000
-68.670000
-68.470000
-68.270000
-68.630000
-68.510000
-68.150000
-68.150000
-68.030000
-68.390000
-68.420000
-68.780000
-69.260000
-69.750000
-70.000000
-70.000000
-69.390000
-68.780000
-68.780000
-68.720000
-68.660000
-67.250000
-66.890000
-66.280000
-66.190000
-66.190000
-65.580000
-64.970000
-64.500000
-63.890000
-63.280000
-63.280000
-63.640000
-63.680000
-64.040000
-63.850000
-63.610000
-63.350000
-63.470000
-64.520000
-63.960000
-63.840000
-63.710000
-63.590000
-63.100000
-62.970000
-62.120000
-62.480000
-62.600000
-62.720000
-62.480000
-63.310000
-63.790000
-64.030000
-64.750000
-64.900000
-65.730000
-66.090000
-66.080000
-66.090000
-66.090000
-66.210000
-66.330000
-66.470000
-65.620000
-65.980000
-65.620000
-65.860000
-65.770000
-66.090000
-65.270000
-64.510000
-63.630000
-62.750000
-62.200000
-62.320000
-62.630000
-62.990000
-62.400000
-62.310000
-61.440000
-61.190000
-61.500000
-61.300000
-61.140000
-60.890000
-60.330000
-60.490000
-60.850000
-61.210000
-61.570000
-61.690000
-61.570000
-61.440000
-61.390000
-61.390000
-61.860000
-61.860000
-61.740000
-61.930000
-62.530000
-62.480000
-62.320000
-62.270000
-62.190000
-62.070000
-62.070000
-62.070000
-62.180000
-62.190000
-62.270000
-62.270000
-62.150000
-61.660000
-61.170000
-60.930000
-61.290000
-61.650000
-61.650000
-62.010000
-62.360000
-63.640000
-63.740000
-63.740000
-63.340000
-62.610000
-61.890000
-62.010000
-62.220000
-62.360000
-62.360000
-62.480000
-62.600000
-62.720000
-63.080000
-63.320000
-64.000000
-64.240000
-64.710000
-64.840000
-65.380000
-65.740000
-65.870000
-66.120000
-66.480000
-66.510000
-67.150000
-67.070000
-67.350000
-67.390000
-67.420000
-67.230000
-67.170000
-67.160000
-67.160000
-66.860000
-66.860000
-66.860000
-66.870000
-66.810000
-66.870000
-66.800000
-66.680000
-66.540000
-67.260000
-67.260000
-67.320000
-67.020000
-67.050000
-67.140000
-67.300000
-67.180000
-67.530000
-67.880000
-67.520000
-67.170000
-67.220000
-67.110000
-67.100000
-67.460000
-67.820000
-68.220000
-68.740000
-69.450000
-69.650000
-70.060000
-70.780000
-70.420000
-70.780000
-70.660000
-70.540000
-70.060000
-70.300000
-70.430000
-70.480000
-70.480000
-69.890000
-69.890000
-69.890000
-69.890000
-70.010000
-70.050000
-70.560000
-70.970000
-71.170000
-71.170000
-71.130000
-71.170000
-70.940000
-71.290000
-71.300000
-71.180000
-71.060000
-71.180000
-71.060000
-70.900000
-70.180000
-69.460000
-69.300000
-68.780000
-68.290000
-68.280000
-68.290000
-68.290000
-68.650000
-69.130000
-69.850000
-69.730000
-69.730000
-69.940000
-69.940000
-69.820000
-69.700000
-69.580000
-69.220000
-68.980000
-68.300000
-67.710000
-67.120000
-66.630000
-66.410000
-66.400000
-66.160000
-65.790000
-65.780000
-65.270000
-64.990000
-65.070000
-64.790000
-64.870000
-65.080000
-64.910000
-65.200000
-64.730000
-64.490000
-64.800000
-64.800000
-64.320000
-64.320000
-64.140000
-63.960000
-63.800000
-64.160000
-64.510000
-64.030000
-63.550000
-63.370000
-63.660000
-63.480000
-63.310000
-63.100000
-62.940000
-62.430000
-61.920000
-61.760000
-61.600000
-61.480000
-61.940000
-61.950000
-61.830000
-62.180000
-62.180000
-62.170000
-61.700000
-61.340000
-60.860000
-60.380000
-60.260000
-59.890000
-59.890000
-59.890000
-59.890000
-59.410000
-59.290000
-59.170000
-59.050000
-58.930000
-59.290000
-59.170000
-59.010000
-58.530000
-58.540000
-58.070000
-57.550000
-57.270000
-57.270000
-57.190000
-57.030000
-56.990000
-56.470000
-56.020000
-56.020000
-56.020000
-55.780000
-55.900000
-56.410000
-57.130000
-57.840000
-58.350000
-58.390000
-58.490000
-58.490000
-58.120000
-58.480000
-58.000000
-57.520000
-57.630000
-57.500000
-57.500000
-57.030000
-56.910000
-56.900000
-56.780000
-56.660000
-57.010000
-57.360000
-57.720000
-58.070000
-58.420000
-58.300000
-58.290000
-58.110000
-58.470000
-58.940000
-58.940000
-59.300000
-59.420000
-59.300000
-59.660000
-59.660000
-59.660000
-59.850000
-59.800000
-60.270000
-60.510000
-60.500000
-60.020000
-60.490000
-60.480000
-60.960000
-61.690000
-62.160000
-62.040000
-62.050000
-62.530000
-63.000000
-63.470000
-63.110000
-63.110000
-63.110000
-63.620000
-63.900000
-63.940000
-64.090000
-64.610000
-65.120000
-65.590000
-65.600000
-65.360000
-65.360000
-64.890000
-64.420000
-63.950000
-64.030000
-64.030000
-64.030000
-64.500000
-64.500000
-64.390000
-64.390000
-64.860000
-64.970000
-65.080000
-65.080000
-65.550000
-65.550000
-65.660000
-65.180000
-65.180000
-65.220000
-65.220000
-65.210000
-65.570000
-66.080000
-66.590000
-67.070000
-67.540000
-67.650000
-67.800000
-68.310000
-68.990000
-69.460000
-69.930000
-69.930000
-69.810000
-69.340000
-69.570000
-69.100000
-68.630000
-68.630000
-68.550000
-68.080000
-67.970000
-67.490000
-67.960000
-68.190000
-67.960000
-68.440000
-68.440000
-68.440000
-68.440000
-68.330000
-68.330000
-68.090000
-67.380000
-66.990000
-66.510000
-66.040000
-65.570000
-65.570000
-65.100000
-64.810000
-64.330000
-63.860000
-63.390000
-63.740000
-63.500000
-63.140000
-62.660000
-62.180000
-61.700000
-61.390000
-61.050000
-60.580000
-60.100000
-59.700000
-59.700000
-59.230000
-58.760000
-58.280000
-57.620000
-57.140000
-56.780000
-56.300000
-55.820000
-55.350000
-54.880000
-54.770000
-54.850000
-54.850000
-54.380000
-54.140000
-54.140000
-54.100000
-54.340000
-53.870000
-53.480000
-53.080000
-52.840000
-52.840000
-52.840000
-52.840000
-52.840000
-52.760000
-53.680000
-53.680000
-53.210000
-53.210000
-53.210000
-53.210000
-52.740000
-52.630000
-52.280000
-52.040000
-51.330000
-51.190000
-51.040000
-51.000000
-50.860000
-50.940000
-50.700000
-50.780000
-50.500000
-50.110000
-49.640000
-49.240000
-48.730000
-48.480000
-48.130000
-47.520000
-46.910000
-46.200000
-45.810000
-45.890000
-45.650000
-45.510000
-44.660000
-44.520000
-44.280000
-44.280000
-44.360000
-44.430000
-44.430000
-44.430000
-43.960000
-43.810000
-43.570000
-42.860000
-42.350000
-42.350000
-41.750000
-41.830000
-41.230000
-41.550000
-41.870000
-41.650000
-41.610000
-41.570000
-41.530000
-41.490000
-41.350000
-41.110000
-41.190000
-41.050000
-40.910000
-40.060000
-39.920000
-39.780000
-39.640000
-39.500000
