-115.000000
-104.000000
-96.333333
-95.250000
-86.800000
-84.166667
-84.857143
-86.250000
-88.777778
-84.700000
-86.090909
-87.333333
-88.538462
-88.714286
-89.333333
-90.687500
-90.529412
-92.000000
-92.263158
-90.800000
-90.857143
-93.181818
-89.739130
-90.625000
-89.520000
-88.346154
-89.962963
-87.785714
-86.862069
-85.966667
-85.870968
-85.406250
-87.060606
-88.647059
-88.685714
-87.333333
-86.594595
-85.763158
-85.717949
-83.950000
-84.000000
-82.880952
-82.279070
-81.772727
-81.511111
-82.826087
-82.340426
-82.541667
-82.734694
-81.640000
-80.784314
-80.865385
-80.056604
-78.611111
-77.654545
-77.196429
-76.508772
-75.844828
-74.796610
-74.416667
-73.721311
-73.854839
-73.984127
-74.109375
-74.230769
-74.348485
-74.462687
-74.573529
-74.681159
-74.785714
-74.887324
-74.986111
-75.082192
-75.175676
-75.773333
-75.855263
-75.935065
-76.012821
-76.088608
-76.162500
-75.617284
-75.451220
-75.289157
-74.416667
-73.564706
-72.872093
-72.471264
-72.079545
-71.696629
-71.966667
-72.230769
-71.858696
-72.075269
-72.329787
-72.747368
-73.156250
-73.556701
-73.948980
-74.333333
-74.710000
-74.680000
-74.870000
-75.180000
-75.070000
-75.660000
-76.070000
-75.990000
-75.990000
-75.280000
-74.940000
-73.960000
-73.450000
-73.230000
-73.120000
-72.940000
-72.620000
-72.360000
-71.990000
-71.810000
-71.800000
-71.500000
-70.600000
-70.480000
-69.690000
-69.560000
-68.990000
-67.690000
-67.420000
-67.130000
-67.030000
-66.220000
-65.530000
-64.150000
-63.000000
-62.240000
-62.170000
-61.950000
-62.320000
-62.440000
-63.210000
-63.270000
-63.820000
-64.170000
-64.490000
-64.750000
-64.290000
-64.070000
-63.530000
-62.990000
-63.090000
-63.090000
-63.160000
-63.120000
-64.020000
-64.720000
-65.160000
-64.920000
-64.560000
-63.650000
-62.720000
-61.780000
-60.980000
-60.180000
-59.380000
-58.580000
-57.780000
-56.980000
-55.650000
-55.160000
-54.660000
-54.160000
-53.960000
-53.760000
-53.560000
-53.180000
-53.180000
-53.180000
-52.980000
-52.180000
-51.380000
-51.080000
-50.480000
-49.880000
-50.240000
-50.600000
-51.420000
-51.420000
-51.420000
-51.960000
-51.850000
-51.460000
-51.460000
-50.920000
-50.220000
-49.240000
-48.140000
-47.420000
-46.440000
-45.700000
-44.710000
-43.970000
-43.230000
-43.030000
-42.360000
-41.630000
-40.530000
-39.860000
-38.920000
-37.840000
-38.620000
-39.340000
-38.140000
-37.710000
-37.830000
-37.990000
-38.120000
-38.420000
-38.580000
-38.910000
-39.410000
-39.910000
-40.350000
-41.180000
-41.600000
-40.680000
-39.560000
-38.440000
-37.290000
-35.840000
-35.840000
-36.330000
-35.070000
-33.920000
-32.530000
-33.010000
-33.300000
-33.540000
-33.240000
-32.900000
-32.600000
-32.300000
-32.580000
-32.280000
-32.180000
-32.040000
-31.700000
-31.940000
-32.060000
-32.180000
-32.300000
-32.420000
-32.120000
-32.400000
-30.350000
-28.260000
-26.170000
-26.650000
-27.130000
-27.480000
-28.390000
-29.510000
-29.990000
-28.840000
-27.690000
-26.620000
-27.520000
-27.720000
-29.010000
-29.800000
-29.120000
-30.220000
-31.030000
-31.840000
-32.650000
-33.260000
-33.590000
-33.920000
-34.720000
-36.050000
-37.110000
-37.640000
-38.400000
-39.490000
-40.230000
-40.970000
-41.130000
-40.390000
-39.650000
-39.890000
-39.930000
-39.950000
-40.560000
-40.770000
-41.400000
-42.380000
-43.480000
-44.200000
-45.180000
-45.600000
-46.590000
-47.330000
-46.590000
-46.470000
-47.130000
-45.610000
-44.460000
-45.120000
-45.900000
-46.240000
-44.190000
-42.320000
-41.890000
-42.430000
-42.430000
-42.380000
-42.370000
-42.370000
-42.210000
-42.210000
-41.640000
-41.320000
-40.000000
-38.790000
-39.170000
-40.710000
-42.930000
-43.670000
-44.580000
-46.830000
-47.110000
-47.720000
-50.080000
-52.330000
-54.580000
-54.180000
-54.360000
-54.540000
-54.720000
-54.910000
-55.090000
-54.110000
-54.070000
-54.600000
-53.420000
-53.640000
-54.010000
-54.380000
-54.870000
-55.260000
-55.920000
-56.580000
-56.150000
-55.620000
-57.910000
-60.190000
-62.480000
-63.020000
-63.680000
-65.260000
-65.920000
-66.580000
-67.240000
-69.540000
-71.710000
-72.850000
-72.020000
-72.090000
-71.700000
-71.620000
-72.170000
-71.540000
-70.200000
-68.960000
-68.690000
-68.420000
-67.360000
-65.850000
-65.470000
-65.240000
-65.280000
-65.530000
-65.540000
-64.070000
-63.040000
-61.560000
-61.560000
-61.560000
-62.710000
-62.590000
-62.490000
-62.690000
-62.690000
-62.890000
-62.790000
-62.060000
-61.730000
-61.770000
-61.040000
-61.030000
-61.050000
-61.120000
-62.600000
-62.590000
-62.770000
-65.090000
-67.410000
-67.400000
-67.740000
-69.260000
-71.520000
-73.690000
-75.980000
-76.220000
-76.460000
-76.710000
-76.960000
-77.200000
-77.560000
-77.230000
-77.360000
-77.690000
-79.210000
-80.730000
-80.770000
-80.810000
-80.820000
-82.340000
-83.450000
-83.520000
-83.870000
-83.910000
-83.920000
-83.960000
-84.000000
-84.940000
-85.300000
-85.660000
-85.850000
-85.830000
-85.820000
-86.970000
-86.940000
-86.980000
-88.530000
-88.480000
-88.480000
-88.280000
-88.280000
-87.780000
-87.610000
-86.840000
-87.040000
-87.140000
-87.140000
-85.630000
-84.110000
-83.940000
-83.980000
-83.810000
-83.640000
-83.470000
-83.300000
-82.520000
-82.350000
-83.060000
-83.770000
-84.280000
-84.690000
-84.450000
-85.230000
-85.250000
-85.960000
-86.680000
-86.320000
-86.280000
-85.830000
-85.830000
-85.950000
-85.960000
-86.000000
-86.350000
-86.710000
-88.230000
-89.300000
-90.790000
-90.830000
-92.350000
-92.680000
-91.280000
-90.130000
-88.980000
-89.150000
-89.510000
-89.840000
-90.230000
-89.080000
-89.080000
-89.820000
-90.190000
-90.210000
-90.180000
-90.190000
-90.530000
-90.710000
-90.680000
-90.650000
-91.020000
-91.040000
-91.040000
-91.070000
-91.190000
-91.190000
-91.190000
-91.190000
-91.160000
-91.160000
-91.160000
-91.150000
-91.520000
-92.000000
-92.030000
-92.030000
-92.010000
-92.010000
-91.980000
-91.990000
-91.970000
-92.230000
-92.200000
-92.210000
-92.180000
-92.190000
-92.190000
-92.170000
-92.140000
-92.120000
-92.100000
-92.250000
-92.250000
-92.590000
-92.480000
-92.490000
-92.430000
-92.370000
-92.170000
-92.320000
-92.660000
-92.800000
-93.550000
-93.700000
-94.440000
-95.180000
-96.150000
-96.130000
-97.650000
-99.140000
-99.290000
-99.230000
-99.390000
-99.550000
-99.710000
-99.870000
-100.630000
-100.910000
-101.260000
-101.490000
-101.920000
-102.350000
-102.700000
-102.760000
-102.990000
-103.350000
-103.480000
-103.840000
-103.500000
-105.090000
-106.670000
-106.660000
-106.110000
-106.110000
-105.890000
-105.670000
-105.440000
-105.440000
-105.470000
-105.470000
-105.470000
-105.510000
-107.030000
-108.550000
-110.070000
-110.070000
-110.080000
-110.120000
-110.490000
-112.000000
-111.990000
-112.010000
-112.000000
-112.000000
-112.000000
-111.330000
-111.360000
-111.350000
-111.340000
-111.330000
-111.330000
-111.320000
-111.200000
-111.190000
-111.180000
-111.070000
-110.960000
-110.960000
-110.990000
-110.990000
-110.990000
-111.000000
-111.000000
-111.000000
-110.890000
-110.880000
-110.900000
-110.900000
-110.930000
-110.720000
-110.730000
-110.510000
-110.280000
-110.070000
-109.870000
-109.660000
-109.650000
-109.860000
-109.880000
-109.790000
-109.580000
-109.480000
-109.840000
-109.640000
-110.160000
-109.950000
-109.870000
-109.900000
-110.270000
-110.360000
-110.430000
-110.560000
-109.880000
-109.900000
-109.230000
-108.560000
-107.860000
-107.180000
-107.070000
-106.270000
-105.590000
-105.400000
-105.370000
-105.340000
-104.970000
-104.940000
-104.910000
-103.400000
-103.370000
-102.800000
-101.900000
-100.200000
-98.690000
-98.440000
-98.100000
-98.060000
-98.140000
-98.100000
-98.440000
-96.850000
-95.160000
-93.650000
-94.020000
-92.500000
-92.350000
-92.200000
-92.050000
-91.440000
-91.740000
-91.770000
-91.810000
-91.840000
-91.840000
-91.840000
-91.880000
-90.360000
-88.840000
-87.320000
-87.290000
-86.420000
-86.190000
-85.960000
-83.680000
-83.070000
-82.440000
-81.820000
-81.780000
-81.160000
-80.470000
-80.520000
-80.560000
-80.600000
-80.600000
-80.650000
-80.540000
-79.130000
-79.280000
-79.310000
-79.340000
-79.370000
-79.370000
-79.370000
-79.370000
-79.290000
-78.040000
-78.010000
-76.860000
-76.820000
-76.780000
-76.130000
-75.200000
-74.970000
-74.270000
-74.260000
-74.250000
-74.240000
-74.010000
-73.580000
-73.350000
-73.220000
-73.210000
-73.090000
-72.470000
-72.070000
-71.990000
-72.180000
-71.410000
-70.530000
-69.790000
-69.110000
-68.190000
-67.100000
-67.170000
-65.850000
-66.510000
-65.800000
-65.100000
-63.610000
-63.680000
-63.880000
-63.950000
-63.920000
-63.720000
-63.520000
-63.660000
-61.410000
-59.160000
-58.390000
-58.190000
-56.600000
-57.190000
-58.280000
-59.560000
-57.650000
-55.820000
-53.460000
-53.020000
-50.660000
-48.410000
-49.440000
-50.730000
-51.450000
-48.370000
-47.740000
-46.790000
-45.010000
-45.050000
-45.320000
-44.480000
-43.950000
-42.340000
-41.920000
-41.430000
-41.090000
-40.710000
-41.890000
-42.970000
-44.000000
-43.560000
-42.150000
-40.100000
-38.050000
-37.470000
-37.200000
-35.680000
-34.960000
-32.940000
-31.030000
-31.410000
-30.740000
-30.070000
-27.650000
-25.540000
-23.040000
-21.160000
-20.390000
-18.060000
-15.740000
-15.470000
-15.200000
-14.960000
-14.720000
-14.480000
-14.320000
-14.800000
-13.960000
-12.820000
-12.620000
-11.940000
-12.210000
-12.540000
-12.260000
-12.580000
-12.210000
-10.160000
-8.110000
-6.060000
-4.010000
-3.590000
-1.540000
1.140000
1.140000
2.800000
4.680000
5.300000
7.660000
9.070000
10.480000
12.030000
13.820000
15.450000
16.860000
16.890000
16.110000
18.470000
17.550000
16.620000
16.940000
17.560000
19.330000
20.990000
20.990000
23.040000
25.090000
27.140000
25.510000
23.880000
23.880000
24.300000
22.670000
22.770000
22.670000
22.870000
21.120000
21.620000
19.880000
20.060000
20.550000
21.170000
20.920000
20.820000
20.260000
17.210000
15.300000
14.600000
14.870000
14.770000
14.670000
17.110000
19.440000
20.160000
20.310000
20.360000
20.560000
20.660000
20.660000
20.560000
20.410000
20.270000
18.320000
16.080000
14.130000
11.600000
11.060000
9.250000
7.550000
5.830000
3.630000
3.650000
3.360000
3.070000
1.020000
-0.870000
-2.990000
-4.650000
-6.500000
-8.350000
-10.300000
-10.200000
-10.100000
-10.000000
-9.900000
-9.800000
-9.700000
-10.240000
-10.780000
-12.630000
-12.430000
-12.710000
-12.780000
-12.850000
-13.050000
-13.160000
-13.230000
-14.980000
-16.730000
-18.020000
-18.070000
-16.080000
-16.790000
-18.130000
-15.620000
-15.790000
-16.130000
-14.650000
-15.010000
-16.900000
-18.650000
-20.560000
-20.430000
-20.850000
-21.210000
-19.640000
-18.000000
-17.890000
-16.260000
-16.190000
-18.330000
-18.450000
-20.310000
-22.060000
-21.760000
-23.610000
-25.560000
-27.510000
-27.830000
-28.150000
-30.100000
-30.320000
-30.440000
-30.730000
-30.730000
-30.730000
-30.730000
-32.980000
-32.850000
-33.170000
-35.720000
-38.090000
-37.790000
-37.340000
-37.040000
-36.940000
-36.840000
-37.130000
-39.220000
-39.120000
-39.020000
-41.660000
-44.150000
-46.100000
-46.100000
-46.100000
-46.100000
-46.150000
-46.100000
-45.650000
-45.200000
-45.130000
-43.390000
-41.300000
-39.520000
-37.690000
-37.530000
