-103.000000
-98.500000
-106.000000
-102.500000
-108.400000
-110.500000
-113.285714
-105.500000
-101.000000
-101.200000
-102.090909
-98.750000
-99.538462
-100.428571
-99.266667
-94.687500
-96.823529
-94.444444
-91.526316
-92.600000
-89.285714
-88.000000
-88.956522
-86.458333
-85.600000
-84.346154
-85.333333
-87.357143
-86.517241
-86.000000
-87.096774
-87.406250
-86.969697
-86.529412
-86.600000
-87.055556
-87.459459
-87.473684
-86.025641
-85.475000
-86.585366
-86.738095
-87.302326
-87.000000
-87.622222
-87.108696
-86.595745
-85.729167
-86.326531
-86.440000
-87.392157
-86.807692
-87.830189
-85.759259
-86.581818
-86.125000
-86.771930
-87.344828
-87.423729
-87.683333
-87.688525
-87.887097
-88.126984
-87.640625
-87.600000
-87.954545
-87.492537
-87.764706
-88.246377
-88.428571
-88.197183
-88.527778
-88.520548
-88.364865
-89.066667
-89.631579
-89.558442
-89.153846
-89.822785
-90.437500
-90.827160
-90.987805
-90.626506
-90.916667
-91.000000
-91.325581
-91.034483
-91.352273
-91.955056
-92.455556
-92.670330
-92.804348
-93.053763
-92.882979
-92.926316
-93.343750
-93.134021
-93.346939
-93.191919
-92.650000
-92.590000
-92.840000
-92.740000
-92.300000
-91.750000
-91.760000
-91.270000
-91.070000
-91.400000
-91.790000
-91.130000
-91.610000
-91.160000
-91.270000
-91.330000
-91.230000
-90.810000
-91.000000
-91.110000
-90.420000
-91.300000
-92.040000
-91.510000
-91.580000
-92.000000
-91.940000
-91.040000
-90.250000
-90.990000
-90.690000
-90.560000
-90.020000
-89.710000
-89.590000
-89.470000
-89.650000
-89.300000
-89.330000
-89.990000
-90.280000
-89.600000
-89.770000
-88.930000
-89.610000
-89.230000
-89.630000
-90.120000
-90.380000
-89.630000
-89.760000
-89.310000
-89.610000
-88.930000
-89.500000
-88.660000
-88.940000
-88.830000
-88.370000
-87.730000
-88.030000
-88.280000
-88.420000
-88.540000
-89.050000
-89.340000
-89.010000
-89.560000
-89.400000
-88.850000
-88.250000
-88.540000
-87.550000
-87.730000
-87.810000
-87.710000
-87.390000
-87.430000
-87.250000
-86.910000
-86.410000
-85.570000
-85.390000
-85.900000
-84.960000
-84.450000
-84.670000
-84.420000
-83.780000
-83.340000
-83.290000
-83.540000
-83.380000
-83.530000
-83.560000
-83.170000
-82.610000
-82.720000
-82.140000
-82.570000
-83.630000
-83.700000
-83.610000
-83.490000
-84.140000
-84.470000
-83.850000
-84.150000
-85.150000
-84.580000
-83.060000
-83.070000
-82.800000
-83.160000
-83.340000
-83.490000
-84.640000
-84.440000
-84.300000
-84.930000
-85.610000
-85.490000
-84.620000
-84.430000
-85.030000
-84.850000
-85.160000
-85.860000
-85.900000
-85.410000
-86.040000
-85.810000
-85.810000
-85.780000
-85.720000
-86.000000
-85.640000
-85.820000
-85.840000
-86.190000
-86.760000
-87.280000
-86.450000
-87.160000
-86.310000
-85.960000
-85.990000
-85.480000
-85.720000
-86.080000
-85.650000
-85.300000
-85.030000
-85.130000
-85.180000
-85.610000
-85.490000
-84.890000
-85.460000
-85.940000
-85.700000
-85.410000
-84.990000
-84.990000
-85.130000
-85.160000
-85.050000
-84.340000
-84.460000
-84.440000
-84.570000
-84.270000
-85.270000
-85.330000
-85.120000
-85.110000
-84.880000
-84.400000
-85.140000
-84.710000
-84.620000
-85.250000
-85.540000
-85.610000
-86.340000
-86.870000
-86.060000
-86.040000
-85.870000
-85.900000
-85.300000
-84.880000
-84.280000
-84.090000
-83.630000
-84.350000
-84.290000
-83.290000
-83.210000
-82.690000
-82.000000
-81.900000
-81.800000
-81.710000
-81.580000
-81.330000
-81.480000
-81.480000
-80.820000
-81.190000
-82.720000
-83.270000
-82.400000
-81.720000
-81.070000
-80.630000
-80.210000
-80.320000
-80.190000
-79.630000
-79.020000
-78.560000
-78.170000
-78.220000
-78.350000
-78.770000
-78.660000
-78.640000
-78.720000
-78.840000
-79.260000
-79.350000
-80.000000
-80.730000
-81.310000
-81.030000
-80.850000
-81.190000
-80.800000
-80.640000
-80.260000
-79.700000
-80.080000
-79.300000
-79.520000
-79.850000
-79.600000
-80.090000
-79.710000
-79.840000
-79.790000
-79.560000
-79.920000
-79.980000
-80.720000
-80.560000
-80.910000
-81.010000
-80.600000
-80.470000
-79.890000
-80.390000
-80.780000
-80.340000
-79.790000
-79.290000
-79.080000
-79.390000
-79.040000
-79.410000
-80.000000
-79.050000
-78.400000
-78.350000
-78.400000
-78.220000
-78.270000
-78.540000
-77.830000
-78.060000
-78.250000
-78.370000
-77.870000
-77.560000
-77.420000
-77.610000
-77.390000
-78.050000
-78.780000
-78.560000
-78.610000
-78.520000
-78.960000
-78.300000
-79.090000
-78.510000
-79.130000
-79.450000
-79.240000
-79.280000
-78.850000
-78.180000
-78.030000
-77.560000
-77.360000
-77.450000
-77.440000
-77.710000
-77.970000
-77.580000
-76.820000
-77.220000
-77.900000
-78.350000
-77.670000
-78.210000
-77.790000
-77.660000
-78.000000
-78.630000
-79.070000
-79.080000
-80.110000
-80.390000
-79.760000
-78.520000
-78.390000
-78.600000
-78.540000
-78.580000
-78.070000
-77.140000
-76.940000
-76.600000
-76.210000
-75.700000
-76.020000
-75.250000
-75.820000
-75.460000
-75.450000
-75.530000
-76.010000
-76.820000
-76.710000
-76.790000
-76.360000
-76.160000
-76.710000
-76.810000
-77.320000
-78.140000
-78.280000
-78.130000
-78.120000
-78.680000
-78.270000
-78.420000
-77.970000
-77.910000
-77.710000
-77.430000
-77.150000
-77.190000
-76.870000
-75.970000
-76.560000
-77.120000
-77.360000
-77.500000
-77.000000
-77.900000
-78.340000
-77.670000
-77.870000
-77.920000
-77.510000
-77.270000
-77.890000
-77.880000
-77.530000
-76.990000
-76.330000
-76.100000
-76.010000
-75.850000
-76.000000
-75.430000
-74.750000
-74.530000
-74.330000
-74.050000
-74.740000
-74.080000
-73.870000
-74.290000
-73.940000
-74.440000
-75.540000
-76.130000
-75.500000
-75.810000
-75.960000
-76.660000
-76.910000
-77.120000
-76.870000
-75.850000
-75.890000
-76.170000
-76.290000
-75.620000
-75.760000
-75.760000
-77.020000
-75.870000
-76.120000
-76.560000
-76.470000
-76.460000
-76.500000
-76.440000
-76.210000
-76.250000
-76.940000
-77.620000
-77.780000
-77.620000
-77.740000
-77.940000
-78.020000
-78.850000
-78.550000
-78.350000
-78.990000
-79.090000
-79.330000
-79.930000
-79.870000
-79.960000
-79.330000
-79.450000
-79.560000
-79.310000
-79.670000
-79.460000
-79.340000
-79.410000
-78.970000
-79.120000
-78.950000
-78.640000
-78.660000
-79.340000
-78.870000
-78.480000
-78.870000
-78.940000
-78.970000
-78.760000
-78.270000
-77.810000
-77.970000
-77.940000
-78.270000
-78.470000
-78.450000
-78.290000
-78.510000
-78.690000
-78.570000
-79.260000
-78.650000
-79.460000
-79.640000
-79.730000
-80.070000
-80.340000
-80.060000
-79.860000
-79.940000
-80.800000
-81.690000
-81.530000
-81.550000
-81.170000
-81.570000
-81.770000
-81.620000
-81.120000
-81.550000
-81.450000
-80.840000
-81.110000
-80.700000
-80.600000
-80.770000
-80.490000
-80.040000
-79.760000
-80.620000
-80.880000
-80.520000
-79.520000
-79.720000
-79.690000
-80.080000
-80.610000
-80.310000
-81.060000
-81.110000
-81.240000
-81.500000
-81.370000
-80.550000
-81.150000
-81.420000
-81.080000
-81.190000
-80.700000
-80.830000
-80.780000
-80.740000
-80.550000
-79.290000
-79.010000
-79.460000
-79.270000
-78.510000
-78.470000
-78.210000
-78.100000
-78.280000
-78.600000
-78.150000
-77.550000
-76.560000
-76.430000
-76.140000
-76.130000
-75.730000
-75.120000
-74.760000
-74.880000
-73.920000
-73.810000
-74.100000
-73.440000
-72.320000
-71.660000
-71.370000
-71.860000
-71.740000
-71.190000
-70.990000
-70.670000
-70.270000
-70.070000
-70.830000
-70.510000
-72.090000
-72.650000
-72.220000
-72.220000
-72.680000
-73.010000
-73.100000
-72.970000
-73.190000
-73.150000
-73.110000
-72.710000
-73.390000
-72.550000
-71.430000
-71.520000
-71.480000
-72.130000
-72.510000
-72.400000
-72.910000
-72.150000
-72.710000
-72.610000
-72.240000
-72.350000
-71.200000
-71.850000
-72.670000
-72.410000
-72.050000
-72.410000
-72.380000
-72.410000
-72.700000
-72.310000
-71.830000
-72.160000
-71.330000
-70.950000
-71.490000
-70.620000
-70.500000
-71.090000
-70.730000
-70.320000
-70.490000
-70.730000
-70.280000
-69.480000
-68.640000
-68.330000
-67.950000
-67.740000
-67.930000
-68.010000
-67.520000
-66.930000
-66.890000
-66.580000
-66.100000
-66.580000
-66.860000
-66.590000
-67.590000
-68.240000
-67.380000
-67.870000
-68.980000
-69.200000
-68.770000
-68.830000
-69.000000
-68.150000
-68.220000
-69.590000
-69.740000
-70.240000
-70.100000
-69.640000
-70.320000
-70.230000
-69.940000
-69.320000
-69.480000
-69.990000
-70.430000
-70.520000
-72.280000
-72.700000
-72.620000
-71.770000
-71.410000
-70.990000
-71.090000
-70.970000
-71.390000
-71.240000
-70.280000
-71.400000
-71.210000
-69.930000
-69.840000
-70.330000
-69.850000
-70.130000
-70.020000
-66.990000
-66.350000
-66.100000
-66.630000
-66.890000
-67.180000
-67.000000
-67.390000
-66.490000
-66.500000
-66.200000
-65.730000
-65.980000
-64.750000
-64.700000
-64.200000
-64.820000
-65.500000
-65.720000
-66.320000
-65.800000
-65.380000
-66.220000
-65.590000
-65.740000
-65.610000
-66.860000
-66.470000
-66.940000
-66.070000
-65.560000
-66.130000
-66.890000
-66.680000
-66.910000
-66.290000
-66.560000
-66.190000
-66.180000
-65.960000
-66.130000
-66.290000
-66.020000
-66.180000
-65.820000
-65.920000
-66.080000
-66.030000
-65.830000
-66.450000
-66.820000
-66.130000
-66.870000
-66.330000
-66.060000
-65.930000
-65.460000
-64.970000
-64.320000
-63.870000
-63.740000
-62.870000
-62.320000
-63.020000
-62.710000
-62.590000
-63.560000
-63.810000
-63.120000
-63.200000
-62.920000
-63.280000
-63.980000
-64.160000
-64.750000
-65.060000
-64.910000
-65.350000
-63.550000
-63.050000
-63.470000
-63.320000
-63.460000
-63.590000
-64.220000
-64.620000
-64.280000
-64.640000
-64.880000
-65.130000
-64.590000
-64.690000
-64.120000
-63.910000
-64.610000
-64.880000
-63.430000
-63.240000
-63.650000
-63.790000
-66.700000
-66.090000
-65.410000
-65.530000
-64.720000
-63.610000
-64.370000
-64.590000
-64.100000
-64.150000
-63.070000
-63.340000
-62.010000
-62.290000
-61.650000
-61.100000
-59.520000
-59.450000
-58.750000
-58.950000
-58.980000
-58.200000
-58.150000
-58.910000
-59.020000
-58.580000
-57.620000
-57.540000
-57.200000
-58.280000
-59.110000
-59.370000
-59.110000
-58.880000
-59.500000
-60.160000
-59.440000
-58.190000
-57.840000
-57.590000
-57.050000
-57.200000
-57.490000
-58.090000
-59.250000
-59.630000
-59.180000
-59.450000
-59.340000
-58.510000
-58.650000
-58.830000
-59.130000
-60.340000
-60.280000
-59.860000
-60.400000
-59.720000
-60.400000
-61.480000
-61.090000
-61.330000
-60.830000
-59.950000
-58.940000
-58.800000
-58.290000
-57.820000
-58.380000
-58.810000
-57.790000
-57.470000
-57.350000
-57.220000
-57.420000
-57.640000
-58.300000
-58.440000
-60.140000
-60.780000
-61.000000
-59.790000
-59.850000
-59.850000
-59.900000
-59.990000
-60.710000
-60.450000
-60.200000
-59.410000
-60.110000
-60.150000
-60.400000
-59.750000
-60.320000
-60.000000
-60.960000
-61.180000
-60.860000
-60.270000
-60.080000
-60.510000
-60.820000
-60.110000
-60.290000
-61.040000
-60.750000
-60.660000
-61.860000
-61.590000
-62.750000
-62.370000
-63.250000
-63.200000
-63.450000
-64.050000
-65.370000
-65.100000
-65.380000
-65.800000
-66.280000
-67.250000
-67.580000
-67.760000
-67.420000
-67.200000
-67.960000
-68.970000
-69.310000
-69.690000
-68.940000
-69.330000
-69.120000
-69.340000
