-94.000000
-68.000000
-56.333333
-64.000000
-69.200000
-70.500000
-72.857143
-69.125000
-68.444444
-67.300000
-68.181818
-71.083333
-72.615385
-75.785714
-75.866667
-77.625000
-78.823529
-78.000000
-79.052632
-76.900000
-77.666667
-78.227273
-79.695652
-78.375000
-78.800000
-78.884615
-77.592593
-79.107143
-79.000000
-80.066667
-79.322581
-79.281250
-78.121212
-78.882353
-78.457143
-78.805556
-77.108108
-77.710526
-78.564103
-78.725000
-78.341463
-78.333333
-79.325581
-79.909091
-79.600000
-79.630435
-79.382979
-79.625000
-79.326531
-78.020000
-77.450980
-76.384615
-77.056604
-76.148148
-76.145455
-75.357143
-74.701754
-74.689655
-75.101695
-76.066667
-76.049180
-76.064516
-76.936508
-77.046875
-77.015385
-75.136364
-75.432836
-74.720588
-74.028986
-73.200000
-71.985915
-71.875000
-71.301370
-70.945946
-70.693333
-69.605263
-70.038961
-69.858974
-70.227848
-70.187500
-69.950617
-69.878049
-70.192771
-69.952381
-70.482353
-70.813953
-70.517241
-70.965909
-71.404494
-71.600000
-71.241758
-71.826087
-71.666667
-71.106383
-71.789474
-72.406250
-72.814433
-72.510204
-72.414141
-72.270000
-72.210000
-71.940000
-72.180000
-72.430000
-72.410000
-72.490000
-72.750000
-73.040000
-73.060000
-72.730000
-72.500000
-71.280000
-71.010000
-69.780000
-69.820000
-69.030000
-68.020000
-68.080000
-66.980000
-67.080000
-67.350000
-67.220000
-67.110000
-67.400000
-67.250000
-66.980000
-67.650000
-66.490000
-65.320000
-64.970000
-64.950000
-63.930000
-63.920000
-63.600000
-64.380000
-64.870000
-65.400000
-64.220000
-63.310000
-62.470000
-61.990000
-61.620000
-61.380000
-60.090000
-59.920000
-59.780000
-60.340000
-59.680000
-60.180000
-60.420000
-59.930000
-60.380000
-60.380000
-60.600000
-59.520000
-58.790000
-58.280000
-58.350000
-58.290000
-58.350000
-57.100000
-57.240000
-55.640000
-55.760000
-54.850000
-56.440000
-56.260000
-57.340000
-56.730000
-57.010000
-58.060000
-57.560000
-57.830000
-58.000000
-58.140000
-58.710000
-58.310000
-57.690000
-58.120000
-57.530000
-56.850000
-56.200000
-55.080000
-55.990000
-55.240000
-54.450000
-53.750000
-53.890000
-53.450000
-52.910000
-53.930000
-53.540000
-53.220000
-53.540000
-53.300000
-51.820000
-50.550000
-49.980000
-48.990000
-48.660000
-48.940000
-48.570000
-49.120000
-48.730000
-49.340000
-48.130000
-48.400000
-48.190000
-48.210000
-49.390000
-49.620000
-49.640000
-49.130000
-50.620000
-50.930000
-51.840000
-52.320000
-52.170000
-52.740000
-53.000000
-52.920000
-53.580000
-53.120000
-53.110000
-52.590000
-53.500000
-53.150000
-52.620000
-54.480000
-55.160000
-55.160000
-56.560000
-57.570000
-56.830000
-55.760000
-55.300000
-56.040000
-56.040000
-56.580000
-57.020000
-56.450000
-56.590000
-56.090000
-57.230000
-56.950000
-57.290000
-56.970000
-57.460000
-57.390000
-56.510000
-57.950000
-57.310000
-57.300000
-58.030000
-58.730000
-60.450000
-61.060000
-59.670000
-58.280000
-58.080000
-60.000000
-59.840000
-60.900000
-59.960000
-60.490000
-60.060000
-59.670000
-58.340000
-58.700000
-58.280000
-58.280000
-58.750000
-59.300000
-58.700000
-58.950000
-59.610000
-59.360000
-60.580000
-59.540000
-59.720000
-60.670000
-61.340000
-61.860000
-60.830000
-61.540000
-62.200000
-62.830000
-62.790000
-63.090000
-63.120000
-62.310000
-61.430000
-62.100000
-62.910000
-62.710000
-63.800000
-64.640000
-65.600000
-67.070000
-68.240000
-67.900000
-68.500000
-67.920000
-68.110000
-67.730000
-69.010000
-68.720000
-69.130000
-69.400000
-68.530000
-68.270000
-69.560000
-70.550000
-70.230000
-69.910000
-69.860000
-69.670000
-67.930000
-67.790000
-68.180000
-68.130000
-67.820000
-66.580000
-66.520000
-67.410000
-66.740000
-67.100000
-68.700000
-67.000000
-67.020000
-67.580000
-67.530000
-66.370000
-66.960000
-68.060000
-68.230000
-65.980000
-66.830000
-67.010000
-67.420000
-69.190000
-68.700000
-69.030000
-68.390000
-69.290000
-69.200000
-68.960000
-68.900000
-69.120000
-69.400000
-68.220000
-69.310000
-69.120000
-68.270000
-68.810000
-67.880000
-68.320000
-69.720000
-71.100000
-71.020000
-70.150000
-69.420000
-69.030000
-69.250000
-69.990000
-70.380000
-69.370000
-68.930000
-70.030000
-70.160000
-69.620000
-69.550000
-68.410000
-69.200000
-68.360000
-68.370000
-68.490000
-68.250000
-68.980000
-69.640000
-69.240000
-68.030000
-68.780000
-67.850000
-67.350000
-66.470000
-66.440000
-66.350000
-66.500000
-67.230000
-67.550000
-67.960000
-68.160000
-67.840000
-66.940000
-66.040000
-63.890000
-62.910000
-61.380000
-60.770000
-61.050000
-60.380000
-59.660000
-59.370000
-59.110000
-57.770000
-57.570000
-56.180000
-54.800000
-55.150000
-55.160000
-54.590000
-54.020000
-52.360000
-52.300000
-51.220000
-51.860000
-53.920000
-54.160000
-53.500000
-53.410000
-52.320000
-53.030000
-52.640000
-52.130000
-51.910000
-51.110000
-51.280000
-51.040000
-49.490000
-48.530000
-48.570000
-49.430000
-49.980000
-49.240000
-48.160000
-49.960000
-48.760000
-48.320000
-47.090000
-45.060000
-45.240000
-43.730000
-44.210000
-42.930000
-41.530000
-41.960000
-42.190000
-41.070000
-42.330000
-42.700000
-42.480000
-42.590000
-42.760000
-42.090000
-42.610000
-42.330000
-42.060000
-42.040000
-41.020000
-39.950000
-40.830000
-40.030000
-39.780000
-38.850000
-37.190000
-37.380000
-38.250000
-37.920000
-36.950000
-36.010000
-36.290000
-37.210000
-37.310000
-36.700000
-36.370000
-35.880000
-34.410000
-34.240000
-32.720000
-33.280000
-34.910000
-33.970000
-35.130000
-33.970000
-34.150000
-33.890000
-33.910000
-33.590000
-33.030000
-32.900000
-33.410000
-33.480000
-33.290000
-34.060000
-33.510000
-35.760000
-36.820000
-38.030000
-38.130000
-37.800000
-38.810000
-39.830000
-38.970000
-39.060000
-39.080000
-39.070000
-40.420000
-41.720000
-41.600000
-41.890000
-42.120000
-42.730000
-43.940000
-44.250000
-45.000000
-45.050000
-45.330000
-45.940000
-46.150000
-44.600000
-44.140000
-43.710000
-44.350000
-44.530000
-44.520000
-45.100000
-44.950000
-45.290000
-44.970000
-45.710000
-45.300000
-44.390000
-44.430000
-43.760000
-44.750000
-43.770000
-45.200000
-45.710000
-46.890000
-48.630000
-47.920000
-48.640000
-48.560000
-48.770000
-50.090000
-49.530000
-49.170000
-49.890000
-49.980000
-49.920000
-50.170000
-48.680000
-49.280000
-48.280000
-48.280000
-47.060000
-47.100000
-47.330000
-46.660000
-47.370000
-47.360000
-48.290000
-49.090000
-48.450000
-49.550000
-51.140000
-51.360000
-51.000000
-52.720000
-54.220000
-53.910000
-53.920000
-53.800000
-55.490000
-54.380000
-55.150000
-56.250000
-55.860000
-57.490000
-55.970000
-54.530000
-55.150000
-55.570000
-55.510000
-56.260000
-57.350000
-57.070000
-56.810000
-55.960000
-54.950000
-55.200000
-55.160000
-54.900000
-55.260000
-56.940000
-57.000000
-57.000000
-55.690000
-53.840000
-52.610000
-52.790000
-52.860000
-53.970000
-54.020000
-55.360000
-54.410000
-54.680000
-54.070000
-53.790000
-54.130000
-52.880000
-52.390000
-52.510000
-52.310000
-51.230000
-50.490000
-49.140000
-48.170000
-48.170000
-49.590000
-49.560000
-50.280000
-49.880000
-48.760000
-49.000000
-49.190000
-48.940000
-49.970000
-50.930000
-50.830000
-51.250000
-51.560000
-50.400000
-51.260000
-49.780000
-50.930000
-50.980000
-51.140000
-51.110000
-50.940000
-50.130000
-50.630000
-50.510000
-51.010000
-50.160000
-50.120000
-50.350000
-50.580000
-50.000000
-49.090000
-48.560000
-49.800000
-48.360000
-49.050000
-48.690000
-50.050000
-50.610000
-49.570000
-50.690000
-50.890000
-50.030000
-50.400000
-50.760000
-52.030000
-51.700000
-51.700000
-50.450000
-51.170000
-50.820000
-50.540000
-50.950000
-50.700000
-49.090000
-47.370000
-48.240000
-46.750000
-45.550000
-45.940000
-45.830000
-47.040000
-48.550000
-46.890000
-47.010000
-48.580000
-48.570000
-47.010000
-46.710000
-46.880000
-48.330000
-49.700000
-49.700000
-49.150000
-49.750000
-49.180000
-48.180000
-48.480000
-47.290000
-47.560000
-49.050000
-49.490000
-49.490000
-49.370000
-49.280000
-49.320000
-49.160000
-49.700000
-48.940000
-48.590000
-48.570000
-48.120000
-49.220000
-49.390000
-49.710000
-48.730000
-49.920000
-49.020000
-50.350000
-51.290000
-50.620000
-50.610000
-51.980000
-52.510000
-52.750000
-54.190000
-52.860000
-52.820000
-53.040000
-53.340000
-52.270000
-51.880000
-49.550000
-49.870000
-50.700000
-50.580000
-51.880000
-51.570000
-51.290000
-49.790000
-50.160000
-49.820000
-51.880000
-51.800000
-52.370000
-51.490000
-52.340000
-52.490000
-51.500000
-51.620000
-51.850000
-51.610000
-51.540000
-51.590000
-52.510000
-53.080000
-53.040000
-52.690000
-51.440000
-50.770000
-50.730000
-51.000000
-51.810000
-51.480000
-49.760000
-49.890000
-49.350000
-48.100000
-48.710000
-48.070000
-48.350000
-48.530000
-47.260000
-46.360000
-47.760000
-49.160000
-49.550000
-50.810000
-52.290000
-50.780000
-50.250000
-50.050000
-48.740000
-49.150000
-48.840000
-47.310000
-47.240000
-48.770000
-49.380000
-49.070000
-47.380000
-46.780000
-44.700000
-43.940000
-41.970000
-42.230000
-42.630000
-41.980000
-42.780000
-43.970000
-43.010000
-42.450000
-40.980000
-39.550000
-38.690000
-37.250000
-36.120000
-35.780000
-35.360000
-36.080000
-36.110000
-36.230000
-35.620000
-34.320000
-32.930000
-32.240000
-32.190000
-32.910000
-32.720000
-31.490000
-31.030000
-29.610000
-29.650000
-28.850000
-27.950000
-27.900000
-29.190000
-27.840000
-26.410000
-24.770000
-24.470000
-23.850000
-24.860000
-25.240000
-25.360000
-25.420000
-23.980000
-22.570000
-23.040000
-23.260000
-21.890000
-20.410000
-20.740000
-19.910000
-19.580000
-20.430000
-19.360000
-19.810000
-20.750000
-20.340000
-19.590000
-19.680000
-18.450000
-18.370000
-17.400000
-17.730000
-17.100000
-15.730000
-16.770000
-16.900000
-16.090000
-16.580000
-16.410000
-16.540000
-16.840000
-16.740000
-16.850000
-16.490000
-17.180000
-16.820000
-16.370000
-14.710000
-15.810000
-15.600000
-15.060000
-15.170000
-15.010000
-14.640000
-14.450000
-15.660000
-15.300000
-14.530000
-15.360000
-15.720000
-14.420000
-16.140000
-14.970000
-13.700000
-11.180000
-11.630000
-12.470000
-11.470000
-11.580000
-11.290000
-11.650000
-10.330000
-10.930000
-11.560000
-10.480000
-9.460000
-9.430000
-9.440000
-9.430000
-9.500000
-8.990000
-9.950000
-10.340000
-9.620000
-9.800000
-10.310000
-9.460000
-8.730000
-8.370000
-8.260000
-9.100000
-9.360000
-8.080000
-8.980000
-8.180000
-8.840000
-8.840000
-10.060000
-9.140000
-7.670000
-6.350000
-5.360000
-5.540000
-5.270000
-5.620000
-5.130000
-5.980000
-5.790000
-5.390000
-3.740000
-2.910000
-1.850000
-2.940000
-4.170000
-2.470000
-2.150000
-1.920000
-2.390000
-1.270000
-1.100000
0.500000
1.350000
-0.120000
0.960000
1.550000
2.370000
2.260000
1.580000
1.580000
3.900000
3.530000
4.810000
5.360000
3.780000
5.060000
5.050000
4.960000
6.780000
6.810000
8.170000
7.860000
9.170000
8.000000
6.250000
6.040000
6.660000
7.510000
7.160000
8.140000
8.260000
7.460000
8.740000
9.990000
10.520000
11.850000
12.820000
14.190000
13.830000
15.220000
14.970000
13.510000
14.520000
14.670000
14.390000
11.820000
14.250000
15.300000
15.420000
14.570000
14.950000
14.580000
14.070000
14.680000
16.390000
15.730000
15.380000
14.380000
