-117.000000
-105.000000
-103.333333
-106.500000
-109.200000
-103.333333
-101.428571
-99.875000
-101.111111
-104.200000
-106.545455
-98.583333
-94.923077
-92.500000
-89.866667
-89.250000
-90.411765
-92.666667
-95.157895
-95.400000
-96.190476
-95.454545
-96.043478
-94.333333
-95.880000
-95.384615
-95.740741
-96.035714
-93.724138
-92.366667
-91.032258
-89.531250
-88.212121
-87.852941
-87.714286
-88.055556
-87.081081
-85.500000
-84.794872
-84.650000
-84.804878
-85.166667
-85.744186
-85.090909
-84.644444
-84.652174
-82.787234
-82.020833
-81.530612
-81.720000
-81.235294
-81.115385
-81.433962
-80.814815
-79.836364
-80.392857
-80.245614
-80.603448
-80.864407
-80.783333
-80.508197
-80.306452
-81.000000
-80.890625
-80.600000
-81.106061
-81.328358
-80.911765
-80.637681
-81.014286
-81.619718
-81.305556
-81.219178
-81.756757
-81.466667
-80.644737
-81.285714
-81.064103
-81.025316
-80.987500
-80.320988
-79.792683
-80.012048
-80.178571
-79.776471
-79.581395
-79.218391
-78.909091
-78.932584
-78.500000
-79.065934
-78.793478
-79.279570
-79.872340
-79.915789
-79.968750
-79.804124
-79.418367
-79.676768
-79.640000
-78.970000
-78.760000
-78.340000
-78.370000
-78.120000
-78.120000
-77.720000
-77.310000
-77.510000
-76.820000
-76.230000
-77.450000
-77.610000
-77.750000
-77.620000
-77.490000
-77.320000
-76.060000
-75.130000
-75.030000
-74.990000
-74.830000
-74.320000
-73.970000
-73.220000
-73.100000
-72.840000
-72.380000
-72.670000
-73.550000
-73.640000
-73.850000
-74.080000
-73.780000
-73.650000
-73.780000
-74.400000
-74.050000
-74.320000
-74.350000
-74.130000
-73.490000
-72.970000
-72.860000
-73.420000
-73.450000
-74.180000
-74.290000
-74.180000
-73.830000
-73.950000
-73.780000
-74.110000
-73.750000
-73.350000
-72.820000
-72.850000
-72.330000
-71.570000
-71.930000
-71.860000
-72.210000
-72.390000
-70.640000
-69.670000
-68.280000
-68.000000
-68.880000
-68.370000
-67.870000
-67.200000
-67.520000
-67.480000
-66.650000
-66.050000
-66.540000
-66.660000
-66.980000
-66.930000
-66.150000
-67.200000
-67.510000
-67.570000
-67.670000
-67.080000
-67.060000
-67.930000
-68.180000
-67.530000
-66.660000
-65.330000
-64.320000
-64.070000
-62.370000
-60.520000
-60.780000
-61.170000
-61.260000
-61.060000
-61.510000
-62.120000
-61.660000
-62.130000
-62.270000
-62.430000
-62.470000
-63.080000
-63.760000
-63.320000
-63.930000
-63.470000
-63.240000
-63.570000
-63.820000
-63.980000
-63.970000
-64.210000
-65.320000
-65.600000
-64.370000
-64.450000
-63.680000
-64.210000
-65.330000
-65.900000
-65.830000
-66.200000
-66.780000
-66.280000
-66.030000
-66.780000
-67.300000
-67.770000
-68.440000
-68.850000
-68.930000
-68.950000
-69.900000
-70.210000
-70.550000
-71.210000
-71.960000
-72.490000
-73.270000
-73.220000
-73.500000
-73.480000
-74.070000
-74.760000
-75.360000
-75.830000
-76.410000
-76.260000
-77.300000
-78.590000
-79.170000
-79.580000
-80.250000
-81.210000
-81.250000
-81.840000
-81.970000
-81.710000
-83.720000
-85.230000
-86.640000
-87.120000
-86.870000
-87.920000
-88.510000
-89.100000
-89.350000
-89.900000
-90.680000
-91.840000
-92.320000
-92.060000
-92.260000
-92.690000
-93.850000
-93.880000
-94.360000
-94.480000
-94.600000
-95.890000
-96.440000
-96.250000
-96.640000
-97.640000
-99.270000
-100.460000
-102.090000
-102.260000
-103.770000
-105.940000
-105.990000
-106.120000
-106.770000
-106.970000
-106.920000
-106.960000
-107.850000
-107.950000
-107.780000
-107.830000
-108.210000
-108.410000
-108.380000
-108.670000
-108.590000
-109.500000
-109.560000
-109.720000
-109.880000
-110.480000
-110.980000
-111.080000
-111.080000
-111.460000
-112.920000
-112.700000
-113.990000
-114.110000
-113.950000
-113.960000
-114.480000
-114.480000
-114.480000
-115.560000
-115.560000
-115.370000
-115.370000
-115.040000
-114.850000
-114.940000
-114.890000
-114.890000
-115.180000
-115.180000
-115.180000
-114.880000
-114.930000
-114.980000
-114.900000
-114.900000
-114.900000
-115.380000
-115.570000
-115.460000
-115.460000
-115.460000
-115.350000
-115.350000
-115.350000
-115.430000
-115.620000
-115.620000
-115.620000
-115.620000
-115.620000
-115.620000
-115.620000
-115.590000
-115.940000
-115.610000
-115.610000
-115.630000
-115.270000
-115.270000
-115.460000
-115.380000
-115.060000
-114.620000
-114.280000
-113.940000
-113.600000
-113.260000
-112.920000
-112.580000
-112.540000
-112.310000
-111.970000
-111.630000
-111.600000
-111.480000
-111.360000
-111.230000
-111.120000
-111.210000
-111.210000
-111.210000
-111.210000
-111.180000
-111.190000
-111.200000
-111.190000
-111.190000
-111.190000
-111.300000
-111.390000
-111.400000
-111.410000
-111.420000
-111.300000
-111.300000
-111.300000
-111.150000
-111.180000
-111.180000
-111.180000
-111.180000
-111.180000
-111.180000
-111.180000
-111.180000
-111.180000
-111.080000
-111.080000
-111.110000
-111.140000
-111.360000
-111.360000
-111.290000
-111.290000
-111.280000
-111.270000
-111.270000
-111.260000
-111.260000
-111.250000
-111.250000
-111.250000
-111.580000
-112.100000
-112.050000
-112.050000
-112.040000
-112.040000
-112.030000
-112.030000
-112.130000
-112.130000
-112.130000
-112.140000
-112.130000
-112.130000
-112.130000
-111.950000
-112.060000
-112.060000
-112.060000
-112.170000
-112.170000
-112.170000
-112.090000
-112.080000
-112.080000
-112.080000
-112.080000
-112.070000
-112.070000
-112.070000
-112.100000
-111.910000
-112.240000
-112.130000
-112.000000
-112.360000
-112.250000
-112.060000
-112.140000
-112.460000
-112.980000
-113.320000
-113.660000
-114.000000
-114.320000
-114.660000
-114.990000
-115.020000
-115.060000
-115.400000
-115.740000
-115.770000
-115.890000
-115.900000
-116.030000
-116.230000
-116.140000
-116.140000
-116.140000
-116.140000
-116.150000
-116.120000
-116.300000
-116.310000
-116.310000
-116.310000
-116.310000
-116.000000
-115.890000
-115.910000
-115.370000
-115.380000
-115.380000
-115.380000
-115.380000
-115.360000
-115.360000
-114.920000
-114.680000
-114.570000
-114.570000
-114.460000
-114.460000
-114.460000
-114.460000
-114.460000
-114.460000
-114.460000
-114.450000
-114.450000
-114.450000
-114.340000
-114.350000
-114.360000
-114.240000
-114.250000
-113.910000
-113.790000
-113.300000
-113.050000
-112.560000
-112.260000
-112.270000
-112.270000
-112.280000
-112.280000
-112.060000
-111.720000
-111.730000
-111.730000
-111.730000
-111.710000
-111.710000
-111.710000
-111.490000
-111.460000
-111.460000
-110.970000
-110.300000
-109.630000
-109.470000
-109.130000
-108.910000
-108.510000
-108.510000
-108.510000
-108.510000
-108.520000
-108.520000
-108.080000
-107.860000
-107.250000
-106.750000
-106.360000
-105.980000
-105.760000
-105.760000
-105.520000
-105.520000
-105.030000
-104.740000
-104.740000
-104.920000
-104.810000
-104.580000
-104.330000
-103.160000
-103.060000
-102.470000
-101.800000
-101.680000
-101.670000
-101.180000
-100.800000
-100.310000
-99.990000
-99.540000
-99.320000
-99.320000
-99.100000
-98.900000
-98.810000
-97.950000
-97.830000
-97.720000
-97.230000
-96.620000
-96.220000
-96.430000
-95.800000
-96.440000
-96.420000
-96.340000
-96.410000
-94.780000
-94.300000
-93.800000
-94.150000
-94.290000
-94.500000
-94.000000
-93.860000
-93.830000
-93.830000
-93.330000
-92.830000
-92.340000
-92.230000
-91.740000
-91.120000
-90.510000
-90.620000
-90.720000
-90.590000
-90.580000
-89.960000
-90.400000
-90.450000
-89.420000
-89.770000
-89.760000
-89.150000
-88.520000
-88.400000
-87.840000
-87.740000
-87.900000
-88.110000
-87.930000
-87.850000
-87.750000
-87.680000
-87.560000
-87.740000
-87.290000
-86.640000
-86.640000
-87.130000
-87.070000
-87.740000
-87.890000
-87.620000
-87.220000
-87.410000
-86.800000
-86.190000
-85.580000
-85.570000
-85.670000
-86.210000
-86.350000
-86.850000
-87.450000
-87.570000
-88.150000
-87.750000
-87.130000
-86.780000
-86.190000
-86.780000
-86.990000
-86.370000
-86.180000
-86.070000
-86.420000
-86.770000
-87.830000
-87.800000
-88.260000
-88.800000
-88.840000
-88.820000
-87.580000
-88.170000
-87.930000
-87.940000
-88.260000
-88.350000
-87.740000
-86.440000
-84.370000
-84.390000
-84.670000
-84.660000
-84.850000
-84.110000
-83.200000
-84.100000
-83.600000
-84.080000
-83.850000
-84.080000
-84.260000
-84.290000
-85.190000
-85.590000
-86.090000
-86.280000
-86.480000
-86.280000
-86.190000
-86.440000
-85.880000
-85.290000
-85.570000
-86.170000
-86.820000
-86.800000
-87.400000
-87.890000
-88.400000
-87.810000
-87.620000
-87.550000
-85.740000
-84.310000
-84.170000
-83.220000
-84.120000
-83.980000
-84.550000
-85.210000
-86.120000
-86.140000
-85.890000
-85.860000
-85.780000
-85.300000
-84.430000
-83.880000
-83.570000
-83.520000
-83.430000
-82.680000
-83.220000
-83.990000
-83.380000
-82.970000
-83.290000
-83.190000
-82.610000
-82.980000
-83.180000
-82.790000
-82.770000
-83.640000
-84.300000
-84.090000
-83.750000
-83.290000
-83.150000
-82.670000
-82.440000
-82.690000
-82.700000
-83.190000
-83.810000
-84.270000
-84.960000
-84.450000
-83.480000
-83.690000
-83.290000
-82.110000
-82.290000
-81.780000
-82.170000
-82.410000
-82.460000
-82.390000
-81.950000
-81.740000
-82.670000
-82.640000
-82.760000
-82.600000
-82.630000
-83.040000
-83.950000
-85.740000
-87.900000
-87.770000
-88.460000
-88.510000
-88.390000
-89.580000
-90.840000
-89.040000
-89.310000
-89.030000
-89.150000
-88.640000
-88.510000
-88.330000
-88.330000
-88.510000
-87.430000
-86.920000
-86.410000
-86.100000
-86.170000
-85.760000
-85.940000
-86.280000
-85.670000
-84.840000
-84.010000
-84.240000
-83.660000
-83.380000
-82.700000
-83.390000
-82.870000
-81.770000
-83.810000
-84.340000
-82.430000
-83.200000
-82.990000
-81.740000
-81.260000
-80.800000
-80.510000
-80.310000
-80.710000
-80.940000
-81.210000
-81.790000
-82.430000
-82.650000
-81.330000
-81.200000
-80.900000
-81.570000
-81.290000
-80.460000
-80.440000
-80.770000
-81.100000
-81.300000
-81.990000
-81.250000
-80.690000
-81.030000
-81.580000
-81.440000
-81.310000
-81.210000
-81.590000
-82.090000
-81.790000
-81.400000
-80.840000
-79.990000
-80.030000
-79.180000
-78.310000
-78.580000
-78.620000
-77.900000
-78.510000
-78.400000
-78.490000
-78.880000
-77.730000
-78.260000
-77.910000
-76.830000
-75.820000
-75.040000
-75.060000
-74.800000
-75.740000
-75.810000
-76.100000
-76.510000
-76.000000
-75.400000
-74.580000
-73.850000
-74.120000
-73.440000
-72.250000
-71.350000
-71.270000
-70.180000
-70.030000
-71.540000
-71.660000
-72.190000
-71.820000
-71.600000
-71.130000
-71.330000
-72.180000
-72.020000
-72.120000
-72.310000
-72.310000
-72.400000
-72.840000
-72.270000
-72.600000
-72.990000
-73.640000
-73.670000
-74.500000
-74.430000
-74.940000
-74.460000
-74.720000
-74.760000
-75.080000
-76.060000
-75.950000
-76.860000
-77.920000
-78.320000
-78.170000
-79.560000
-79.580000
-80.130000
-80.280000
-80.080000
-80.480000
-79.400000
-79.420000
-78.870000
-78.210000
-78.080000
-79.950000
-79.120000
-78.660000
-78.240000
-78.680000
-78.640000
-79.290000
-79.510000
-78.870000
-78.870000
-78.890000
-80.010000
-80.380000
-79.730000
-79.950000
-79.970000
-80.150000
-80.610000
-80.500000
-80.200000
-79.510000
-79.510000
-80.340000
-81.460000
-80.340000
-80.340000
-80.860000
-80.030000
-79.860000
-79.860000
-79.510000
-78.900000
-78.240000
-79.240000
-79.910000
-79.900000
-80.100000
-81.110000
-82.340000
-83.340000
-83.270000
-83.160000
-82.630000
-82.030000
-82.370000
-82.360000
-82.990000
-83.330000
-83.130000
-83.620000
-83.500000
-84.420000
-84.300000
-84.620000
-84.170000
-84.890000
-84.690000
-84.720000
