-57.000000
-57.000000
-67.666667
-71.750000
-81.200000
-91.333333
-93.428571
-83.750000
-87.222222
-90.100000
-91.272727
-90.166667
-89.230769
-90.642857
-90.800000
-90.375000
-89.705882
-92.666667
-90.736842
-90.150000
-89.380952
-88.500000
-89.086957
-89.500000
-90.040000
-89.346154
-90.444444
-89.500000
-88.758621
-87.966667
-89.419355
-88.406250
-89.484848
-89.588235
-87.971429
-87.250000
-86.378378
-86.763158
-87.769231
-87.775000
-88.195122
-87.880952
-88.116279
-87.909091
-87.022222
-86.652174
-86.468085
-87.625000
-86.775510
-86.840000
-86.843137
-86.653846
-85.905660
-85.685185
-85.254545
-86.250000
-86.298246
-86.568966
-85.033898
-85.466667
-85.803279
-85.709677
-86.031746
-85.953125
-84.861538
-84.848485
-85.701493
-85.397059
-85.478261
-85.414286
-84.788732
-85.416667
-85.767123
-86.175676
-85.666667
-85.552632
-86.142857
-85.512821
-84.405063
-84.375000
-84.555556
-84.463415
-84.710843
-85.071429
-85.411765
-85.430233
-85.712644
-85.522727
-84.719101
-85.111111
-85.043956
-83.967391
-84.215054
-84.500000
-84.800000
-85.312500
-85.371134
-85.153061
-84.757576
-84.780000
-84.120000
-84.330000
-84.480000
-84.650000
-83.970000
-83.230000
-83.310000
-83.830000
-83.280000
-83.230000
-83.090000
-81.330000
-81.320000
-81.280000
-81.550000
-81.350000
-81.560000
-81.290000
-81.450000
-81.330000
-81.470000
-80.720000
-80.840000
-80.100000
-79.500000
-79.790000
-79.430000
-79.560000
-79.920000
-80.500000
-79.970000
-80.310000
-79.950000
-79.800000
-80.880000
-81.690000
-82.310000
-82.080000
-81.440000
-81.170000
-81.250000
-80.920000
-80.710000
-80.570000
-80.630000
-80.380000
-80.160000
-79.100000
-79.870000
-80.090000
-79.660000
-79.420000
-79.990000
-80.530000
-80.830000
-79.990000
-79.860000
-80.220000
-81.690000
-81.620000
-80.700000
-80.780000
-80.680000
-80.640000
-81.050000
-80.460000
-80.240000
-80.170000
-80.700000
-81.230000
-81.790000
-81.130000
-80.200000
-79.370000
-80.010000
-80.060000
-80.190000
-80.920000
-80.860000
-80.640000
-80.770000
-80.600000
-80.130000
-79.890000
-79.870000
-79.690000
-79.540000
-79.280000
-79.800000
-79.280000
-78.800000
-79.820000
-80.180000
-79.510000
-79.510000
-79.010000
-79.070000
-79.560000
-79.660000
-79.790000
-80.730000
-80.550000
-79.980000
-79.870000
-80.080000
-80.480000
-79.810000
-79.570000
-80.080000
-79.980000
-79.760000
-81.750000
-81.930000
-82.300000
-81.780000
-82.010000
-81.230000
-81.190000
-80.930000
-80.750000
-80.530000
-81.040000
-80.800000
-81.320000
-81.470000
-81.580000
-80.350000
-80.340000
-79.790000
-79.110000
-78.910000
-78.820000
-77.730000
-77.960000
-77.020000
-76.450000
-75.810000
-75.590000
-75.720000
-75.610000
-75.130000
-75.190000
-75.770000
-75.510000
-76.070000
-76.720000
-76.630000
-76.940000
-77.140000
-75.920000
-76.600000
-76.730000
-76.830000
-75.630000
-74.790000
-75.000000
-74.880000
-73.560000
-72.640000
-73.020000
-73.560000
-73.420000
-72.700000
-73.020000
-72.760000
-73.610000
-73.450000
-73.620000
-73.200000
-72.890000
-72.910000
-73.360000
-73.360000
-73.470000
-73.160000
-72.230000
-71.890000
-71.460000
-72.550000
-72.800000
-71.770000
-72.160000
-71.700000
-70.870000
-70.460000
-70.010000
-68.520000
-68.260000
-67.980000
-68.020000
-68.560000
-68.260000
-67.880000
-68.090000
-67.230000
-67.520000
-66.900000
-67.210000
-66.860000
-66.520000
-66.310000
-66.350000
-66.480000
-65.640000
-65.610000
-64.910000
-64.540000
-65.060000
-63.260000
-62.530000
-62.670000
-62.240000
-62.020000
-61.700000
-62.410000
-61.440000
-62.680000
-61.630000
-62.220000
-61.880000
-61.840000
-62.460000
-62.210000
-62.060000
-62.510000
-61.920000
-62.610000
-62.730000
-63.050000
-63.620000
-62.730000
-62.580000
-63.270000
-62.750000
-63.390000
-63.100000
-63.330000
-63.280000
-63.490000
-63.750000
-63.710000
-64.390000
-63.770000
-63.920000
-63.470000
-62.620000
-62.920000
-62.920000
-62.260000
-63.770000
-63.290000
-63.460000
-63.440000
-63.540000
-63.660000
-63.330000
-62.640000
-63.680000
-63.950000
-63.220000
-63.060000
-62.500000
-62.930000
-62.620000
-62.830000
-62.310000
-62.750000
-62.650000
-62.750000
-62.520000
-62.660000
-61.350000
-61.870000
-62.140000
-61.610000
-61.850000
-61.140000
-61.400000
-60.910000
-61.100000
-61.940000
-61.950000
-62.210000
-63.260000
-63.420000
-63.480000
-64.740000
-65.560000
-65.520000
-65.420000
-64.600000
-64.130000
-63.900000
-63.640000
-63.830000
-63.340000
-63.830000
-63.170000
-64.110000
-63.290000
-62.320000
-61.920000
-62.460000
-62.160000
-62.110000
-62.410000
-62.720000
-62.450000
-64.050000
-63.890000
-63.460000
-63.360000
-63.470000
-63.520000
-62.540000
-63.220000
-62.600000
-63.880000
-64.270000
-65.000000
-65.530000
-65.250000
-65.260000
-64.540000
-64.610000
-64.710000
-65.210000
-64.980000
-64.470000
-64.380000
-65.450000
-65.550000
-65.460000
-64.970000
-64.760000
-64.730000
-64.670000
-65.580000
-65.620000
-65.080000
-65.560000
-64.310000
-64.410000
-64.720000
-64.630000
-64.650000
-64.390000
-64.770000
-63.790000
-63.480000
-63.130000
-63.140000
-62.300000
-63.160000
-63.530000
-63.860000
-64.470000
-63.630000
-63.710000
-63.790000
-63.380000
-64.320000
-64.380000
-63.820000
-64.240000
-63.960000
-62.870000
-63.370000
-62.050000
-62.580000
-62.690000
-63.100000
-63.070000
-63.100000
-62.470000
-62.950000
-63.310000
-63.310000
-63.560000
-61.150000
-60.510000
-60.340000
-60.770000
-60.110000
-59.310000
-59.860000
-59.370000
-58.940000
-59.130000
-58.240000
-58.860000
-58.880000
-58.330000
-59.190000
-59.070000
-59.240000
-59.320000
-59.270000
-59.320000
-59.430000
-58.970000
-59.880000
-58.570000
-59.030000
-58.380000
-58.090000
-58.800000
-59.050000
-58.650000
-58.950000
-59.010000
-58.880000
-58.100000
-57.250000
-57.310000
-55.140000
-55.100000
-54.170000
-53.070000
-52.470000
-51.320000
-50.850000
-51.070000
-51.850000
-51.060000
-50.260000
-50.600000
-50.380000
-50.920000
-50.590000
-50.760000
-49.790000
-48.450000
-49.130000
-47.850000
-48.450000
-48.690000
-48.120000
-47.520000
-48.280000
-46.910000
-46.760000
-45.050000
-44.240000
-43.990000
-44.110000
-43.600000
-42.820000
-44.090000
-43.220000
-43.440000
-43.610000
-44.050000
-42.660000
-42.330000
-42.490000
-42.490000
-42.670000
-41.730000
-40.850000
-41.440000
-40.650000
-40.910000
-41.520000
-41.520000
-42.090000
-38.710000
-38.470000
-39.790000
-38.390000
-37.310000
-37.690000
-37.100000
-36.440000
-37.240000
-37.380000
-37.080000
-37.150000
-37.020000
-39.350000
-38.870000
-37.490000
-37.560000
-37.550000
-38.900000
-39.140000
-39.530000
-39.710000
-39.140000
-38.940000
-38.070000
-39.080000
-38.580000
-37.880000
-37.530000
-36.790000
-35.920000
-35.030000
-33.970000
-34.420000
-34.980000
-35.140000
-35.680000
-36.370000
-36.230000
-36.840000
-36.250000
-36.090000
-36.360000
-35.710000
-35.440000
-36.040000
-37.320000
-37.190000
-37.730000
-39.870000
-39.250000
-39.720000
-40.120000
-39.750000
-40.120000
-40.570000
-40.540000
-40.590000
-40.930000
-42.060000
-41.760000
-41.980000
-40.900000
-39.040000
-37.610000
-38.110000
-39.970000
-39.970000
-41.010000
-40.100000
-38.860000
-38.420000
-38.930000
-37.940000
-38.280000
-37.840000
-39.580000
-38.990000
-38.600000
-38.170000
-39.140000
-39.720000
-39.510000
-40.400000
-41.040000
-40.010000
-38.980000
-40.450000
-40.080000
-39.440000
-39.710000
-39.710000
-39.550000
-39.420000
-39.620000
-39.170000
-38.880000
-39.010000
-38.180000
-38.210000
-41.350000
-39.990000
-40.130000
-40.570000
-40.670000
-40.430000
-40.900000
-41.090000
-40.910000
-41.320000
-41.860000
-41.030000
-40.040000
-39.220000
-38.940000
-38.810000
-37.970000
-37.560000
-36.190000
-32.360000
-32.850000
-32.130000
-33.090000
-33.480000
-33.710000
-32.770000
-34.120000
-34.310000
-34.210000
-35.260000
-35.540000
-35.460000
-34.850000
-34.700000
-35.070000
-34.210000
-33.900000
-33.480000
-33.680000
-33.800000
-33.300000
-32.030000
-32.080000
-33.050000
-33.230000
-33.380000
-33.160000
-33.900000
-33.720000
-32.590000
-33.520000
-32.750000
-31.920000
-32.850000
-32.010000
-31.360000
-31.240000
-30.870000
-29.640000
-28.250000
-27.860000
-28.030000
-29.010000
-30.200000
-30.720000
-30.330000
-29.660000
-29.880000
-29.700000
-28.680000
-28.780000
-27.690000
-26.320000
-27.060000
-26.610000
-27.320000
-25.740000
-25.710000
-26.150000
-25.880000
-24.330000
-23.620000
-22.080000
-20.600000
-19.360000
-19.700000
-19.540000
-19.060000
-19.010000
-19.190000
-18.270000
-17.490000
-18.470000
-19.150000
-18.760000
-18.150000
-18.570000
-17.450000
-17.490000
-17.010000
-16.040000
-16.160000
-15.630000
-15.280000
-15.250000
-14.850000
-14.250000
-14.010000
-14.420000
-12.800000
-11.340000
-11.400000
-11.550000
-12.320000
-12.520000
-12.730000
-13.300000
-12.230000
-12.510000
-14.780000
-14.790000
-15.880000
-14.720000
-15.500000
-16.130000
-15.760000
-15.450000
-15.550000
-15.350000
-14.250000
-13.630000
-14.990000
-16.590000
-16.350000
-17.030000
-17.400000
-17.250000
-17.680000
-17.490000
-17.040000
-17.240000
-17.310000
-17.480000
-15.680000
-16.150000
-15.430000
-15.470000
-14.120000
-13.230000
-13.460000
-12.330000
-12.040000
-11.890000
-11.430000
-11.320000
-12.300000
-11.100000
-9.730000
-11.230000
-11.800000
-12.040000
-10.950000
-11.030000
-11.130000
-12.200000
-13.070000
-12.860000
-12.780000
-12.520000
-13.990000
-14.570000
-15.040000
-16.100000
-16.180000
-17.490000
-17.250000
-18.230000
-19.190000
-18.070000
-18.860000
-19.560000
-19.420000
-20.110000
-21.590000
-21.280000
-22.080000
-23.560000
-23.740000
-24.450000
-24.660000
-25.470000
-26.300000
-25.540000
-25.240000
-24.680000
-25.010000
-25.010000
-26.010000
-26.010000
-26.070000
-25.230000
-26.370000
-25.780000
-26.580000
-27.460000
-27.060000
-26.870000
-26.460000
-26.040000
-27.620000
-28.700000
-28.630000
-29.150000
-28.240000
-28.670000
-29.260000
-29.370000
-31.060000
-31.110000
-31.960000
-31.260000
-30.320000
-30.820000
-30.380000
-29.990000
-30.940000
-30.470000
-29.520000
-30.270000
-31.370000
-31.830000
-31.090000
-30.180000
-30.550000
-28.860000
-28.180000
-28.790000
-28.880000
-29.270000
-29.520000
-28.910000
-29.550000
-28.930000
-30.360000
-29.800000
-30.200000
-29.300000
-30.200000
-30.520000
-31.990000
-30.840000
-31.390000
-32.010000
-32.010000
-32.970000
-32.370000
-33.110000
-34.500000
-33.960000
-33.660000
-33.900000
-34.300000
-33.740000
-33.870000
-33.600000
-33.200000
-32.150000
-31.710000
-32.340000
-30.180000
-30.470000
-31.060000
-29.690000
-29.570000
-27.910000
-27.230000
-27.330000
-27.370000
-28.630000
-28.370000
-28.350000
-27.460000
-26.560000
-24.270000
-23.790000
-21.540000
-21.450000
-21.750000
-22.340000
-20.770000
-19.620000
-19.740000
-20.360000
-20.260000
-21.220000
-21.840000
-21.640000
-21.020000
-21.110000
-21.550000
-23.430000
-21.490000
-22.160000
-20.190000
-19.190000
-19.640000
-19.500000
-20.140000
-18.820000
-17.320000
-15.970000
-14.750000
-13.850000
-12.720000
-12.420000
-11.290000
-9.190000
-9.440000
-9.180000
-7.900000
-6.420000
-6.000000
-4.150000
-3.680000
-2.680000
-0.880000
-0.080000
0.820000
2.390000
4.570000
3.820000
3.370000
4.610000
7.750000
