-59.000000
-85.000000
-72.666667
-90.250000
-90.600000
-91.166667
-89.285714
-85.375000
-91.888889
-92.600000
-90.181818
-85.000000
-83.000000
-83.000000
-84.066667
-87.062500
-85.058824
-84.111111
-84.842105
-84.850000
-83.380952
-85.045455
-85.130435
-82.333333
-83.440000
-81.807692
-81.851852
-81.892857
-82.620690
-79.133333
-81.225806
-80.375000
-80.424242
-81.147059
-79.914286
-81.138889
-82.864865
-82.526316
-83.256410
-83.100000
-81.878049
-81.523810
-80.511628
-79.795455
-79.711111
-79.673913
-79.872340
-79.500000
-78.448980
-79.180000
-77.647059
-78.826923
-77.358491
-76.888889
-76.145455
-75.732143
-76.912281
-76.689655
-76.186441
-76.650000
-76.819672
-77.064516
-78.095238
-77.890625
-77.353846
-78.378788
-78.865672
-79.073529
-79.550725
-79.685714
-79.802817
-79.138889
-79.054795
-79.513514
-79.266667
-79.355263
-78.948052
-79.128205
-79.810127
-80.275000
-80.061728
-79.792683
-79.722892
-79.845238
-79.505882
-79.372093
-79.574713
-79.727273
-79.932584
-79.477778
-79.065934
-78.836957
-79.204301
-78.425532
-78.768421
-78.812500
-78.701031
-79.061224
-79.727273
-79.920000
-80.750000
-80.560000
-80.660000
-80.360000
-80.190000
-79.590000
-79.520000
-79.720000
-78.640000
-79.100000
-79.180000
-78.670000
-79.010000
-78.760000
-78.250000
-78.010000
-78.870000
-78.450000
-78.060000
-78.360000
-78.400000
-77.920000
-77.980000
-78.530000
-77.430000
-77.350000
-77.360000
-77.410000
-77.030000
-77.430000
-76.900000
-76.300000
-76.190000
-74.910000
-75.140000
-73.430000
-72.620000
-72.790000
-72.170000
-71.860000
-71.440000
-71.410000
-72.030000
-72.650000
-73.010000
-72.850000
-72.360000
-71.830000
-72.330000
-71.200000
-71.900000
-71.110000
-71.600000
-71.090000
-70.340000
-69.560000
-68.340000
-67.870000
-68.070000
-67.360000
-67.210000
-67.760000
-67.120000
-67.170000
-68.190000
-67.330000
-67.260000
-67.080000
-66.890000
-66.620000
-66.270000
-66.040000
-65.710000
-64.660000
-64.200000
-64.300000
-64.830000
-64.960000
-63.890000
-63.880000
-64.170000
-64.460000
-64.470000
-63.540000
-63.910000
-63.200000
-62.980000
-62.820000
-61.970000
-61.850000
-62.470000
-62.330000
-60.970000
-61.960000
-61.220000
-60.540000
-60.550000
-60.480000
-60.010000
-59.830000
-59.660000
-59.850000
-60.100000
-60.180000
-60.270000
-61.140000
-60.920000
-60.220000
-61.300000
-59.450000
-59.290000
-60.470000
-61.020000
-61.360000
-61.920000
-62.000000
-61.220000
-61.560000
-62.010000
-61.560000
-61.470000
-61.700000
-61.830000
-62.550000
-63.700000
-63.640000
-63.910000
-64.460000
-63.520000
-64.760000
-64.910000
-65.920000
-64.920000
-66.190000
-66.460000
-67.940000
-68.090000
-68.280000
-68.280000
-68.880000
-68.350000
-68.870000
-68.980000
-69.290000
-69.090000
-69.390000
-69.220000
-70.190000
-70.520000
-71.660000
-72.380000
-72.890000
-73.500000
-74.610000
-76.060000
-77.420000
-78.220000
-79.210000
-79.090000
-79.680000
-79.640000
-78.790000
-79.130000
-77.970000
-77.440000
-77.630000
-75.800000
-73.770000
-73.990000
-73.980000
-74.510000
-75.210000
-75.480000
-74.980000
-75.890000
-75.710000
-74.130000
-74.130000
-73.890000
-72.750000
-72.750000
-72.260000
-72.620000
-73.810000
-73.990000
-74.730000
-75.020000
-75.410000
-76.710000
-77.600000
-77.050000
-77.280000
-78.460000
-77.960000
-78.140000
-78.690000
-78.920000
-78.460000
-78.740000
-78.600000
-78.500000
-78.000000
-77.720000
-75.940000
-76.260000
-75.540000
-75.830000
-76.330000
-75.510000
-74.670000
-75.010000
-75.030000
-74.050000
-74.190000
-73.640000
-73.180000
-73.490000
-73.950000
-74.070000
-74.150000
-74.580000
-74.740000
-74.170000
-73.640000
-73.920000
-74.140000
-74.290000
-73.640000
-75.080000
-73.740000
-73.800000
-74.000000
-73.720000
-73.720000
-74.260000
-73.800000
-73.490000
-73.350000
-73.780000
-73.780000
-75.470000
-74.800000
-74.810000
-74.540000
-74.370000
-74.570000
-75.400000
-75.400000
-75.400000
-74.740000
-73.810000
-73.100000
-72.770000
-72.570000
-70.380000
-69.140000
-69.170000
-68.760000
-69.130000
-67.640000
-67.880000
-68.180000
-65.710000
-66.720000
-66.960000
-67.100000
-67.880000
-70.050000
-69.820000
-69.790000
-69.640000
-69.450000
-69.930000
-69.220000
-68.940000
-69.080000
-70.140000
-68.510000
-69.550000
-70.080000
-70.080000
-70.620000
-70.430000
-68.700000
-68.130000
-68.340000
-68.360000
-67.190000
-66.910000
-65.230000
-63.500000
-63.740000
-61.900000
-62.020000
-61.960000
-60.900000
-58.850000
-58.960000
-58.420000
-58.870000
-58.640000
-55.980000
-55.920000
-55.250000
-55.210000
-55.900000
-56.040000
-56.230000
-54.480000
-56.780000
-56.470000
-54.370000
-54.990000
-54.490000
-54.560000
-54.540000
-54.740000
-53.850000
-53.810000
-53.730000
-53.970000
-53.570000
-51.950000
-51.860000
-51.050000
-51.480000
-49.440000
-49.740000
-49.160000
-49.750000
-49.460000
-47.790000
-49.280000
-48.930000
-48.570000
-48.550000
-47.170000
-46.790000
-45.250000
-43.830000
-43.380000
-43.810000
-42.270000
-42.040000
-41.940000
-41.350000
-39.720000
-39.210000
-39.220000
-39.870000
-40.200000
-40.520000
-38.840000
-38.840000
-40.420000
-41.230000
-39.770000
-37.890000
-38.090000
-39.340000
-39.120000
-39.360000
-41.860000
-41.860000
-39.570000
-39.570000
-40.360000
-38.340000
-36.290000
-36.830000
-36.980000
-35.140000
-34.260000
-36.310000
-34.400000
-34.180000
-34.360000
-36.080000
-36.140000
-36.710000
-36.850000
-36.850000
-36.850000
-38.540000
-38.970000
-36.920000
-34.730000
-35.660000
-35.260000
-36.700000
-38.850000
-38.660000
-39.890000
-40.050000
-38.780000
-40.060000
-41.720000
-40.230000
-38.990000
-37.350000
-37.110000
-40.280000
-40.490000
-42.890000
-42.140000
-39.830000
-39.830000
-39.270000
-41.320000
-41.380000
-41.830000
-42.600000
-42.400000
-42.960000
-42.950000
-42.950000
-41.910000
-42.650000
-42.790000
-43.010000
-42.380000
-42.730000
-44.980000
-43.630000
-44.130000
-42.850000
-44.750000
-44.590000
-43.120000
-42.040000
-42.130000
-43.180000
-42.900000
-43.270000
-42.850000
-42.230000
-43.350000
-43.600000
-43.090000
-44.570000
-45.070000
-45.030000
-44.550000
-44.750000
-45.080000
-43.770000
-45.200000
-44.710000
-44.130000
-43.810000
-43.570000
-43.970000
-45.410000
-45.020000
-45.120000
-45.160000
-44.680000
-45.240000
-45.270000
-45.230000
-45.060000
-45.020000
-45.130000
-45.120000
-46.680000
-46.880000
-46.630000
-48.880000
-51.130000
-51.130000
-51.020000
-52.980000
-53.970000
-53.260000
-55.370000
-55.790000
-56.240000
-56.210000
-56.150000
-55.730000
-54.750000
-54.950000
-55.460000
-53.930000
-54.130000
-56.380000
-58.570000
-58.770000
-59.080000
-59.220000
-59.430000
-58.350000
-58.540000
-58.130000
-59.730000
-58.030000
-56.370000
-56.010000
-57.210000
-58.150000
-57.890000
-57.890000
-57.520000
-57.420000
-57.580000
-59.830000
-58.520000
-59.570000
-59.770000
-58.390000
-58.450000
-59.870000
-59.790000
-57.540000
-57.290000
-57.250000
-57.380000
-57.270000
-55.270000
-55.470000
-56.060000
-55.040000
-54.250000
-53.990000
-53.620000
-55.100000
-55.040000
-54.650000
-56.000000
-56.940000
-57.140000
-57.600000
-55.830000
-55.830000
-55.540000
-56.750000
-57.010000
-56.780000
-59.030000
-58.340000
-56.810000
-56.500000
-58.190000
-57.710000
-57.180000
-57.220000
-57.370000
-58.430000
-58.870000
-58.240000
-56.520000
-55.730000
-55.750000
-55.550000
-56.150000
-56.130000
-57.130000
-58.820000
-57.890000
-56.480000
-55.210000
-53.300000
-53.190000
-52.890000
-51.450000
-50.680000
-50.170000
-48.310000
-47.600000
-44.900000
-44.310000
-44.340000
-43.440000
-42.100000
-39.990000
-38.500000
-37.370000
-35.120000
-35.100000
-33.630000
-34.670000
-34.530000
-33.530000
-34.460000
-32.210000
-31.450000
-30.750000
-29.990000
-28.300000
-26.470000
-25.550000
-26.260000
-26.270000
-25.170000
-24.580000
-26.510000
-27.720000
-29.200000
-28.240000
-27.820000
-27.500000
-26.870000
-26.640000
-24.450000
-24.020000
-21.770000
-22.380000
-21.180000
-19.160000
-19.890000
-18.960000
-17.520000
-15.990000
-16.430000
-15.750000
-15.420000
-15.170000
-13.630000
-14.590000
-13.530000
-11.670000
-11.830000
-10.600000
-11.120000
-10.570000
-8.710000
-7.520000
-7.410000
-7.540000
-7.360000
-5.560000
-4.930000
-6.420000
-5.560000
-5.430000
-5.420000
-4.200000
-3.700000
-1.840000
-1.720000
-1.750000
-1.850000
-1.410000
0.360000
1.330000
0.900000
2.290000
2.940000
4.400000
4.910000
3.360000
3.140000
4.380000
5.390000
6.620000
8.330000
8.810000
9.820000
9.690000
8.850000
7.600000
6.410000
7.920000
8.960000
8.330000
8.230000
8.990000
9.150000
9.200000
7.040000
7.040000
8.170000
8.310000
6.670000
5.470000
4.740000
4.500000
2.970000
3.820000
2.600000
4.100000
5.440000
5.650000
5.980000
4.490000
4.520000
5.370000
5.430000
4.390000
3.260000
3.840000
3.830000
4.750000
4.270000
4.240000
5.770000
6.050000
6.710000
6.220000
5.910000
6.800000
7.340000
8.180000
6.490000
6.390000
5.580000
6.540000
8.330000
6.320000
8.630000
8.510000
8.870000
8.280000
7.070000
5.940000
6.590000
6.080000
5.600000
6.610000
6.990000
5.940000
6.460000
5.720000
6.360000
6.050000
5.360000
5.750000
7.300000
8.730000
9.820000
8.470000
8.770000
9.810000
9.530000
10.880000
11.690000
11.690000
11.850000
12.950000
12.680000
12.980000
14.780000
15.970000
15.050000
15.270000
14.540000
13.980000
13.980000
14.240000
13.600000
14.760000
15.130000
14.610000
13.550000
13.290000
12.410000
13.160000
12.970000
14.060000
13.660000
15.300000
15.910000
17.260000
17.200000
17.030000
18.610000
17.390000
17.230000
17.680000
17.800000
17.680000
17.120000
18.080000
19.720000
19.320000
19.500000
20.860000
21.410000
21.120000
21.700000
22.450000
23.220000
23.060000
22.710000
22.600000
22.820000
21.990000
23.420000
24.960000
25.370000
24.510000
24.640000
25.390000
26.320000
27.710000
28.460000
29.390000
28.900000
30.240000
31.280000
31.620000
32.700000
33.090000
33.310000
34.640000
33.770000
32.550000
31.950000
32.830000
30.510000
31.950000
31.890000
30.700000
32.350000
33.870000
34.660000
36.260000
37.130000
37.470000
38.280000
39.720000
39.290000
38.580000
38.810000
40.450000
39.320000
39.930000
39.930000
40.210000
40.600000
42.040000
42.870000
43.230000
44.480000
45.220000
47.350000
47.740000
49.660000
49.640000
51.160000
51.440000
52.470000
52.760000
53.570000
53.910000
55.500000
56.780000
59.330000
60.110000
62.420000
62.750000
62.890000
63.810000
65.320000
66.730000
67.730000
67.660000
69.070000
71.210000
72.810000
73.960000
74.770000
74.220000
75.230000
76.060000
75.990000
77.530000
77.790000
78.960000
80.540000
82.110000
84.430000
84.700000
84.780000
86.460000
88.060000
88.120000
89.050000
91.830000
92.780000
92.790000
92.760000
94.180000
95.800000
97.380000
98.950000
100.930000
100.900000
100.860000
101.820000
105.220000
106.530000
106.370000
106.820000
106.850000
104.900000
102.950000
102.310000
100.360000
98.810000
