-38.000000
-44.500000
-68.333333
-66.500000
-73.400000
-74.666667
-79.571429
-81.625000
-82.888889
-85.100000
-77.363636
-81.083333
-77.769231
-80.357143
-82.400000
-83.500000
-85.294118
-85.444444
-83.684211
-82.650000
-78.333333
-77.136364
-76.956522
-76.083333
-76.000000
-74.153846
-75.851852
-76.428571
-77.344828
-76.200000
-75.354839
-76.468750
-75.696970
-77.382353
-76.057143
-74.694444
-74.945946
-75.921053
-75.589744
-74.650000
-73.975610
-73.833333
-73.744186
-72.386364
-72.622222
-72.108696
-73.021277
-72.041667
-71.428571
-71.260000
-71.333333
-70.596154
-71.396226
-70.944444
-69.800000
-69.160714
-68.771930
-68.689655
-68.491525
-68.600000
-69.704918
-70.387097
-69.873016
-69.734375
-69.969231
-70.409091
-70.119403
-70.705882
-70.898551
-69.671429
-66.098592
-66.319444
-65.616438
-65.027027
-65.693333
-65.763158
-65.753247
-65.871795
-65.886076
-65.750000
-65.691358
-65.890244
-65.734940
-65.928571
-66.470588
-67.034884
-67.126437
-66.840909
-65.629213
-65.588889
-65.615385
-65.652174
-65.215054
-65.319149
-64.936842
-64.406250
-64.206186
-64.448980
-64.828283
-64.270000
-64.530000
-64.350000
-64.300000
-64.400000
-64.030000
-62.970000
-62.960000
-61.640000
-60.970000
-60.470000
-61.610000
-61.180000
-60.560000
-60.170000
-59.170000
-58.840000
-58.370000
-57.990000
-58.600000
-58.890000
-60.120000
-60.280000
-60.970000
-61.160000
-61.170000
-61.790000
-61.190000
-60.820000
-60.610000
-61.330000
-61.900000
-60.790000
-61.140000
-59.360000
-59.770000
-60.050000
-59.960000
-59.740000
-59.650000
-60.060000
-59.730000
-60.180000
-59.090000
-59.500000
-59.250000
-59.840000
-59.050000
-58.880000
-58.340000
-58.860000
-58.730000
-58.010000
-57.700000
-57.330000
-57.790000
-57.210000
-57.890000
-58.100000
-57.630000
-56.980000
-56.160000
-56.190000
-56.590000
-57.050000
-56.740000
-56.870000
-57.000000
-56.750000
-56.700000
-57.080000
-59.710000
-58.970000
-59.730000
-60.930000
-59.090000
-58.930000
-57.680000
-58.080000
-57.960000
-58.560000
-59.030000
-59.560000
-60.050000
-60.080000
-58.290000
-57.720000
-57.610000
-57.410000
-58.900000
-59.070000
-57.590000
-58.050000
-58.340000
-58.130000
-58.380000
-58.930000
-59.150000
-58.510000
-58.090000
-58.540000
-59.050000
-59.870000
-59.870000
-58.400000
-57.940000
-59.040000
-58.510000
-59.200000
-58.320000
-58.010000
-56.890000
-56.450000
-57.330000
-57.360000
-58.150000
-58.060000
-58.140000
-58.710000
-57.600000
-56.190000
-56.160000
-56.610000
-56.320000
-55.810000
-55.730000
-55.960000
-56.510000
-56.160000
-56.010000
-54.880000
-54.890000
-55.510000
-55.550000
-56.620000
-56.680000
-56.920000
-57.130000
-56.840000
-56.540000
-55.990000
-56.750000
-56.820000
-57.960000
-57.900000
-57.560000
-56.720000
-57.050000
-57.650000
-58.550000
-58.070000
-58.070000
-59.240000
-59.200000
-59.890000
-58.620000
-59.350000
-59.120000
-57.560000
-58.380000
-58.670000
-58.150000
-57.670000
-57.580000
-56.710000
-56.660000
-56.030000
-56.060000
-56.300000
-56.460000
-56.900000
-56.930000
-57.490000
-56.600000
-55.370000
-56.550000
-56.220000
-57.590000
-56.000000
-55.640000
-55.160000
-54.100000
-52.770000
-52.070000
-51.710000
-52.870000
-51.530000
-52.040000
-52.370000
-52.190000
-51.890000
-53.310000
-52.180000
-52.380000
-52.030000
-51.510000
-51.040000
-50.630000
-50.880000
-50.660000
-50.160000
-49.620000
-49.250000
-48.780000
-49.560000
-49.640000
-49.280000
-49.630000
-49.850000
-51.070000
-51.290000
-51.410000
-51.200000
-51.270000
-51.130000
-51.080000
-51.050000
-51.220000
-51.190000
-52.310000
-53.350000
-52.250000
-51.610000
-51.150000
-51.070000
-50.420000
-49.840000
-49.310000
-50.110000
-49.930000
-50.570000
-49.690000
-50.290000
-49.580000
-49.880000
-49.010000
-48.280000
-47.570000
-47.450000
-48.240000
-48.930000
-48.410000
-47.470000
-46.740000
-46.270000
-46.190000
-46.090000
-45.540000
-44.870000
-44.110000
-43.630000
-43.030000
-42.270000
-41.760000
-40.990000
-41.980000
-41.850000
-40.970000
-41.700000
-40.810000
-40.440000
-40.330000
-40.090000
-39.320000
-39.150000
-37.540000
-37.540000
-36.900000
-36.040000
-35.120000
-34.930000
-34.250000
-32.530000
-32.660000
-31.460000
-31.000000
-31.900000
-30.010000
-31.470000
-32.200000
-30.410000
-30.570000
-30.690000
-30.290000
-28.820000
-28.480000
-29.300000
-27.170000
-25.640000
-23.620000
-22.730000
-22.140000
-22.260000
-20.540000
-19.850000
-18.930000
-19.050000
-19.510000
-18.650000
-19.230000
-18.110000
-16.490000
-14.360000
-12.620000
-11.480000
-10.550000
-9.860000
-7.780000
-6.110000
-5.690000
-4.720000
-4.980000
-3.720000
-2.610000
-0.960000
1.700000
2.180000
4.240000
5.220000
6.300000
7.980000
9.000000
10.610000
13.150000
14.210000
15.240000
17.050000
18.790000
21.140000
22.840000
24.790000
26.260000
28.610000
29.530000
31.770000
32.910000
33.860000
35.990000
37.460000
39.610000
41.810000
43.200000
45.080000
46.090000
46.990000
49.210000
50.350000
51.490000
52.610000
51.710000
52.890000
54.020000
55.260000
56.530000
57.440000
58.820000
59.700000
60.850000
61.750000
62.770000
63.870000
64.790000
65.630000
66.550000
67.580000
67.460000
68.830000
69.740000
70.960000
71.510000
72.620000
73.170000
72.840000
73.520000
73.740000
74.650000
76.780000
74.550000
77.430000
79.700000
78.870000
79.120000
80.610000
81.520000
81.530000
82.560000
83.850000
83.870000
83.420000
82.830000
84.290000
85.200000
86.420000
86.560000
87.050000
87.270000
88.750000
90.470000
90.630000
92.710000
92.750000
92.370000
91.650000
91.430000
91.080000
92.600000
93.410000
94.410000
94.110000
96.480000
97.090000
98.120000
98.010000
98.130000
98.190000
97.550000
98.830000
98.330000
98.570000
99.050000
98.330000
97.850000
98.630000
97.290000
97.020000
96.750000
96.540000
96.540000
95.610000
94.920000
94.260000
94.340000
94.310000
95.530000
94.840000
94.130000
93.760000
93.070000
92.970000
92.490000
91.850000
91.360000
90.710000
90.240000
89.770000
88.810000
88.800000
89.750000
89.660000
90.960000
91.080000
90.960000
91.490000
91.500000
91.730000
92.490000
93.900000
94.580000
94.800000
94.910000
94.940000
93.400000
95.240000
96.110000
96.140000
96.150000
96.280000
96.340000
96.350000
97.850000
98.110000
100.260000
98.700000
99.280000
100.280000
101.530000
102.470000
104.590000
103.770000
103.520000
104.010000
105.850000
105.420000
105.440000
106.300000
106.370000
105.910000
106.370000
106.840000
108.330000
108.220000
108.660000
109.880000
109.770000
109.550000
110.150000
111.190000
112.060000
112.660000
113.420000
114.210000
117.210000
117.560000
117.450000
119.070000
118.830000
118.920000
118.720000
120.270000
120.200000
121.140000
124.440000
125.780000
126.070000
126.010000
125.380000
125.210000
126.900000
128.650000
128.520000
130.660000
132.990000
131.690000
132.140000
134.210000
134.980000
136.560000
136.040000
138.080000
139.790000
140.480000
140.380000
139.570000
138.880000
138.850000
138.930000
138.900000
138.000000
138.040000
136.770000
136.740000
137.140000
137.460000
138.270000
138.900000
138.680000
138.180000
136.520000
136.900000
137.290000
137.930000
137.760000
136.500000
137.370000
136.540000
135.540000
135.570000
134.770000
135.110000
135.090000
134.940000
134.550000
132.790000
131.210000
130.880000
131.930000
131.320000
131.640000
131.770000
130.130000
132.690000
131.350000
134.040000
133.800000
132.060000
130.740000
129.280000
127.350000
127.710000
126.990000
126.700000
125.980000
126.140000
125.710000
124.960000
124.610000
125.080000
122.700000
122.300000
120.990000
120.380000
120.910000
119.100000
119.080000
118.800000
119.120000
116.020000
114.750000
115.330000
113.940000
114.070000
112.490000
112.000000
113.040000
111.590000
110.630000
111.520000
111.300000
109.920000
107.060000
106.560000
103.590000
101.990000
101.670000
102.110000
102.080000
103.360000
102.910000
101.270000
103.730000
101.690000
99.240000
99.610000
100.680000
98.860000
98.320000
96.220000
96.160000
94.580000
94.210000
93.500000
93.170000
93.370000
93.190000
93.690000
93.710000
95.080000
95.210000
95.280000
96.770000
97.140000
96.650000
95.930000
95.270000
94.980000
94.530000
95.030000
96.180000
96.680000
96.310000
95.440000
95.010000
96.460000
95.700000
96.260000
95.860000
94.670000
94.440000
94.190000
93.990000
94.200000
95.890000
96.510000
97.100000
97.660000
96.490000
96.870000
98.010000
97.770000
99.300000
97.490000
97.150000
96.670000
96.870000
97.560000
98.580000
99.050000
101.010000
100.490000
100.880000
102.950000
102.660000
103.400000
104.500000
103.500000
104.200000
104.640000
106.960000
108.080000
108.480000
107.990000
106.860000
108.940000
109.820000
110.500000
109.210000
109.810000
110.620000
110.430000
110.810000
108.250000
107.750000
106.840000
106.010000
105.840000
105.820000
105.670000
104.660000
105.430000
108.020000
105.960000
104.480000
104.430000
104.390000
104.560000
103.530000
100.890000
101.070000
103.120000
101.410000
100.580000
101.200000
101.590000
100.510000
99.290000
99.640000
99.990000
101.080000
102.500000
100.320000
99.200000
97.960000
97.150000
96.410000
94.810000
95.970000
94.980000
95.520000
95.570000
96.450000
94.960000
96.590000
95.500000
95.170000
93.910000
94.000000
94.900000
95.230000
94.090000
94.450000
93.050000
92.070000
91.120000
91.810000
90.440000
91.680000
91.780000
91.540000
92.140000
91.600000
92.230000
92.380000
92.230000
93.110000
92.190000
92.290000
90.990000
89.110000
89.360000
89.290000
87.330000
87.440000
87.070000
86.340000
87.430000
86.620000
85.340000
86.140000
84.940000
85.530000
83.970000
83.820000
82.450000
81.590000
83.330000
82.940000
82.300000
82.650000
82.930000
81.430000
81.820000
82.080000
80.580000
80.100000
81.460000
82.500000
83.810000
84.600000
82.560000
83.610000
84.490000
82.940000
84.380000
84.320000
86.260000
87.010000
84.850000
83.590000
83.610000
82.120000
83.860000
85.340000
86.380000
86.950000
85.010000
87.380000
88.030000
86.490000
83.800000
83.840000
85.920000
85.890000
85.420000
86.200000
88.280000
88.870000
88.980000
88.480000
88.030000
90.540000
92.900000
94.690000
96.930000
98.680000
100.170000
99.430000
100.300000
100.810000
100.710000
100.000000
101.770000
101.460000
103.950000
104.590000
106.860000
108.080000
108.380000
109.000000
109.380000
108.230000
110.180000
112.660000
112.570000
110.300000
112.010000
112.330000
111.180000
112.990000
112.900000
113.460000
112.540000
112.750000
113.850000
113.650000
114.990000
116.540000
118.580000
119.210000
119.290000
118.510000
120.570000
122.290000
123.090000
123.670000
122.520000
124.070000
125.450000
124.510000
127.090000
127.920000
127.920000
129.330000
129.690000
130.630000
130.350000
132.420000
133.300000
133.680000
133.630000
135.000000
135.840000
137.250000
138.530000
138.960000
137.870000
137.260000
137.270000
136.930000
139.320000
138.370000
139.290000
