-130.000000
-98.500000
-71.666667
-74.250000
-82.200000
-90.333333
-87.857143
-90.000000
-91.555556
-87.700000
-84.818182
-85.333333
-69.230769
-72.428571
-70.533333
-71.937500
-68.882353
-66.666667
-64.631579
-64.600000
-64.523810
-65.409091
-67.086957
-68.250000
-68.680000
-70.461538
-69.777778
-68.642857
-64.620690
-64.200000
-64.193548
-63.375000
-62.030303
-60.882353
-60.057143
-58.916667
-57.837838
-56.815789
-55.846154
-55.600000
-52.951220
-52.476190
-51.697674
-49.000000
-48.355556
-48.043478
-47.829787
-47.041667
-46.734694
-46.180000
-45.745098
-45.423077
-45.056604
-43.092593
-44.418182
-44.053571
-43.543860
-43.275862
-42.203390
-43.433333
-43.196721
-42.629032
-42.000000
-42.515625
-43.646154
-42.045455
-41.283582
-40.382353
-39.724638
-40.814286
-40.464789
-41.500000
-40.849315
-40.391892
-39.213333
-38.907895
-39.272727
-39.128205
-38.848101
-38.525000
-38.000000
-37.573171
-36.759036
-37.119048
-36.682353
-37.034884
-36.402299
-36.954545
-37.898876
-37.488889
-37.747253
-37.206522
-38.043011
-38.159574
-38.157895
-37.822917
-38.628866
-38.346939
-38.181818
-38.350000
-37.600000
-36.050000
-36.060000
-35.790000
-34.760000
-34.170000
-33.220000
-32.720000
-31.240000
-30.680000
-30.840000
-30.480000
-31.750000
-30.350000
-29.910000
-29.700000
-30.330000
-30.590000
-30.860000
-30.020000
-29.940000
-28.980000
-28.990000
-27.930000
-27.010000
-25.700000
-25.260000
-24.800000
-25.470000
-25.150000
-24.500000
-23.980000
-23.710000
-23.430000
-23.180000
-23.060000
-23.090000
-23.620000
-23.410000
-23.670000
-24.390000
-24.250000
-23.640000
-23.460000
-23.100000
-22.910000
-22.440000
-22.200000
-20.970000
-21.500000
-21.980000
-21.880000
-21.610000
-21.150000
-20.300000
-20.240000
-20.200000
-19.870000
-19.920000
-18.630000
-18.260000
-18.330000
-15.810000
-14.980000
-13.940000
-14.710000
-14.610000
-14.880000
-14.810000
-13.780000
-13.650000
-12.700000
-12.610000
-12.380000
-12.830000
-12.270000
-10.610000
-10.130000
-9.970000
-9.730000
-9.700000
-9.740000
-9.920000
-9.260000
-9.350000
-8.580000
-8.630000
-7.630000
-6.170000
-5.960000
-5.270000
-5.380000
-4.160000
-3.490000
-2.970000
-2.900000
-1.710000
-1.470000
-0.090000
0.530000
1.330000
0.630000
0.620000
1.280000
1.540000
2.350000
2.250000
2.870000
2.460000
2.500000
3.360000
3.980000
4.080000
4.010000
4.120000
5.000000
6.070000
6.730000
7.460000
8.880000
9.500000
9.490000
10.750000
10.790000
10.750000
10.810000
11.130000
11.020000
11.640000
12.070000
12.170000
14.000000
14.150000
14.300000
14.360000
14.590000
14.960000
15.810000
16.040000
16.950000
17.330000
18.600000
18.400000
17.820000
17.840000
18.080000
18.100000
19.440000
18.640000
19.510000
20.260000
20.510000
20.420000
19.380000
19.610000
19.760000
19.970000
20.080000
19.940000
20.940000
21.070000
21.400000
19.100000
19.470000
19.660000
19.920000
19.910000
19.290000
19.360000
19.670000
19.750000
20.020000
20.200000
19.830000
19.680000
19.420000
18.620000
18.490000
18.530000
18.580000
18.660000
18.800000
18.600000
18.540000
18.730000
18.950000
20.310000
20.090000
19.750000
20.020000
19.760000
19.860000
19.860000
19.850000
19.780000
19.960000
19.880000
19.840000
20.300000
20.390000
21.580000
22.250000
22.890000
22.680000
22.440000
23.160000
22.960000
22.900000
22.960000
24.600000
24.480000
25.300000
25.290000
25.220000
25.360000
25.050000
25.740000
26.620000
26.330000
24.870000
24.930000
26.010000
25.900000
27.490000
27.480000
27.290000
26.800000
26.840000
27.930000
27.890000
27.780000
27.920000
29.630000
31.010000
31.120000
32.710000
32.550000
32.510000
34.020000
33.580000
33.990000
34.960000
34.810000
34.590000
34.470000
37.110000
37.890000
36.370000
36.650000
37.530000
37.630000
38.120000
38.270000
38.360000
39.220000
39.220000
39.870000
40.660000
40.780000
41.550000
41.490000
41.510000
41.240000
41.570000
41.570000
41.320000
41.880000
42.620000
42.590000
44.930000
44.880000
46.210000
45.680000
45.970000
46.160000
46.900000
46.550000
46.400000
46.560000
47.070000
48.000000
48.020000
49.370000
49.310000
49.170000
50.580000
49.160000
50.220000
50.240000
49.820000
51.490000
51.150000
51.190000
50.710000
50.600000
50.360000
51.820000
52.430000
50.370000
51.000000
50.640000
50.960000
51.620000
52.930000
52.910000
52.090000
54.060000
53.970000
54.680000
52.960000
52.940000
51.940000
52.770000
52.510000
53.230000
55.100000
54.200000
54.050000
53.870000
53.920000
53.850000
53.640000
55.320000
53.710000
54.440000
54.700000
56.150000
57.130000
55.560000
56.260000
57.150000
56.580000
56.050000
54.950000
54.880000
53.260000
53.300000
53.880000
53.950000
54.200000
54.320000
52.980000
53.770000
55.500000
57.060000
54.050000
53.180000
53.830000
53.570000
52.710000
53.460000
53.790000
54.710000
55.510000
55.450000
56.360000
56.440000
57.380000
57.250000
56.440000
57.090000
57.070000
59.740000
60.040000
59.920000
59.700000
60.130000
61.940000
63.750000
62.020000
62.820000
63.310000
64.400000
65.980000
67.180000
66.320000
68.210000
68.210000
70.230000
70.520000
69.220000
70.220000
68.900000
69.100000
70.510000
68.730000
68.520000
68.850000
69.080000
70.500000
70.400000
70.760000
71.630000
73.250000
75.980000
76.000000
75.950000
77.480000
79.480000
80.120000
81.330000
80.130000
79.000000
77.780000
78.690000
79.380000
77.470000
77.450000
77.350000
79.590000
81.340000
81.920000
81.720000
85.390000
85.300000
83.720000
83.680000
82.580000
82.850000
82.790000
82.040000
81.970000
80.100000
82.010000
81.230000
84.530000
83.210000
84.930000
85.380000
85.360000
87.410000
86.060000
84.660000
84.560000
85.920000
86.620000
87.760000
87.730000
88.550000
87.410000
87.830000
88.430000
90.050000
89.690000
89.950000
92.320000
92.950000
94.210000
95.920000
94.610000
94.940000
94.580000
97.190000
97.520000
98.070000
97.110000
98.310000
99.120000
101.610000
101.720000
100.710000
102.730000
99.950000
101.570000
101.350000
102.230000
101.770000
101.530000
102.100000
100.870000
100.740000
101.470000
102.550000
102.970000
103.840000
104.500000
103.430000
105.600000
103.970000
103.720000
104.600000
104.090000
104.700000
105.330000
106.050000
108.660000
109.360000
109.450000
109.810000
110.750000
110.310000
110.980000
112.370000
111.870000
110.640000
110.850000
111.380000
109.070000
107.130000
108.210000
109.300000
110.950000
112.690000
113.890000
113.010000
113.050000
112.990000
112.860000
112.630000
110.010000
108.840000
108.740000
109.350000
108.100000
108.010000
110.570000
110.880000
110.790000
109.940000
110.450000
113.780000
115.570000
115.310000
113.060000
115.000000
110.930000
111.420000
109.140000
108.510000
111.240000
108.000000
108.310000
109.090000
109.030000
111.200000
112.990000
113.060000
112.980000
111.940000
113.770000
112.330000
110.790000
111.510000
110.980000
108.840000
106.670000
105.720000
103.590000
105.290000
108.460000
106.840000
107.470000
103.570000
105.910000
105.340000
105.070000
102.660000
103.450000
100.680000
101.020000
103.970000
102.430000
104.230000
105.120000
109.130000
112.370000
111.980000
111.960000
110.180000
114.210000
112.740000
109.250000
106.400000
103.430000
102.010000
100.290000
100.560000
100.190000
100.170000
98.900000
98.420000
97.690000
98.020000
97.990000
95.810000
92.950000
92.130000
90.580000
93.670000
94.130000
92.910000
92.500000
90.070000
92.930000
91.910000
92.960000
93.820000
94.650000
96.700000
94.890000
90.620000
89.820000
89.000000
89.630000
90.150000
91.170000
92.060000
92.720000
93.720000
95.970000
96.950000
97.560000
95.380000
92.220000
91.990000
89.620000
89.880000
91.350000
92.660000
92.780000
92.550000
92.400000
94.090000
96.530000
95.420000
95.340000
97.650000
96.660000
97.330000
96.730000
96.140000
95.060000
93.380000
93.720000
89.280000
87.440000
86.960000
90.200000
89.030000
87.780000
89.040000
88.710000
84.670000
82.910000
83.830000
84.800000
87.780000
89.360000
84.950000
81.870000
82.980000
80.690000
85.560000
82.690000
84.790000
84.580000
87.540000
85.710000
85.230000
82.910000
82.650000
81.830000
82.510000
82.440000
79.860000
79.590000
79.950000
79.720000
79.570000
78.570000
80.720000
80.900000
84.090000
84.430000
82.940000
83.550000
82.060000
79.890000
81.660000
82.230000
81.960000
85.550000
85.780000
86.210000
88.690000
89.690000
90.430000
91.230000
89.950000
89.060000
91.800000
92.110000
91.030000
87.890000
86.910000
84.980000
81.670000
83.560000
83.590000
82.330000
85.990000
87.670000
86.270000
86.720000
90.140000
91.220000
93.030000
92.440000
90.080000
89.060000
88.110000
87.410000
90.840000
93.940000
94.460000
94.460000
95.460000
95.730000
97.890000
99.720000
99.690000
99.630000
101.630000
102.980000
101.940000
104.940000
102.700000
103.340000
103.540000
99.390000
102.450000
105.170000
106.390000
106.060000
107.380000
106.110000
105.680000
102.210000
104.230000
104.930000
107.460000
108.250000
110.800000
112.000000
111.160000
110.600000
108.270000
106.770000
110.210000
113.840000
113.460000
114.820000
113.900000
113.660000
114.460000
118.340000
118.380000
119.710000
123.110000
124.870000
124.880000
125.360000
127.010000
126.120000
127.620000
125.530000
127.460000
128.690000
128.960000
128.470000
129.630000
132.780000
130.690000
132.480000
135.840000
136.380000
138.010000
141.000000
141.350000
143.740000
144.050000
143.960000
142.960000
145.460000
144.190000
143.640000
147.650000
150.750000
151.180000
152.780000
153.160000
155.890000
160.660000
162.260000
163.180000
167.310000
171.390000
170.890000
171.880000
176.130000
176.820000
176.780000
181.080000
181.690000
177.950000
177.690000
177.750000
178.750000
182.160000
183.710000
186.340000
185.620000
185.810000
185.990000
188.040000
191.270000
193.280000
194.540000
194.690000
194.480000
196.530000
196.740000
196.400000
195.690000
200.310000
202.350000
205.300000
207.620000
209.380000
213.430000
213.860000
215.420000
217.880000
220.340000
223.370000
226.780000
229.140000
228.980000
229.160000
231.790000
232.670000
235.860000
236.990000
239.060000
241.840000
245.320000
248.500000
252.290000
252.240000
253.360000
255.830000
258.780000
258.890000
260.910000
261.680000
258.000000
259.680000
258.690000
259.710000
261.480000
261.720000
265.210000
263.930000
264.150000
266.090000
267.150000
267.140000
268.440000
271.260000
268.980000
269.110000
269.920000
272.550000
273.450000
274.120000
277.230000
278.490000
279.450000
278.970000
276.220000
279.520000
279.160000
279.260000
277.940000
276.350000
278.260000
276.380000
273.830000
272.240000
271.680000
270.280000
268.010000
267.400000
267.570000
267.460000
264.660000
263.560000
263.440000
262.490000
259.630000
