-101.000000
-86.000000
-82.666667
-76.750000
-77.200000
-81.666667
-86.142857
-88.125000
-87.555556
-93.200000
-94.818182
-91.666667
-88.461538
-86.357143
-84.866667
-80.437500
-80.529412
-81.666667
-79.000000
-80.200000
-77.619048
-77.636364
-77.913043
-78.958333
-79.880000
-73.192308
-71.925926
-71.678571
-72.413793
-73.433333
-74.580645
-75.156250
-76.030303
-77.382353
-77.057143
-77.555556
-77.405405
-78.078947
-78.025641
-78.950000
-78.853659
-79.500000
-79.372093
-78.977273
-78.511111
-78.630435
-78.468085
-77.520833
-78.061224
-78.600000
-78.705882
-78.980769
-78.867925
-79.314815
-79.381818
-79.839286
-80.035088
-80.465517
-80.254237
-80.816667
-80.622951
-80.177419
-80.174603
-79.750000
-79.984615
-80.348485
-79.925373
-79.661765
-79.217391
-79.542857
-78.647887
-77.930556
-77.205479
-75.824324
-76.213333
-75.894737
-76.259740
-76.217949
-75.924051
-75.912500
-74.950617
-75.073171
-75.072289
-74.309524
-73.564706
-73.930233
-74.413793
-74.886364
-74.011236
-74.477778
-73.219780
-72.923913
-73.666667
-74.382979
-75.094737
-75.562500
-75.494845
-76.173469
-76.090909
-76.750000
-76.750000
-77.460000
-78.130000
-78.650000
-78.800000
-78.920000
-78.380000
-78.790000
-79.400000
-79.310000
-79.360000
-79.950000
-80.800000
-80.400000
-80.910000
-81.520000
-81.850000
-82.040000
-82.830000
-82.090000
-82.970000
-83.340000
-83.690000
-83.610000
-83.080000
-85.170000
-84.970000
-84.870000
-84.980000
-85.100000
-85.160000
-85.180000
-85.250000
-85.160000
-85.610000
-85.790000
-86.020000
-85.180000
-85.580000
-85.470000
-84.910000
-84.040000
-84.440000
-84.910000
-85.440000
-85.710000
-86.160000
-86.780000
-86.780000
-86.890000
-86.240000
-85.500000
-85.900000
-85.980000
-86.260000
-86.370000
-85.650000
-84.710000
-85.220000
-85.060000
-84.480000
-83.940000
-83.240000
-83.190000
-83.670000
-83.590000
-83.660000
-83.860000
-84.800000
-84.890000
-85.810000
-86.550000
-87.260000
-87.110000
-87.110000
-87.640000
-87.710000
-88.140000
-88.360000
-88.770000
-89.950000
-90.260000
-89.800000
-90.180000
-91.110000
-90.130000
-90.400000
-90.660000
-91.660000
-91.590000
-93.150000
-93.840000
-92.520000
-91.970000
-91.400000
-90.690000
-90.780000
-90.520000
-91.000000
-90.560000
-90.510000
-89.640000
-88.190000
-87.950000
-87.500000
-86.730000
-86.580000
-86.010000
-85.430000
-84.570000
-84.160000
-84.040000
-83.550000
-84.130000
-83.890000
-84.180000
-83.900000
-82.770000
-82.780000
-83.360000
-83.090000
-82.920000
-81.800000
-82.000000
-82.550000
-82.560000
-83.720000
-84.330000
-84.450000
-84.460000
-84.470000
-84.010000
-84.060000
-83.880000
-83.920000
-83.940000
-83.420000
-83.780000
-83.780000
-82.810000
-83.780000
-84.750000
-84.270000
-83.270000
-82.230000
-82.110000
-81.620000
-81.440000
-80.890000
-80.580000
-81.540000
-81.900000
-81.610000
-81.660000
-81.540000
-80.930000
-81.890000
-82.820000
-82.780000
-82.950000
-83.790000
-84.840000
-85.900000
-86.570000
-86.180000
-85.770000
-85.850000
-86.480000
-86.200000
-86.250000
-86.330000
-85.410000
-85.610000
-87.050000
-86.560000
-86.260000
-86.300000
-86.290000
-86.690000
-86.680000
-86.670000
-85.600000
-86.220000
-86.280000
-86.270000
-86.870000
-85.980000
-85.100000
-84.350000
-83.460000
-82.840000
-82.240000
-82.960000
-82.190000
-82.500000
-83.160000
-82.930000
-82.810000
-82.800000
-80.790000
-80.740000
-81.340000
-82.510000
-82.410000
-82.810000
-82.850000
-82.950000
-83.500000
-83.520000
-84.460000
-85.140000
-85.500000
-86.040000
-85.810000
-85.720000
-85.830000
-86.110000
-86.590000
-86.300000
-85.970000
-85.650000
-85.210000
-85.340000
-84.740000
-84.240000
-83.990000
-83.550000
-82.940000
-82.320000
-81.820000
-81.480000
-81.190000
-80.690000
-80.220000
-80.220000
-80.230000
-80.280000
-80.280000
-79.670000
-79.780000
-79.780000
-78.710000
-79.200000
-80.270000
-81.350000
-80.450000
-79.870000
-80.200000
-79.800000
-80.110000
-79.050000
-79.650000
-79.360000
-79.110000
-78.210000
-78.810000
-78.820000
-77.870000
-77.450000
-76.970000
-76.570000
-76.190000
-75.580000
-75.340000
-75.340000
-75.450000
-75.330000
-74.540000
-73.940000
-73.270000
-73.270000
-74.330000
-74.160000
-74.280000
-74.880000
-75.280000
-75.280000
-75.280000
-75.040000
-74.710000
-74.720000
-75.180000
-75.430000
-75.540000
-74.600000
-74.480000
-74.980000
-75.110000
-75.920000
-76.060000
-76.430000
-76.910000
-76.750000
-77.390000
-77.270000
-76.100000
-76.590000
-75.640000
-74.580000
-75.700000
-74.880000
-74.890000
-74.900000
-74.220000
-73.420000
-74.150000
-74.770000
-74.400000
-74.680000
-74.400000
-73.060000
-72.740000
-72.420000
-72.920000
-73.090000
-72.030000
-71.870000
-72.480000
-72.820000
-72.370000
-71.890000
-72.510000
-73.470000
-73.010000
-72.560000
-71.740000
-70.920000
-70.460000
-70.010000
-70.430000
-69.700000
-69.790000
-70.310000
-70.560000
-70.450000
-70.330000
-70.760000
-71.030000
-71.080000
-71.570000
-71.450000
-72.180000
-72.070000
-71.000000
-70.140000
-71.090000
-72.080000
-72.130000
-73.120000
-73.040000
-73.420000
-73.420000
-72.860000
-73.110000
-74.170000
-74.170000
-74.160000
-74.160000
-73.420000
-72.840000
-73.450000
-72.780000
-72.220000
-71.790000
-71.180000
-71.250000
-71.430000
-71.160000
-71.040000
-71.630000
-70.460000
-70.470000
-70.470000
-70.390000
-69.520000
-68.360000
-68.290000
-68.220000
-67.600000
-66.770000
-66.690000
-66.130000
-66.050000
-66.470000
-67.460000
-67.990000
-68.030000
-68.570000
-68.620000
-68.570000
-68.740000
-68.790000
-68.340000
-67.600000
-67.640000
-68.740000
-68.780000
-69.770000
-70.760000
-71.750000
-72.700000
-71.960000
-71.880000
-72.870000
-73.860000
-73.780000
-73.700000
-72.950000
-72.870000
-72.710000
-73.700000
-73.700000
-73.700000
-73.090000
-73.260000
-74.320000
-74.490000
-74.480000
-73.750000
-74.810000
-75.900000
-75.900000
-74.730000
-75.720000
-76.660000
-77.760000
-78.750000
-79.740000
-80.730000
-80.730000
-81.720000
-82.510000
-82.410000
-82.760000
-82.800000
-82.840000
-83.010000
-83.270000
-83.750000
-83.810000
-83.930000
-84.190000
-84.310000
-85.380000
-86.170000
-86.210000
-86.210000
-86.140000
-86.140000
-86.140000
-86.750000
-86.680000
-87.770000
-87.690000
-87.620000
-87.550000
-87.480000
-88.470000
-89.560000
-90.550000
-89.680000
-90.770000
-91.860000
-92.460000
-93.110000
-93.460000
-93.690000
-94.370000
-95.020000
-95.020000
-96.110000
-96.030000
-96.000000
-96.000000
-96.790000
-97.880000
-97.880000
-97.760000
-98.550000
-99.720000
-99.720000
-100.810000
-100.810000
-100.810000
-100.810000
-100.810000
-100.810000
-100.680000
-100.680000
-101.470000
-101.470000
-101.470000
-102.340000
-103.430000
-103.430000
-103.430000
-103.430000
-103.430000
-103.430000
-103.310000
-103.350000
-104.010000
-104.010000
-103.220000
-103.220000
-103.220000
-103.220000
-104.010000
-104.090000
-104.180000
-103.830000
-103.900000
-103.980000
-104.700000
-104.340000
-104.350000
-104.340000
-104.340000
-105.060000
-105.070000
-105.060000
-105.050000
-106.140000
-106.140000
-106.190000
-106.080000
-106.310000
-106.190000
-106.190000
-106.190000
-106.190000
-106.190000
-106.190000
-106.070000
-106.070000
-106.070000
-106.070000
-106.070000
-106.070000
-106.420000
-106.340000
-106.340000
-106.260000
-106.180000
-106.180000
-106.180000
-106.180000
-106.180000
-106.180000
-106.180000
-106.180000
-106.060000
-106.060000
-106.370000
-106.370000
-106.370000
-106.370000
-106.370000
-106.370000
-106.370000
-107.160000
-107.160000
-107.160000
-107.160000
-107.160000
-107.160000
-107.280000
-107.170000
-107.170000
-107.170000
-107.170000
-107.170000
-107.290000
-107.290000
-107.290000
-107.180000
-107.180000
-107.300000
-107.380000
-107.370000
-107.440000
-107.440000
-107.320000
-107.320000
-107.320000
-107.320000
-107.320000
-107.200000
-107.200000
-107.200000
-107.200000
-107.200000
-107.200000
-107.200000
-107.200000
-107.200000
-107.200000
-107.200000
-107.200000
-107.200000
-107.200000
-107.230000
-107.110000
-107.900000
-107.420000
-107.420000
-107.420000
-107.420000
-107.340000
-107.390000
-107.740000
-107.670000
-107.590000
-107.520000
-107.800000
-107.720000
-107.650000
-107.580000
-107.510000
-107.430000
-107.360000
-107.290000
-107.290000
-107.290000
-107.290000
-107.290000
-107.060000
-107.180000
-107.180000
-107.180000
-107.180000
-107.180000
-107.180000
-107.300000
-107.300000
-107.300000
-107.300000
-107.300000
-107.300000
-107.300000
-107.300000
-107.300000
-107.300000
-107.300000
-107.350000
-107.400000
-107.400000
-107.400000
-107.400000
-107.400000
-107.400000
-107.520000
-107.400000
-107.090000
-107.090000
-107.100000
-107.100000
-107.100000
-107.100000
-107.100000
-107.100000
-107.100000
-107.100000
-107.150000
-107.200000
-107.250000
-107.300000
-107.470000
-107.470000
-107.470000
-107.470000
-107.470000
-107.520000
-107.520000
-107.520000
-107.630000
-107.630000
-107.510000
-107.430000
-107.360000
-107.290000
-107.290000
-107.410000
-107.640000
-107.520000
-107.570000
-107.570000
-106.900000
-106.950000
-107.000000
-107.000000
-107.000000
-107.000000
-107.000000
-107.000000
-107.000000
-107.050000
-107.100000
-107.100000
-107.220000
-107.260000
-107.270000
-107.150000
-106.360000
-106.840000
-106.880000
-106.930000
-106.930000
-106.930000
-106.880000
-106.880000
-106.930000
-106.930000
-106.930000
-106.930000
-106.310000
-106.310000
-106.310000
-106.360000
-106.400000
-106.440000
-106.440000
-106.440000
-106.440000
-106.440000
-106.440000
-106.440000
-106.440000
-106.440000
-106.440000
-106.440000
-106.490000
-106.490000
-106.370000
-106.370000
-106.370000
-106.250000
-105.690000
-105.690000
-105.690000
-105.690000
-105.270000
-105.280000
-105.280000
-105.230000
-104.460000
-104.220000
-104.270000
-104.310000
-104.030000
-104.030000
-104.070000
-104.190000
-104.070000
-103.950000
-103.950000
-103.950000
-103.910000
-103.910000
-103.960000
-104.010000
-104.010000
-104.010000
-103.850000
-103.800000
-103.750000
-103.750000
-103.750000
-103.750000
-103.500000
-103.260000
-102.470000
-102.470000
-102.510000
-102.550000
-102.590000
-102.640000
-102.520000
-101.730000
-101.730000
-100.940000
-100.940000
-100.940000
-100.460000
-100.330000
-100.030000
-99.770000
-100.600000
-100.300000
-100.000000
-99.740000
-99.490000
-99.490000
-99.490000
-99.490000
-99.490000
-99.440000
-99.390000
-98.880000
-98.930000
-98.680000
-97.850000
-97.880000
-97.470000
-97.230000
-96.950000
-96.860000
-96.650000
-96.410000
-95.620000
-94.730000
-94.440000
-94.200000
-93.950000
-94.180000
-94.920000
-94.400000
-94.400000
-93.480000
-93.440000
-92.610000
-92.090000
-92.090000
-92.090000
-91.300000
-90.510000
-90.510000
-89.720000
-89.750000
-89.340000
-88.550000
-87.710000
-86.920000
-86.800000
-86.560000
-86.320000
-85.650000
-84.910000
-84.120000
-83.330000
-83.330000
-82.480000
-82.470000
-82.470000
-82.470000
-82.400000
-82.640000
-82.590000
-82.550000
-82.040000
-82.040000
-82.000000
-81.210000
-80.440000
-78.970000
-78.170000
-77.380000
-77.420000
-76.450000
-75.410000
-75.120000
-74.330000
-74.080000
-73.570000
-73.000000
-72.210000
-72.160000
-72.110000
-71.320000
-70.880000
-70.630000
-71.210000
-70.290000
-70.010000
-69.350000
-68.620000
-68.540000
-68.470000
-69.260000
-69.260000
-69.810000
-69.560000
-69.320000
-69.080000
-69.090000
-69.340000
-69.360000
-68.530000
-68.090000
-68.030000
-68.290000
-68.540000
-67.270000
-66.180000
-65.940000
-65.250000
-65.250000
-65.220000
-64.940000
-64.890000
