-113.000000
-47.000000
-78.666667
-84.750000
-78.200000
-83.833333
-82.285714
-75.750000
-80.111111
-83.600000
-83.727273
-85.583333
-87.153846
-86.500000
-88.466667
-89.875000
-88.470588
-89.666667
-90.263158
-89.150000
-89.285714
-90.181818
-91.217391
-90.916667
-89.680000
-91.269231
-92.777778
-94.535714
-94.689655
-94.300000
-95.548387
-94.500000
-94.696970
-94.794118
-96.000000
-95.944444
-95.108108
-94.894737
-95.410256
-95.850000
-95.585366
-96.214286
-95.651163
-95.318182
-94.355556
-93.326087
-94.382979
-93.312500
-93.632653
-93.060000
-93.254902
-93.403846
-93.773585
-93.722222
-94.272727
-93.607143
-93.157895
-93.120690
-92.677966
-92.216667
-91.967213
-92.419355
-90.777778
-90.484375
-90.569231
-90.045455
-89.343284
-88.411765
-88.217391
-87.028571
-87.281690
-86.791667
-86.534247
-86.756757
-86.586667
-86.513158
-86.298701
-86.525641
-86.620253
-85.587500
-85.716049
-86.365854
-86.048193
-86.452381
-86.788235
-87.093023
-86.862069
-87.011364
-86.404494
-86.411111
-85.494505
-85.793478
-85.419355
-85.106383
-84.800000
-84.739583
-84.484536
-84.193878
-83.727273
-83.780000
-83.290000
-84.810000
-83.820000
-83.480000
-83.020000
-82.680000
-83.100000
-83.250000
-82.870000
-82.370000
-82.440000
-81.670000
-81.310000
-81.720000
-81.700000
-81.410000
-81.560000
-81.100000
-80.110000
-80.580000
-80.140000
-79.120000
-78.240000
-78.270000
-78.560000
-78.500000
-76.870000
-76.120000
-76.030000
-75.820000
-75.600000
-75.840000
-75.580000
-75.210000
-75.230000
-75.020000
-75.800000
-75.640000
-75.260000
-74.600000
-74.720000
-74.500000
-74.250000
-74.200000
-73.950000
-73.730000
-72.470000
-73.120000
-72.340000
-72.310000
-71.340000
-71.480000
-71.780000
-71.340000
-70.540000
-71.090000
-70.780000
-70.700000
-70.710000
-71.150000
-70.930000
-69.900000
-70.690000
-70.440000
-69.740000
-69.450000
-69.750000
-70.060000
-69.520000
-70.910000
-70.160000
-70.170000
-70.640000
-70.070000
-70.350000
-70.660000
-71.300000
-71.030000
-70.870000
-71.480000
-71.560000
-70.500000
-70.670000
-70.390000
-69.020000
-68.520000
-68.970000
-68.020000
-68.650000
-68.450000
-68.610000
-67.840000
-67.940000
-68.130000
-68.200000
-68.180000
-68.700000
-68.650000
-68.300000
-67.400000
-66.930000
-66.590000
-66.340000
-66.910000
-67.350000
-66.840000
-66.150000
-66.040000
-66.260000
-66.150000
-66.170000
-66.820000
-67.120000
-66.760000
-65.490000
-64.810000
-64.550000
-64.920000
-65.540000
-64.680000
-64.870000
-65.580000
-66.430000
-66.990000
-67.000000
-66.350000
-67.240000
-67.110000
-66.830000
-66.700000
-66.100000
-65.500000
-65.350000
-65.280000
-64.150000
-63.930000
-63.160000
-63.240000
-63.270000
-63.460000
-63.040000
-62.810000
-62.830000
-62.650000
-62.660000
-63.280000
-63.460000
-63.040000
-62.600000
-62.270000
-62.310000
-61.450000
-60.660000
-60.240000
-60.790000
-60.310000
-60.490000
-59.920000
-59.640000
-58.180000
-58.290000
-58.280000
-57.770000
-57.470000
-58.180000
-58.790000
-58.500000
-58.600000
-58.770000
-57.250000
-56.740000
-56.540000
-55.560000
-54.790000
-53.380000
-53.360000
-53.460000
-53.330000
-53.760000
-53.630000
-53.450000
-53.650000
-53.910000
-53.850000
-53.940000
-53.980000
-54.010000
-53.670000
-53.150000
-52.210000
-51.580000
-51.290000
-50.920000
-51.150000
-51.070000
-50.970000
-50.560000
-50.540000
-50.680000
-51.210000
-51.410000
-50.520000
-50.220000
-49.630000
-49.700000
-49.570000
-49.190000
-48.540000
-48.000000
-47.550000
-46.570000
-45.630000
-45.500000
-45.660000
-45.600000
-45.700000
-45.870000
-45.520000
-46.070000
-46.320000
-46.810000
-47.340000
-47.380000
-46.410000
-45.490000
-44.600000
-45.010000
-45.240000
-44.640000
-45.380000
-44.680000
-44.420000
-44.640000
-44.420000
-45.260000
-45.630000
-46.120000
-45.870000
-46.220000
-46.020000
-45.230000
-44.370000
-43.750000
-43.910000
-42.770000
-42.170000
-41.360000
-41.350000
-42.640000
-42.390000
-43.490000
-43.140000
-43.600000
-44.700000
-44.400000
-44.910000
-44.540000
-44.050000
-43.820000
-43.620000
-43.270000
-41.900000
-42.120000
-43.060000
-43.370000
-43.100000
-42.940000
-43.030000
-43.460000
-43.240000
-44.560000
-45.380000
-46.050000
-46.570000
-48.170000
-47.370000
-46.130000
-46.150000
-45.040000
-45.630000
-45.090000
-44.340000
-44.190000
-42.320000
-42.820000
-43.040000
-41.160000
-41.240000
-42.230000
-42.900000
-44.500000
-44.890000
-44.350000
-44.180000
-44.350000
-43.750000
-43.230000
-43.560000
-42.940000
-42.370000
-42.880000
-42.060000
-42.890000
-42.800000
-42.810000
-42.670000
-43.690000
-45.310000
-46.050000
-46.610000
-47.700000
-48.810000
-47.480000
-47.490000
-48.440000
-48.860000
-48.730000
-49.500000
-49.700000
-49.940000
-48.540000
-47.630000
-47.390000
-47.310000
-48.430000
-48.510000
-47.390000
-46.950000
-47.980000
-45.950000
-47.130000
-47.000000
-47.280000
-47.700000
-47.620000
-47.530000
-46.690000
-45.750000
-44.030000
-44.620000
-45.840000
-46.880000
-46.890000
-47.190000
-49.260000
-50.030000
-51.600000
-51.860000
-51.800000
-51.510000
-51.470000
-52.720000
-52.770000
-52.630000
-51.600000
-51.150000
-51.960000
-51.610000
-52.630000
-53.870000
-54.660000
-56.180000
-56.710000
-56.150000
-55.900000
-54.690000
-55.320000
-55.350000
-55.420000
-56.390000
-56.050000
-55.810000
-56.280000
-56.140000
-56.050000
-56.750000
-57.100000
-57.230000
-57.920000
-56.430000
-57.260000
-58.090000
-58.020000
-60.070000
-59.460000
-59.250000
-60.170000
-60.870000
-59.890000
-60.290000
-58.450000
-57.520000
-58.930000
-58.910000
-58.000000
-58.600000
-59.230000
-59.010000
-60.380000
-61.090000
-61.000000
-62.390000
-62.600000
-62.460000
-61.900000
-62.810000
-62.610000
-62.160000
-61.640000
-61.800000
-60.390000
-59.830000
-60.780000
-60.620000
-60.250000
-60.300000
-60.310000
-59.550000
-58.820000
-57.570000
-58.800000
-58.950000
-58.590000
-58.880000
-58.330000
-59.380000
-60.060000
-59.260000
-58.760000
-60.050000
-58.700000
-59.380000
-57.980000
-57.020000
-56.770000
-56.430000
-56.610000
-57.560000
-58.800000
-58.240000
-57.930000
-57.650000
-57.410000
-57.310000
-56.650000
-55.360000
-55.020000
-54.600000
-54.050000
-53.940000
-53.390000
-51.840000
-51.750000
-50.560000
-50.480000
-50.270000
-49.030000
-50.280000
-49.640000
-48.770000
-47.580000
-48.300000
-47.870000
-47.870000
-46.580000
-47.850000
-47.490000
-47.410000
-46.280000
-46.280000
-46.000000
-44.840000
-44.080000
-45.070000
-44.500000
-44.050000
-43.140000
-42.730000
-42.430000
-43.480000
-42.880000
-42.940000
-42.620000
-42.370000
-43.160000
-43.190000
-43.550000
-43.550000
-42.850000
-42.540000
-42.970000
-44.110000
-43.670000
-43.370000
-44.100000
-44.100000
-43.830000
-43.900000
-42.730000
-42.560000
-42.560000
-42.490000
-42.350000
-42.850000
-42.640000
-42.280000
-42.020000
-41.920000
-41.080000
-41.420000
-42.270000
-42.390000
-42.800000
-41.930000
-41.470000
-41.030000
-41.120000
-41.120000
-40.870000
-41.890000
-40.980000
-41.310000
-41.550000
-42.030000
-41.390000
-40.970000
-40.300000
-41.510000
-41.510000
-41.840000
-42.870000
-43.110000
-44.080000
-44.380000
-44.040000
-44.500000
-43.880000
-44.580000
-44.400000
-44.580000
-44.600000
-44.600000
-45.510000
-45.240000
-45.430000
-46.800000
-46.940000
-46.830000
-46.250000
-46.590000
-46.650000
-47.180000
-47.240000
-47.400000
-48.730000
-48.940000
-49.270000
-48.470000
-48.010000
-48.400000
-48.530000
-47.860000
-48.180000
-47.820000
-48.630000
-47.390000
-47.870000
-48.170000
-48.970000
-49.080000
-50.040000
-50.190000
-48.780000
-48.620000
-48.890000
-48.290000
-49.560000
-50.550000
-50.420000
-50.230000
-50.590000
-49.880000
-49.870000
-49.630000
-49.620000
-49.960000
-50.310000
-50.720000
-51.310000
-51.720000
-51.130000
-51.490000
-51.980000
-51.690000
-52.050000
-50.860000
-51.460000
-50.960000
-52.110000
-51.370000
-50.130000
-49.590000
-49.360000
-49.320000
-49.500000
-49.620000
-49.860000
-50.000000
-51.060000
-50.460000
-49.020000
-49.290000
-49.000000
-49.510000
-50.070000
-50.700000
-51.070000
-51.070000
-51.560000
-51.920000
-52.740000
-52.020000
-52.130000
-51.860000
-52.300000
-52.130000
-51.890000
-51.640000
-52.040000
-51.790000
-52.020000
-52.380000
-52.800000
-53.880000
-54.400000
-54.040000
-55.320000
-54.970000
-55.200000
-55.680000
-54.970000
-55.200000
-55.550000
-55.780000
-56.080000
-56.120000
-56.160000
-55.760000
-56.850000
-57.570000
-57.370000
-58.100000
-57.770000
-58.340000
-58.330000
-58.320000
-58.490000
-59.060000
-59.870000
-60.720000
-61.460000
-62.250000
-62.230000
-63.090000
-63.690000
-65.160000
-65.170000
-65.060000
-65.660000
-66.030000
-65.160000
-65.300000
-66.710000
-66.000000
-66.030000
-66.980000
-66.180000
-65.590000
-65.610000
-66.280000
-66.510000
-67.340000
-66.610000
-65.920000
-65.730000
-65.580000
-65.470000
-65.470000
-66.030000
-65.710000
-67.710000
-67.590000
-67.590000
-68.540000
-66.780000
-68.240000
-67.990000
-69.190000
-69.440000
-70.040000
-71.400000
-72.240000
-72.320000
-72.580000
-73.750000
-74.120000
-73.830000
-73.430000
-73.590000
-74.210000
-76.210000
-76.310000
-76.730000
-77.060000
-77.470000
-77.360000
-77.350000
-77.470000
-77.060000
-77.000000
-77.150000
-77.660000
-77.810000
-77.720000
-77.800000
-78.340000
-79.050000
-79.500000
-79.340000
-79.860000
-79.790000
-79.800000
-79.460000
-79.090000
-78.460000
-78.200000
-77.070000
-76.360000
-75.960000
-75.650000
-76.720000
-75.480000
-75.260000
-75.190000
-74.700000
-74.590000
-73.310000
-74.150000
-73.840000
-73.730000
-74.400000
-74.660000
-74.480000
-75.090000
-75.230000
-75.320000
-75.740000
-76.350000
-76.490000
-75.640000
-75.060000
-73.910000
-74.160000
-74.270000
-73.670000
-73.190000
-72.340000
-72.110000
-71.450000
-71.090000
-71.460000
-71.760000
-71.450000
-71.930000
-71.870000
-71.160000
-71.360000
-70.500000
-69.670000
-69.430000
-68.920000
-68.550000
-69.850000
-71.040000
-70.120000
-69.380000
-69.470000
-69.730000
-69.320000
-67.960000
-67.100000
-66.860000
-66.610000
-66.010000
-67.420000
-66.970000
-67.020000
-66.200000
-65.240000
-65.080000
-65.310000
-64.800000
-65.020000
-64.160000
-63.550000
-63.670000
-63.280000
-63.570000
-62.770000
-61.990000
-60.520000
-60.610000
-60.430000
-60.110000
-59.680000
-58.870000
-58.210000
-58.140000
-58.040000
-57.940000
-57.830000
-57.540000
-56.980000
-57.140000
-57.350000
-56.750000
-57.560000
-57.290000
-57.170000
-56.740000
-55.890000
-55.630000
-55.820000
-56.080000
-56.150000
-55.830000
-56.080000
-56.790000
-57.420000
-57.300000
-56.920000
-57.450000
-56.090000
-56.090000
-56.440000
-56.440000
-57.720000
-56.010000
-55.930000
-56.090000
-55.540000
-55.540000
-55.680000
-55.460000
-55.250000
-55.150000
-55.630000
-55.560000
-55.630000
-56.270000
-56.260000
-57.090000
-56.380000
-54.390000
-53.880000
-54.610000
-55.070000
-54.940000
-55.280000
-53.610000
-52.740000
-52.110000
-52.700000
-52.120000
-51.820000
-52.120000
-52.640000
-53.550000
-54.830000
-54.750000
-54.300000
-54.070000
-53.960000
-53.750000
-54.510000
-54.420000
-53.570000
-53.240000
-52.670000
-53.080000
-52.970000
-53.420000
-53.340000
-52.980000
-52.860000
-52.560000
-52.440000
-52.110000
-52.070000
-52.630000
