-135.000000
-64.500000
-79.666667
-76.500000
-87.800000
-84.333333
-85.000000
-82.125000
-81.444444
-79.200000
-82.181818
-79.750000
-83.692308
-83.714286
-84.866667
-85.875000
-89.176471
-89.166667
-89.473684
-90.200000
-91.190476
-90.090909
-89.739130
-89.500000
-86.640000
-85.730769
-84.074074
-85.107143
-85.758621
-87.166667
-87.322581
-88.125000
-86.909091
-87.088235
-87.800000
-87.222222
-87.567568
-86.473684
-87.205128
-87.400000
-88.780488
-88.976190
-89.093023
-89.659091
-89.911111
-89.782609
-90.723404
-90.437500
-90.653061
-89.960000
-91.000000
-92.115385
-91.132075
-90.851852
-91.254545
-91.553571
-91.052632
-90.741379
-91.610169
-91.583333
-91.540984
-91.838710
-91.412698
-90.906250
-91.615385
-91.242424
-90.850746
-89.926471
-90.188406
-90.400000
-90.549296
-90.986111
-90.616438
-90.108108
-89.960000
-89.381579
-89.506494
-90.089744
-90.139241
-89.612500
-89.765432
-90.280488
-89.216867
-88.988095
-88.717647
-88.895349
-88.827586
-88.647727
-88.786517
-89.111111
-89.703297
-89.489130
-89.344086
-89.393617
-89.326316
-89.479167
-89.309278
-88.897959
-89.212121
-89.070000
-88.900000
-90.270000
-89.040000
-89.210000
-88.820000
-88.650000
-88.340000
-88.690000
-88.570000
-89.040000
-88.620000
-88.250000
-87.090000
-86.460000
-85.680000
-85.680000
-84.800000
-84.810000
-85.150000
-84.970000
-84.990000
-85.300000
-85.600000
-85.810000
-86.350000
-86.590000
-87.390000
-87.000000
-86.920000
-86.850000
-86.450000
-85.740000
-85.920000
-85.940000
-85.340000
-85.520000
-85.630000
-85.270000
-84.440000
-84.310000
-83.630000
-83.650000
-83.860000
-83.630000
-83.580000
-83.200000
-82.750000
-82.440000
-81.850000
-82.200000
-82.070000
-81.250000
-81.500000
-81.530000
-81.800000
-81.360000
-81.620000
-81.320000
-80.750000
-80.530000
-80.760000
-80.180000
-80.500000
-81.150000
-80.800000
-81.240000
-81.570000
-81.680000
-81.710000
-80.940000
-80.510000
-79.750000
-79.490000
-79.270000
-79.280000
-79.380000
-79.800000
-79.490000
-79.750000
-80.430000
-80.310000
-80.190000
-80.480000
-80.280000
-80.220000
-80.160000
-80.010000
-79.600000
-79.590000
-79.450000
-78.530000
-78.760000
-78.460000
-78.820000
-79.140000
-79.230000
-79.970000
-79.860000
-79.810000
-79.750000
-79.240000
-78.610000
-79.960000
-79.790000
-79.560000
-79.550000
-79.050000
-78.910000
-79.080000
-78.530000
-78.290000
-78.910000
-79.490000
-79.620000
-80.640000
-80.400000
-80.340000
-80.420000
-80.330000
-80.460000
-80.490000
-79.780000
-79.770000
-79.310000
-79.230000
-78.700000
-78.120000
-78.500000
-78.220000
-77.870000
-77.460000
-77.330000
-78.010000
-78.060000
-77.310000
-77.100000
-76.440000
-76.660000
-77.100000
-76.420000
-76.450000
-76.100000
-75.520000
-75.930000
-75.460000
-76.150000
-74.830000
-75.030000
-75.740000
-74.680000
-74.050000
-74.370000
-74.750000
-75.110000
-74.210000
-74.590000
-74.400000
-74.640000
-74.400000
-74.070000
-73.990000
-74.100000
-74.150000
-73.370000
-72.830000
-72.280000
-72.460000
-72.790000
-71.930000
-71.990000
-72.530000
-73.050000
-73.240000
-74.270000
-73.970000
-74.660000
-73.670000
-73.490000
-73.480000
-73.230000
-73.290000
-73.460000
-73.510000
-74.050000
-74.570000
-74.470000
-74.180000
-74.300000
-74.280000
-73.940000
-74.560000
-74.310000
-74.970000
-73.920000
-73.520000
-73.040000
-72.740000
-73.560000
-73.270000
-73.030000
-73.360000
-73.590000
-73.200000
-73.150000
-72.820000
-72.790000
-72.470000
-71.740000
-71.380000
-71.700000
-71.730000
-71.450000
-70.770000
-71.330000
-70.480000
-70.160000
-70.470000
-69.590000
-68.960000
-67.920000
-67.140000
-67.440000
-66.720000
-66.850000
-66.850000
-66.570000
-67.160000
-67.040000
-67.480000
-67.660000
-67.690000
-68.530000
-68.330000
-68.530000
-69.170000
-69.680000
-69.670000
-68.780000
-68.410000
-69.320000
-68.850000
-67.870000
-67.780000
-67.690000
-68.240000
-68.270000
-69.350000
-69.610000
-69.630000
-69.910000
-70.550000
-70.120000
-69.720000
-68.850000
-69.500000
-68.250000
-68.700000
-68.970000
-69.500000
-69.920000
-69.470000
-69.860000
-68.770000
-69.010000
-69.280000
-69.340000
-68.770000
-68.680000
-69.460000
-69.670000
-69.310000
-68.190000
-67.590000
-67.260000
-66.840000
-66.440000
-66.510000
-66.390000
-65.850000
-65.510000
-65.200000
-64.470000
-64.860000
-64.970000
-64.850000
-64.050000
-64.280000
-63.860000
-63.630000
-62.570000
-61.850000
-61.640000
-61.250000
-62.040000
-62.090000
-62.190000
-61.960000
-61.400000
-60.720000
-60.580000
-59.450000
-59.470000
-58.800000
-59.440000
-59.840000
-59.810000
-60.760000
-60.930000
-61.020000
-61.100000
-60.800000
-61.290000
-60.400000
-59.260000
-59.500000
-59.490000
-59.430000
-59.940000
-60.140000
-60.780000
-61.040000
-61.030000
-61.080000
-60.160000
-60.560000
-60.840000
-60.590000
-60.390000
-59.410000
-58.880000
-59.460000
-59.790000
-59.490000
-58.940000
-59.460000
-59.030000
-59.080000
-59.500000
-59.830000
-59.090000
-58.750000
-59.700000
-59.470000
-59.260000
-57.750000
-55.940000
-55.780000
-55.980000
-55.410000
-56.190000
-55.370000
-55.660000
-55.800000
-56.670000
-56.130000
-56.940000
-56.720000
-57.130000
-56.620000
-55.800000
-55.670000
-54.910000
-55.880000
-55.900000
-55.220000
-54.720000
-54.660000
-54.410000
-54.480000
-54.990000
-55.140000
-55.540000
-56.070000
-55.820000
-55.820000
-56.090000
-55.880000
-56.180000
-55.640000
-55.660000
-55.770000
-55.180000
-55.360000
-54.740000
-54.860000
-55.620000
-55.940000
-56.670000
-57.030000
-58.090000
-58.310000
-58.480000
-58.450000
-58.060000
-58.410000
-58.030000
-57.670000
-58.200000
-58.680000
-59.390000
-60.480000
-60.380000
-61.000000
-59.580000
-59.410000
-59.600000
-58.740000
-59.110000
-59.370000
-59.270000
-60.090000
-60.130000
-61.050000
-62.020000
-62.310000
-62.800000
-62.100000
-62.510000
-62.380000
-62.440000
-62.550000
-63.140000
-63.610000
-64.760000
-64.770000
-64.760000
-63.760000
-63.790000
-64.440000
-64.950000
-64.780000
-63.300000
-63.580000
-63.510000
-64.000000
-63.760000
-63.850000
-65.040000
-65.360000
-65.960000
-67.000000
-66.480000
-67.140000
-66.140000
-66.960000
-68.630000
-68.270000
-68.270000
-67.500000
-67.640000
-68.070000
-67.880000
-67.750000
-67.730000
-68.050000
-68.490000
-68.440000
-67.520000
-67.600000
-67.630000
-66.970000
-66.850000
-66.650000
-66.930000
-68.020000
-68.000000
-68.400000
-69.180000
-68.160000
-67.660000
-67.900000
-68.570000
-69.200000
-69.110000
-70.080000
-68.500000
-69.270000
-67.990000
-68.630000
-69.030000
-67.860000
-68.200000
-67.880000
-67.140000
-66.020000
-66.430000
-65.470000
-65.210000
-64.910000
-65.250000
-64.040000
-63.750000
-63.600000
-63.900000
-62.290000
-62.960000
-63.030000
-62.330000
-62.530000
-61.260000
-60.130000
-60.070000
-59.290000
-59.090000
-59.010000
-59.200000
-59.550000
-59.690000
-58.760000
-58.580000
-57.690000
-57.150000
-56.270000
-56.420000
-56.490000
-56.290000
-57.190000
-57.080000
-56.700000
-56.280000
-56.220000
-55.410000
-54.580000
-54.120000
-53.980000
-53.140000
-52.810000
-52.060000
-52.500000
-52.680000
-53.340000
-54.360000
-54.070000
-53.510000
-52.680000
-53.000000
-53.190000
-53.300000
-52.910000
-51.670000
-48.340000
-49.300000
-49.300000
-49.520000
-48.810000
-48.930000
-49.470000
-49.380000
-50.250000
-49.760000
-49.330000
-49.820000
-50.180000
-49.650000
-49.750000
-49.010000
-48.680000
-49.060000
-48.350000
-49.320000
-50.410000
-51.030000
-51.440000
-50.270000
-48.750000
-49.800000
-49.140000
-48.690000
-48.740000
-49.240000
-48.850000
-48.970000
-49.260000
-49.540000
-49.130000
-50.180000
-50.170000
-51.570000
-52.200000
-51.920000
-52.720000
-51.860000
-51.360000
-52.510000
-52.250000
-51.570000
-52.290000
-52.670000
-51.620000
-51.390000
-52.720000
-52.010000
-52.670000
-52.520000
-53.830000
-52.340000
-52.620000
-53.200000
-53.390000
-54.400000
-54.780000
-54.920000
-54.450000
-55.370000
-55.550000
-55.490000
-56.740000
-56.670000
-56.800000
-56.560000
-56.080000
-56.170000
-57.800000
-56.800000
-56.540000
-56.410000
-56.260000
-55.490000
-56.190000
-57.170000
-57.550000
-57.900000
-58.010000
-57.400000
-57.130000
-58.750000
-58.750000
-58.650000
-57.310000
-55.680000
-55.680000
-55.430000
-55.590000
-55.650000
-56.110000
-55.080000
-55.620000
-55.510000
-54.500000
-55.630000
-58.240000
-57.940000
-57.480000
-58.020000
-59.540000
-59.020000
-59.290000
-59.410000
-58.150000
-58.160000
-58.070000
-57.320000
-57.530000
-56.900000
-56.420000
-56.160000
-56.260000
-55.090000
-55.700000
-54.830000
-53.660000
-52.810000
-51.780000
-52.230000
-53.490000
-52.620000
-53.550000
-52.380000
-51.890000
-51.680000
-50.750000
-50.300000
-50.080000
-50.340000
-50.630000
-50.640000
-49.020000
-49.060000
-48.880000
-49.340000
-49.950000
-51.370000
-51.230000
-51.410000
-51.310000
-51.860000
-52.320000
-52.360000
-53.210000
-52.680000
-52.870000
-54.650000
-53.920000
-54.120000
-54.210000
-54.430000
-53.390000
-52.700000
-52.230000
-52.590000
-53.180000
-52.220000
-53.440000
-54.090000
-53.370000
-52.700000
-51.010000
-50.170000
-51.210000
-52.280000
-52.280000
-52.250000
-52.200000
-53.100000
-52.960000
-52.350000
-52.360000
-53.380000
-53.580000
-52.760000
-52.650000
-52.900000
-53.760000
-54.930000
-55.340000
-55.450000
-56.750000
-57.270000
-58.280000
-59.860000
-58.730000
-58.620000
-58.440000
-59.420000
-59.150000
-60.480000
-59.960000
-59.250000
-60.400000
-60.430000
-60.920000
-61.110000
-61.560000
-61.180000
-60.240000
-59.750000
-59.640000
-59.920000
-61.290000
-61.840000
-61.210000
-60.810000
-60.640000
-60.200000
-60.370000
-61.470000
-60.960000
-61.150000
-61.500000
-62.270000
-63.100000
-64.310000
-65.660000
-66.320000
-65.000000
-64.260000
-64.480000
-64.820000
-66.330000
-66.580000
-67.420000
-66.350000
-65.930000
-64.590000
-63.760000
-64.100000
-64.520000
-62.850000
-61.180000
-60.910000
-60.700000
-59.740000
-61.200000
-60.870000
-62.040000
-61.830000
-61.330000
-61.630000
-62.450000
-63.330000
-62.470000
-60.990000
-61.560000
-60.500000
-59.390000
-59.610000
-60.870000
-60.340000
-59.840000
-59.620000
-58.460000
-59.170000
-59.120000
-57.550000
-58.680000
-58.240000
-59.080000
-60.110000
-60.220000
-58.900000
-60.290000
-60.640000
-60.980000
-60.990000
-61.510000
-61.350000
-61.490000
-61.450000
-61.410000
-62.140000
-61.670000
-61.510000
-61.120000
-61.080000
-61.080000
-60.800000
-60.410000
-60.570000
-60.730000
-60.130000
-60.830000
-61.120000
-60.860000
-60.920000
-61.260000
-61.280000
-61.610000
-62.400000
-62.210000
-61.980000
-61.740000
-61.960000
-60.770000
-61.490000
-62.390000
-62.820000
-62.660000
-62.350000
-61.550000
-61.100000
-62.450000
-63.570000
-61.450000
-62.520000
-62.630000
-62.240000
-62.700000
-63.990000
-64.180000
-63.990000
-63.990000
-63.720000
-62.870000
-62.480000
-64.330000
-65.850000
-64.980000
-65.650000
-65.050000
-64.500000
-64.430000
-66.020000
-65.840000
-66.890000
-67.910000
-68.090000
-69.370000
-70.960000
-72.550000
-72.770000
-73.100000
-74.230000
-73.920000
-74.250000
-74.560000
-74.200000
-73.070000
-72.560000
-72.250000
-72.210000
-72.510000
-73.690000
-73.760000
-74.940000
-75.700000
-76.290000
-75.720000
-76.810000
-77.650000
-77.230000
