-120.000000
-61.500000
-84.333333
-89.750000
-85.200000
-81.833333
-80.285714
-81.375000
-82.222222
-79.900000
-79.545455
-82.166667
-82.538462
-84.071429
-83.733333
-85.000000
-88.000000
-87.833333
-88.000000
-88.550000
-87.714286
-87.454545
-88.521739
-89.208333
-89.040000
-88.000000
-86.814815
-86.000000
-85.137931
-84.600000
-85.451613
-85.218750
-84.030303
-83.735294
-82.971429
-83.722222
-83.756757
-85.078947
-85.487179
-84.150000
-83.756098
-84.690476
-83.604651
-82.704545
-80.977778
-81.630435
-80.893617
-80.958333
-81.938776
-81.300000
-81.666667
-82.384615
-83.113208
-83.351852
-84.436364
-83.553571
-82.631579
-81.810345
-81.338983
-81.700000
-80.852459
-80.758065
-81.253968
-81.718750
-80.892308
-81.000000
-80.805970
-81.750000
-82.289855
-82.914286
-82.985915
-82.902778
-83.273973
-82.648649
-82.413333
-82.513158
-82.740260
-82.692308
-82.708861
-82.600000
-82.827160
-83.231707
-83.204819
-83.000000
-82.470588
-81.918605
-81.563218
-81.500000
-82.179775
-81.888889
-82.043956
-82.402174
-82.182796
-82.457447
-82.273684
-82.802083
-81.907216
-82.193878
-82.010101
-81.980000
-81.310000
-82.590000
-81.300000
-80.910000
-81.100000
-80.880000
-78.740000
-79.090000
-78.580000
-78.420000
-78.430000
-77.520000
-77.380000
-76.960000
-77.060000
-77.160000
-76.590000
-76.640000
-76.550000
-76.710000
-77.050000
-76.990000
-76.080000
-75.480000
-75.240000
-75.860000
-76.560000
-76.860000
-77.250000
-77.000000
-76.680000
-74.750000
-74.870000
-75.290000
-75.910000
-75.500000
-75.640000
-74.800000
-74.900000
-75.350000
-75.900000
-74.850000
-75.690000
-75.150000
-76.430000
-76.080000
-76.730000
-76.820000
-76.640000
-76.970000
-76.630000
-75.940000
-75.950000
-75.830000
-75.550000
-76.140000
-75.590000
-76.060000
-76.640000
-76.110000
-76.850000
-77.140000
-77.340000
-76.730000
-76.840000
-76.480000
-75.410000
-74.680000
-73.990000
-72.790000
-72.020000
-71.850000
-70.920000
-71.260000
-71.270000
-71.420000
-70.520000
-70.550000
-70.850000
-70.630000
-70.220000
-69.970000
-70.590000
-70.710000
-70.610000
-71.050000
-70.410000
-70.360000
-68.720000
-68.740000
-68.530000
-68.310000
-68.840000
-67.960000
-68.080000
-67.700000
-68.000000
-68.060000
-67.970000
-68.110000
-68.460000
-68.270000
-69.250000
-69.630000
-69.130000
-69.570000
-71.080000
-70.080000
-70.310000
-70.530000
-70.650000
-71.270000
-71.300000
-70.550000
-71.010000
-69.070000
-67.810000
-67.610000
-67.450000
-66.880000
-66.440000
-67.130000
-67.980000
-68.060000
-68.290000
-66.920000
-65.120000
-63.880000
-63.710000
-64.180000
-64.730000
-65.280000
-65.640000
-65.590000
-65.130000
-64.310000
-63.590000
-63.920000
-64.160000
-64.570000
-63.010000
-62.920000
-62.740000
-62.720000
-61.940000
-62.280000
-62.090000
-60.540000
-59.420000
-57.670000
-57.770000
-57.260000
-56.850000
-57.320000
-57.100000
-56.910000
-57.930000
-58.040000
-57.870000
-58.470000
-58.190000
-58.300000
-58.120000
-58.660000
-59.270000
-59.110000
-60.440000
-59.710000
-59.510000
-59.450000
-59.420000
-59.760000
-60.230000
-60.460000
-60.840000
-60.610000
-61.370000
-61.600000
-61.280000
-61.580000
-62.140000
-62.150000
-61.390000
-61.660000
-62.420000
-62.560000
-61.760000
-62.210000
-63.250000
-63.830000
-64.130000
-64.350000
-63.870000
-64.590000
-64.340000
-62.330000
-63.220000
-62.990000
-63.550000
-64.040000
-63.830000
-63.870000
-63.430000
-63.490000
-64.080000
-63.760000
-64.350000
-65.040000
-65.350000
-65.840000
-66.060000
-65.880000
-66.280000
-67.230000
-66.830000
-68.790000
-70.250000
-70.100000
-70.470000
-70.710000
-70.920000
-70.390000
-70.450000
-70.670000
-70.980000
-72.260000
-73.950000
-75.260000
-74.700000
-74.710000
-74.310000
-75.840000
-75.940000
-75.880000
-76.260000
-77.500000
-78.040000
-75.970000
-75.780000
-75.270000
-76.760000
-76.470000
-76.590000
-77.090000
-77.030000
-74.800000
-74.710000
-76.450000
-77.500000
-77.290000
-75.630000
-74.510000
-74.620000
-74.420000
-74.410000
-74.770000
-74.810000
-75.030000
-74.570000
-74.590000
-74.870000
-72.590000
-72.400000
-72.400000
-70.270000
-68.780000
-68.220000
-69.380000
-69.970000
-69.550000
-70.510000
-68.440000
-66.670000
-66.890000
-66.640000
-66.660000
-66.720000
-64.540000
-64.530000
-64.530000
-62.240000
-61.510000
-61.770000
-61.100000
-58.930000
-56.870000
-58.180000
-58.130000
-56.180000
-53.960000
-52.500000
-52.160000
-52.300000
-50.250000
-48.380000
-49.820000
-48.690000
-47.780000
-47.480000
-44.930000
-44.640000
-43.860000
-43.690000
-43.620000
-43.480000
-42.950000
-42.300000
-41.750000
-39.700000
-37.320000
-35.080000
-35.600000
-34.590000
-33.790000
-33.220000
-32.080000
-29.740000
-28.060000
-25.900000
-23.950000
-23.150000
-21.820000
-19.570000
-18.400000
-17.270000
-16.840000
-14.560000
-14.360000
-14.590000
-12.430000
-10.600000
-10.170000
-8.000000
-7.450000
-7.150000
-4.910000
-3.200000
-4.030000
-3.490000
-3.740000
-1.690000
-0.760000
0.380000
1.780000
2.250000
2.360000
3.180000
3.790000
4.210000
4.210000
2.810000
2.810000
4.630000
5.120000
6.450000
8.910000
10.960000
13.010000
13.480000
15.950000
17.890000
17.170000
19.020000
19.440000
18.290000
18.290000
19.080000
20.640000
21.940000
21.500000
23.440000
22.720000
22.490000
24.060000
25.750000
27.000000
27.420000
26.700000
28.410000
29.210000
28.980000
28.670000
29.580000
30.050000
30.380000
29.860000
31.140000
32.660000
31.620000
30.060000
28.530000
29.750000
30.970000
30.740000
30.290000
31.360000
32.280000
32.390000
33.180000
32.030000
33.760000
35.490000
37.220000
38.670000
40.380000
41.300000
41.730000
42.090000
41.370000
41.130000
40.410000
41.050000
40.680000
41.060000
40.920000
40.530000
39.590000
38.870000
37.220000
36.500000
37.420000
38.010000
37.290000
35.950000
36.870000
38.590000
37.880000
39.100000
40.020000
39.190000
38.280000
40.240000
40.000000
40.000000
41.710000
40.170000
39.680000
38.750000
39.780000
41.110000
39.700000
38.990000
39.420000
38.820000
39.200000
37.550000
37.990000
37.800000
37.870000
37.150000
37.330000
36.610000
36.420000
36.230000
36.230000
35.290000
35.060000
34.570000
36.600000
34.930000
34.440000
34.440000
33.950000
34.250000
33.950000
32.500000
33.090000
32.360000
32.950000
32.560000
31.460000
30.730000
29.330000
29.460000
29.560000
29.560000
30.480000
30.490000
30.000000
30.440000
29.660000
29.840000
29.190000
28.780000
27.000000
26.810000
25.410000
26.340000
25.930000
26.850000
27.650000
27.660000
26.930000
26.450000
26.680000
27.940000
26.720000
26.990000
26.370000
26.070000
24.400000
22.300000
20.730000
20.730000
19.330000
18.110000
18.120000
17.640000
17.650000
16.330000
15.600000
15.680000
15.650000
14.970000
15.170000
16.590000
15.860000
15.130000
15.330000
14.420000
12.770000
12.180000
11.450000
12.050000
10.830000
10.250000
9.510000
8.600000
7.860000
7.040000
6.740000
4.870000
3.660000
3.840000
2.620000
2.710000
2.710000
2.820000
2.090000
1.360000
1.560000
0.020000
-1.540000
-1.970000
-2.650000
-3.570000
-4.310000
-4.160000
-3.930000
-4.660000
-4.660000
-5.390000
-6.850000
-6.360000
-6.870000
-8.030000
-9.120000
-10.050000
-11.650000
-11.650000
-12.370000
-14.150000
-15.250000
-15.680000
-16.110000
-16.450000
-18.200000
-16.920000
-18.670000
-19.010000
-18.790000
-17.950000
-16.330000
-17.190000
-17.980000
-17.760000
-19.100000
-20.670000
-22.230000
-22.920000
-23.960000
-23.760000
-23.040000
-23.470000
-24.080000
-24.230000
-23.310000
-24.020000
-24.850000
-26.390000
-25.540000
-25.430000
-23.620000
-24.360000
-24.120000
-26.140000
-25.410000
-26.010000
-24.590000
-22.900000
-23.500000
-23.870000
-23.020000
-24.210000
-23.180000
-22.330000
-22.220000
-21.090000
-22.260000
-21.410000
-20.560000
-20.790000
-21.160000
-20.420000
-19.960000
-20.340000
-19.490000
-17.690000
-15.890000
-15.210000
-13.090000
-13.080000
-11.280000
-11.880000
-10.080000
-9.670000
-10.270000
-10.690000
-9.730000
-8.320000
-8.670000
-6.890000
-7.490000
-8.090000
-6.290000
-4.490000
-3.530000
-4.040000
-4.640000
-3.570000
-2.610000
-2.410000
-0.620000
0.870000
0.270000
0.680000
0.080000
2.000000
3.690000
5.380000
4.780000
4.400000
4.230000
3.630000
2.810000
2.640000
1.810000
1.410000
0.340000
-0.260000
-0.870000
-0.420000
-0.650000
-0.820000
-0.990000
-0.760000
-0.930000
-2.810000
-3.030000
-3.190000
-2.430000
-4.070000
-6.110000
-6.710000
-7.840000
-9.390000
-9.390000
-9.160000
-8.930000
-9.580000
-9.580000
-10.380000
-11.350000
-11.520000
-11.510000
-12.700000
-14.040000
-15.590000
-15.360000
-15.160000
-16.610000
-18.060000
-20.240000
-20.840000
-23.130000
-23.980000
-25.310000
-25.990000
-27.690000
-29.980000
-29.980000
-29.780000
-31.330000
-31.470000
-32.970000
-34.420000
-35.810000
-37.360000
-37.190000
-37.190000
-37.300000
-36.510000
-35.810000
-36.420000
-37.210000
-38.810000
-39.480000
-40.940000
-43.180000
-42.990000
-44.240000
-45.240000
-46.700000
-46.700000
-48.460000
-49.510000
-48.810000
-48.460000
-48.980000
-50.900000
-49.930000
-51.280000
-50.340000
-49.800000
-51.550000
-53.310000
-54.900000
-54.120000
-53.780000
-55.110000
-55.730000
-54.790000
-55.460000
-57.860000
-56.840000
-55.900000
-55.010000
-57.080000
-59.370000
-60.960000
-60.020000
-60.240000
-59.590000
-58.750000
-58.820000
-58.160000
-57.370000
-56.530000
-56.790000
-56.790000
-56.070000
-56.070000
-56.020000
-55.790000
-54.850000
-55.070000
-54.370000
-53.660000
-53.140000
-52.450000
-53.880000
-53.270000
-53.270000
-53.270000
-53.270000
-53.270000
-53.270000
-53.270000
-53.270000
-53.270000
-53.270000
-53.270000
-53.270000
-52.750000
-52.230000
-52.230000
-51.510000
-51.510000
-51.460000
-51.460000
-51.460000
-51.460000
-51.350000
-51.350000
-51.350000
-51.350000
-51.350000
-51.350000
-51.350000
-51.120000
-51.120000
-51.120000
-51.120000
-51.120000
-51.070000
-50.240000
-50.320000
-50.320000
-50.660000
-52.110000
-53.450000
-54.490000
-55.190000
-55.920000
-56.190000
-56.140000
-56.920000
-57.860000
-58.020000
-59.310000
-60.350000
-60.690000
-59.450000
-59.260000
-59.900000
-60.600000
-61.300000
-61.650000
-62.690000
-62.690000
-63.910000
-64.850000
-65.790000
-66.330000
-66.980000
-67.620000
-68.320000
-69.100000
-69.440000
-69.780000
-70.720000
-71.660000
-72.550000
-72.550000
-73.570000
-72.500000
-73.390000
-71.790000
-71.790000
-72.490000
-73.430000
-73.430000
-74.080000
-74.920000
-74.850000
-75.510000
-76.300000
-77.140000
-77.140000
-75.320000
-74.220000
-72.400000
-72.450000
-72.680000
-71.810000
-70.380000
-69.260000
-69.440000
-68.580000
-67.460000
-65.720000
-64.790000
-62.780000
-60.600000
-58.780000
-56.960000
-56.960000
-55.140000
-53.320000
-51.500000
-49.800000
-47.980000
-46.650000
-47.370000
-45.980000
-44.160000
-43.060000
-41.240000
-39.470000
-37.560000
-35.750000
-34.420000
-33.430000
-31.420000
-29.240000
-27.910000
-25.730000
-23.550000
-21.370000
-20.270000
