-113.000000
-75.500000
-88.666667
-87.750000
-98.800000
-101.000000
-96.714286
-98.000000
-96.111111
-92.400000
-87.636364
-89.750000
-87.461538
-87.000000
-84.000000
-80.500000
-80.294118
-77.888889
-75.263158
-74.100000
-76.190476
-78.227273
-76.826087
-78.333333
-77.160000
-77.269231
-76.888889
-76.607143
-75.275862
-75.066667
-76.258065
-75.093750
-77.181818
-77.735294
-79.114286
-79.861111
-79.729730
-81.368421
-82.948718
-84.475000
-85.902439
-87.261905
-88.558140
-89.795455
-90.955556
-92.086957
-92.936170
-93.979167
-94.979592
-95.940000
-96.235294
-96.615385
-96.886792
-96.481481
-96.836364
-97.642857
-97.964912
-98.275862
-97.762712
-98.066667
-98.803279
-99.500000
-100.190476
-100.859375
-101.507692
-102.136364
-102.731343
-103.308824
-103.884058
-104.442857
-104.985915
-105.069444
-105.438356
-105.945946
-104.733333
-105.236842
-105.714286
-105.782051
-106.240506
-106.700000
-107.148148
-107.585366
-107.987952
-108.392857
-108.800000
-109.174419
-109.563218
-109.943182
-110.314607
-110.322222
-109.197802
-109.554348
-109.569892
-109.914894
-109.978947
-110.250000
-110.577320
-110.918367
-111.242424
-111.430000
-111.740000
-112.470000
-112.430000
-113.010000
-113.010000
-113.320000
-113.940000
-114.030000
-114.380000
-114.900000
-115.920000
-116.000000
-116.450000
-117.060000
-117.750000
-118.890000
-119.230000
-119.970000
-120.840000
-121.750000
-121.880000
-121.720000
-122.370000
-122.550000
-123.490000
-124.110000
-124.840000
-125.560000
-126.600000
-127.320000
-127.600000
-128.620000
-128.580000
-128.720000
-128.870000
-129.230000
-129.910000
-129.910000
-129.590000
-129.570000
-129.250000
-129.240000
-129.240000
-128.920000
-128.920000
-128.910000
-128.700000
-128.700000
-128.700000
-128.100000
-128.150000
-128.420000
-128.770000
-129.450000
-129.710000
-129.720000
-129.720000
-129.910000
-130.650000
-130.920000
-130.590000
-130.590000
-130.590000
-130.590000
-130.580000
-130.580000
-129.940000
-129.950000
-129.950000
-129.950000
-129.950000
-129.740000
-129.780000
-129.780000
-131.060000
-131.060000
-131.070000
-131.380000
-131.390000
-131.380000
-131.110000
-131.110000
-131.130000
-131.130000
-131.130000
-130.830000
-130.660000
-130.340000
-130.170000
-130.490000
-131.570000
-131.600000
-131.920000
-131.930000
-132.190000
-132.260000
-132.270000
-132.260000
-131.890000
-131.750000
-131.740000
-130.710000
-129.680000
-129.410000
-129.140000
-128.860000
-128.020000
-127.050000
-126.320000
-126.370000
-126.100000
-124.970000
-124.000000
-123.740000
-123.790000
-123.630000
-122.600000
-122.650000
-122.650000
-121.300000
-121.420000
-121.720000
-122.040000
-121.890000
-121.890000
-121.900000
-121.930000
-121.680000
-121.420000
-121.440000
-120.820000
-120.570000
-120.600000
-119.580000
-118.250000
-117.260000
-116.980000
-116.710000
-115.680000
-115.420000
-115.470000
-115.200000
-113.850000
-114.170000
-112.830000
-112.830000
-112.200000
-111.930000
-111.930000
-112.530000
-112.790000
-112.780000
-112.480000
-112.480000
-112.220000
-111.950000
-112.210000
-112.280000
-111.970000
-109.970000
-110.030000
-110.040000
-109.720000
-109.070000
-108.240000
-108.210000
-108.540000
-108.220000
-107.270000
-106.950000
-105.390000
-105.750000
-104.870000
-104.870000
-104.550000
-104.280000
-103.960000
-103.320000
-102.670000
-102.030000
-100.740000
-100.090000
-99.440000
-98.800000
-98.150000
-97.820000
-97.290000
-96.960000
-96.480000
-95.830000
-95.400000
-94.730000
-94.080000
-93.430000
-93.020000
-92.370000
-91.760000
-91.010000
-90.730000
-90.350000
-89.700000
-90.350000
-91.050000
-90.630000
-90.250000
-89.880000
-90.170000
-90.760000
-91.110000
-90.730000
-90.360000
-91.060000
-91.760000
-91.140000
-90.760000
-89.780000
-90.480000
-90.100000
-89.730000
-90.430000
-89.480000
-88.910000
-88.260000
-87.880000
-87.230000
-86.580000
-85.830000
-85.150000
-84.880000
-84.230000
-83.430000
-83.050000
-82.400000
-83.100000
-83.800000
-83.880000
-83.510000
-83.140000
-83.840000
-83.420000
-83.040000
-82.630000
-83.330000
-82.680000
-83.380000
-82.740000
-83.040000
-82.660000
-81.970000
-81.360000
-80.720000
-80.080000
-79.660000
-79.010000
-78.580000
-78.160000
-77.480000
-76.790000
-76.010000
-77.360000
-76.940000
-76.290000
-75.960000
-75.040000
-73.830000
-73.170000
-72.800000
-72.470000
-72.770000
-72.440000
-73.350000
-72.870000
-73.170000
-72.520000
-72.190000
-71.810000
-71.430000
-71.380000
-71.330000
-71.170000
-72.030000
-71.980000
-71.930000
-72.280000
-72.280000
-72.230000
-72.230000
-72.180000
-72.130000
-72.080000
-72.080000
-72.030000
-71.980000
-71.930000
-71.650000
-71.600000
-71.510000
-71.560000
-71.510000
-71.860000
-71.820000
-71.830000
-71.780000
-71.770000
-71.720000
-71.560000
-71.400000
-71.240000
-71.080000
-70.920000
-70.920000
-69.680000
-69.520000
-69.600000
-69.430000
-69.770000
-69.610000
-69.570000
-69.520000
-69.870000
-70.520000
-70.870000
-70.720000
-71.070000
-70.910000
-70.860000
-71.310000
-71.960000
-70.450000
-70.800000
-70.970000
-70.560000
-70.910000
-70.400000
-69.890000
-69.650000
-70.000000
-69.840000
-70.190000
-70.230000
-70.580000
-70.100000
-70.450000
-70.290000
-70.330000
-70.370000
-70.410000
-69.900000
-69.980000
-69.980000
-70.020000
-70.060000
-70.140000
-70.180000
-69.720000
-69.800000
-69.880000
-69.970000
-70.460000
-69.950000
-70.030000
-69.520000
-69.560000
-69.350000
-70.590000
-70.630000
-70.570000
-69.660000
-69.990000
-69.080000
-69.430000
-69.780000
-70.130000
-70.460000
-70.790000
-71.140000
-70.170000
-70.570000
-70.950000
-70.080000
-70.480000
-70.880000
-71.280000
-71.280000
-71.630000
-72.030000
-72.430000
-72.830000
-72.720000
-72.810000
-73.210000
-72.240000
-72.640000
-71.570000
-71.950000
-72.330000
-71.610000
-70.630000
-71.010000
-70.990000
-71.380000
-70.290000
-70.670000
-70.710000
-71.110000
-71.620000
-70.750000
-71.240000
-71.730000
-72.240000
-71.100000
-71.430000
-71.920000
-72.410000
-72.910000
-73.400000
-73.890000
-72.690000
-73.090000
-73.090000
-71.830000
-71.810000
-72.290000
-70.920000
-71.410000
-70.430000
-69.300000
-68.870000
-70.600000
-69.110000
-70.120000
-70.910000
-70.250000
-70.460000
-70.660000
-70.860000
-70.890000
-70.740000
-70.770000
-70.690000
-70.030000
-70.880000
-70.530000
-71.040000
-70.920000
-70.670000
-70.960000
-71.850000
-72.140000
-72.430000
-72.720000
-73.010000
-72.760000
-73.070000
-73.960000
-73.610000
-73.920000
-73.380000
-73.610000
-74.090000
-74.020000
-74.130000
-74.440000
-75.920000
-75.780000
-75.380000
-74.980000
-75.860000
-75.420000
-76.020000
-75.170000
-74.790000
-74.040000
-73.210000
-72.850000
-72.150000
-72.820000
-72.440000
-72.080000
-73.080000
-72.500000
-72.310000
-72.110000
-70.950000
-69.790000
-68.910000
-68.030000
-67.060000
-66.500000
-66.610000
-66.520000
-67.290000
-66.690000
-67.700000
-67.630000
-67.050000
-68.080000
-68.820000
-67.980000
-67.060000
-66.450000
-66.990000
-66.070000
-65.490000
-64.550000
-63.610000
-64.910000
-63.990000
-63.550000
-62.610000
-63.240000
-63.560000
-62.640000
-61.720000
-60.800000
-59.880000
-58.960000
-59.810000
-58.870000
-57.930000
-58.250000
-57.330000
-56.410000
-56.840000
-55.920000
-56.360000
-56.550000
-56.040000
-55.120000
-55.670000
-54.700000
-53.730000
-53.450000
-54.010000
-53.730000
-53.450000
-52.480000
-52.200000
-51.230000
-50.720000
-50.330000
-49.410000
-48.820000
-47.880000
-47.370000
-46.990000
-46.070000
-45.100000
-44.180000
-43.260000
-42.340000
-41.420000
-41.040000
-40.100000
-39.130000
-38.850000
-37.910000
-37.820000
-36.960000
-36.400000
-36.050000
-35.860000
-34.920000
-33.980000
-33.690000
-33.500000
-33.410000
-32.850000
-32.370000
-32.090000
-32.000000
-31.440000
-31.250000
-31.360000
-30.800000
-30.560000
-29.520000
-28.960000
-28.400000
-27.840000
-27.480000
-26.730000
-25.990000
-26.210000
-26.430000
-26.370000
-26.310000
-26.340000
-26.470000
-25.900000
-25.050000
-24.710000
-24.370000
-23.890000
-23.230000
-22.890000
-22.040000
-21.740000
-21.810000
-21.980000
-21.760000
-21.890000
-22.030000
-22.090000
-22.220000
-22.060000
-21.120000
-21.230000
-20.890000
-21.000000
-21.160000
-21.370000
-21.420000
-21.530000
-20.650000
-20.720000
-20.730000
-20.620000
-20.750000
-20.890000
-21.190000
-21.290000
-21.310000
-21.460000
-21.590000
-21.650000
-20.730000
-20.850000
-20.840000
-19.870000
-19.960000
-19.990000
-20.060000
-19.250000
-19.300000
-19.290000
-19.360000
-19.410000
-19.510000
-19.610000
-19.770000
-19.740000
-19.910000
-19.880000
-19.860000
-19.990000
-20.090000
-20.160000
-19.990000
-19.890000
-19.810000
-19.730000
-19.670000
-19.780000
-19.950000
-19.760000
-19.640000
-19.590000
-19.750000
-19.830000
-19.580000
-19.530000
-19.580000
-19.610000
-19.570000
-19.480000
-19.520000
-19.620000
-19.640000
-19.670000
-19.770000
-19.550000
-19.540000
-19.510000
-19.530000
-19.490000
-20.210000
-20.170000
-20.130000
-20.140000
-20.250000
-20.170000
-20.280000
-20.200000
-20.080000
-20.040000
-19.920000
-19.840000
-19.740000
-19.620000
-19.500000
-19.480000
-19.510000
-19.450000
-19.250000
-19.350000
-19.290000
-19.310000
-19.230000
-18.070000
-17.880000
-17.670000
-17.530000
-17.390000
-17.140000
-17.290000
-17.380000
-17.150000
-17.070000
-16.870000
-15.660000
-15.440000
-15.310000
-15.080000
-15.850000
-15.770000
-15.790000
-15.660000
-15.550000
-15.430000
-15.200000
-15.120000
-14.980000
-14.710000
-13.650000
-13.610000
-14.510000
-14.370000
-14.420000
-15.310000
-15.260000
-15.100000
-14.950000
-14.940000
-14.920000
-15.060000
-14.910000
-14.850000
-14.730000
-14.630000
-14.490000
-14.400000
-14.240000
-14.190000
-14.240000
-14.090000
-13.910000
-13.760000
-13.920000
-13.940000
-14.160000
-14.310000
-14.460000
-14.420000
-14.230000
-14.340000
-14.710000
-14.770000
-14.490000
-14.290000
-14.270000
-14.200000
-14.170000
-14.110000
-13.240000
-12.360000
-12.220000
-12.120000
-12.120000
-11.930000
-11.750000
-11.850000
-11.830000
-11.650000
-11.700000
-11.740000
-11.760000
-11.680000
-11.600000
-12.160000
-10.980000
-11.020000
-11.010000
-11.180000
-11.340000
-11.300000
-11.360000
-11.410000
-11.500000
-11.330000
-10.500000
-10.380000
-10.480000
-10.480000
-10.380000
-10.120000
-10.110000
-10.050000
-9.900000
-10.830000
-10.830000
-10.830000
-10.750000
-9.940000
-9.940000
-9.910000
-9.860000
-9.900000
-9.800000
-8.870000
-9.810000
-9.820000
-9.760000
-9.800000
-10.270000
-10.640000
-10.490000
-10.540000
-9.470000
-9.470000
-9.760000
-9.660000
-9.700000
-9.720000
-10.650000
-10.640000
-10.580000
-10.590000
-10.500000
-10.420000
-10.740000
-11.230000
-11.670000
-11.770000
-12.100000
-12.200000
-12.640000
-12.530000
-12.610000
-12.600000
-12.610000
-13.100000
-13.450000
-13.450000
-13.780000
-14.160000
-14.140000
-14.580000
-14.470000
-14.500000
-14.380000
-14.670000
-14.420000
-14.710000
-14.610000
-15.050000
-14.750000
-15.100000
-15.200000
-15.510000
-14.670000
-14.770000
-14.670000
-14.680000
-15.950000
-16.760000
-14.950000
-14.760000
-15.100000
-15.220000
-15.660000
-16.140000
-16.530000
-17.070000
-17.420000
-17.780000
-17.770000
-17.810000
-17.850000
-17.350000
-18.320000
-18.300000
-18.120000
-18.030000
-17.910000
-17.890000
-17.980000
-17.950000
-18.040000
-18.080000
-18.910000
-19.080000
-19.310000
-19.340000
-19.330000
-19.410000
-19.360000
-19.400000
-19.400000
-19.200000
