-72.000000
-81.000000
-91.666667
-72.500000
-78.800000
-84.333333
-79.857143
-83.750000
-82.888889
-85.800000
-90.909091
-94.416667
-94.923077
-96.500000
-94.866667
-92.187500
-90.411765
-88.944444
-87.526316
-85.200000
-85.619048
-86.272727
-86.043478
-87.291667
-86.400000
-86.384615
-87.037037
-88.250000
-87.517241
-89.200000
-89.548387
-89.156250
-89.424242
-88.382353
-89.914286
-89.916667
-88.810811
-89.421053
-89.820513
-89.250000
-89.780488
-89.619048
-90.627907
-89.931818
-88.377778
-87.695652
-88.851064
-89.187500
-89.020408
-88.560000
-88.803922
-88.865385
-89.075472
-88.092593
-87.436364
-87.750000
-87.175439
-86.741379
-86.711864
-86.183333
-86.475410
-86.177419
-85.873016
-85.500000
-86.369231
-86.893939
-87.104478
-86.411765
-86.913043
-87.328571
-87.633803
-87.152778
-86.849315
-87.594595
-88.200000
-88.526316
-88.714286
-89.448718
-89.822785
-89.675000
-89.888889
-90.207317
-89.698795
-89.964286
-90.094118
-89.348837
-89.494253
-89.840909
-90.314607
-90.566667
-90.681319
-90.793478
-90.924731
-91.468085
-91.273684
-91.302083
-91.422680
-91.459184
-91.979798
-92.380000
-92.590000
-92.890000
-92.960000
-93.590000
-93.590000
-93.640000
-94.140000
-93.300000
-93.340000
-92.900000
-92.670000
-91.860000
-92.230000
-91.930000
-92.140000
-92.080000
-92.010000
-92.300000
-92.880000
-93.790000
-93.800000
-93.940000
-94.020000
-93.680000
-94.030000
-93.930000
-94.090000
-93.590000
-94.090000
-93.440000
-93.410000
-93.120000
-92.590000
-92.890000
-92.490000
-92.270000
-92.830000
-92.760000
-92.680000
-93.130000
-92.590000
-92.910000
-92.080000
-92.420000
-93.020000
-93.180000
-92.910000
-92.510000
-92.700000
-92.680000
-92.880000
-92.260000
-92.010000
-92.810000
-92.800000
-92.440000
-92.110000
-91.940000
-91.760000
-91.870000
-92.040000
-92.740000
-91.910000
-92.070000
-91.080000
-90.610000
-90.330000
-90.970000
-90.290000
-90.010000
-89.190000
-89.770000
-89.650000
-89.090000
-88.430000
-88.300000
-88.300000
-87.470000
-87.080000
-87.130000
-87.250000
-86.640000
-87.050000
-86.680000
-86.320000
-86.660000
-86.750000
-86.690000
-85.850000
-85.710000
-85.960000
-86.080000
-86.110000
-84.980000
-84.950000
-85.000000
-84.940000
-84.910000
-84.380000
-84.270000
-84.110000
-83.790000
-83.020000
-83.130000
-82.450000
-82.200000
-82.280000
-82.950000
-82.630000
-82.760000
-82.990000
-83.400000
-83.430000
-83.150000
-83.050000
-83.150000
-83.360000
-83.120000
-83.080000
-81.860000
-81.080000
-81.050000
-81.180000
-81.030000
-80.710000
-80.680000
-80.900000
-81.110000
-80.810000
-81.130000
-81.090000
-81.080000
-81.490000
-81.120000
-81.150000
-81.560000
-81.450000
-81.600000
-81.620000
-81.740000
-81.560000
-80.580000
-81.190000
-81.130000
-81.010000
-81.050000
-81.330000
-81.780000
-81.630000
-81.930000
-81.660000
-82.250000
-82.330000
-82.180000
-82.580000
-82.150000
-83.080000
-83.790000
-83.590000
-84.240000
-84.370000
-83.790000
-85.150000
-85.040000
-85.740000
-86.140000
-86.070000
-85.730000
-85.480000
-85.750000
-86.530000
-86.240000
-85.600000
-85.930000
-85.520000
-85.330000
-85.410000
-85.800000
-86.230000
-86.430000
-86.640000
-87.390000
-86.770000
-87.450000
-87.360000
-87.300000
-87.230000
-86.660000
-86.780000
-86.200000
-86.010000
-85.270000
-85.030000
-85.680000
-86.290000
-86.170000
-85.780000
-85.640000
-85.150000
-84.650000
-84.200000
-84.100000
-84.740000
-84.460000
-85.140000
-84.890000
-84.430000
-84.910000
-85.600000
-86.190000
-85.270000
-85.300000
-84.890000
-85.430000
-84.980000
-85.450000
-85.810000
-86.070000
-85.760000
-85.850000
-85.770000
-85.440000
-85.760000
-85.750000
-85.430000
-85.210000
-84.680000
-84.260000
-84.010000
-83.350000
-83.360000
-83.780000
-84.050000
-84.930000
-84.920000
-84.430000
-84.650000
-84.020000
-84.180000
-84.040000
-84.210000
-84.930000
-85.130000
-85.330000
-85.230000
-84.810000
-84.320000
-84.660000
-84.270000
-83.740000
-83.160000
-82.910000
-82.950000
-83.060000
-82.930000
-82.840000
-82.540000
-82.160000
-82.740000
-82.580000
-81.680000
-81.230000
-80.900000
-81.090000
-81.190000
-80.870000
-81.560000
-81.140000
-82.320000
-82.330000
-81.560000
-81.860000
-82.490000
-81.820000
-82.240000
-82.860000
-82.470000
-82.030000
-81.590000
-81.320000
-80.310000
-79.860000
-80.060000
-79.620000
-79.030000
-79.340000
-78.830000
-78.800000
-78.880000
-79.240000
-79.220000
-79.610000
-79.910000
-79.830000
-79.730000
-79.970000
-79.850000
-79.740000
-79.660000
-80.070000
-80.400000
-80.280000
-80.220000
-80.420000
-80.260000
-80.800000
-80.850000
-80.750000
-80.670000
-79.740000
-79.920000
-79.800000
-79.340000
-79.540000
-80.580000
-80.100000
-79.230000
-78.610000
-78.560000
-79.290000
-79.460000
-79.320000
-77.880000
-77.840000
-78.630000
-78.760000
-78.700000
-79.410000
-79.140000
-79.510000
-79.720000
-80.020000
-79.440000
-78.570000
-77.900000
-78.180000
-77.220000
-77.170000
-77.180000
-77.100000
-76.810000
-76.930000
-76.040000
-75.120000
-75.790000
-76.090000
-76.310000
-75.990000
-76.470000
-77.470000
-77.760000
-77.800000
-78.290000
-77.850000
-78.020000
-78.990000
-78.680000
-78.510000
-78.140000
-77.660000
-77.870000
-78.500000
-78.460000
-78.600000
-78.680000
-78.490000
-78.080000
-78.450000
-78.130000
-78.130000
-78.110000
-77.740000
-77.890000
-77.860000
-77.880000
-77.600000
-77.720000
-77.290000
-77.530000
-77.560000
-77.700000
-77.560000
-77.460000
-77.510000
-78.370000
-77.410000
-77.730000
-77.790000
-77.650000
-77.190000
-76.630000
-76.830000
-76.470000
-77.030000
-76.140000
-75.580000
-75.460000
-75.630000
-76.060000
-75.110000
-75.600000
-76.370000
-76.120000
-76.760000
-75.820000
-75.770000
-75.890000
-75.570000
-75.360000
-75.340000
-75.640000
-75.140000
-75.390000
-75.150000
-73.750000
-73.720000
-74.480000
-74.250000
-73.890000
-73.250000
-73.090000
-73.270000
-73.920000
-74.290000
-74.180000
-74.380000
-74.540000
-74.130000
-74.930000
-75.280000
-74.750000
-74.210000
-74.410000
-74.320000
-74.570000
-74.380000
-75.310000
-75.560000
-75.130000
-75.150000
-75.700000
-75.820000
-76.710000
-77.450000
-77.140000
-76.720000
-76.470000
-76.340000
-76.530000
-75.470000
-75.390000
-75.400000
-74.410000
-73.900000
-74.160000
-73.910000
-74.560000
-75.110000
-75.060000
-75.030000
-75.410000
-74.770000
-73.880000
-73.470000
-73.080000
-73.880000
-73.290000
-73.890000
-73.800000
-73.970000
-74.470000
-74.380000
-74.660000
-73.730000
-74.110000
-73.390000
-72.800000
-72.890000
-72.980000
-72.850000
-73.110000
-73.410000
-73.570000
-72.990000
-72.790000
-73.620000
-73.130000
-73.530000
-73.770000
-73.920000
-74.590000
-74.130000
-74.220000
-73.960000
-73.880000
-74.360000
-74.360000
-73.880000
-73.790000
-73.980000
-73.720000
-72.860000
-72.990000
-72.940000
-73.950000
-74.060000
-74.390000
-73.770000
-73.670000
-74.650000
-74.820000
-74.780000
-74.640000
-74.200000
-75.030000
-75.530000
-75.680000
-75.960000
-76.070000
-76.830000
-77.340000
-77.850000
-78.330000
-78.220000
-78.000000
-78.110000
-78.330000
-78.980000
-78.350000
-77.630000
-77.460000
-77.260000
-76.990000
-77.290000
-76.670000
-76.910000
-76.320000
-76.690000
-77.110000
-76.600000
-77.090000
-76.060000
-75.020000
-74.320000
-73.990000
-74.900000
-74.620000
-74.470000
-74.340000
-74.910000
-75.110000
-75.290000
-76.070000
-76.290000
-75.700000
-75.560000
-75.420000
-74.990000
-75.350000
-75.840000
-74.950000
-75.390000
-75.370000
-75.810000
-75.390000
-74.910000
-75.190000
-75.200000
-74.420000
-74.290000
-73.680000
-73.610000
-73.700000
-74.790000
-74.340000
-74.150000
-74.280000
-74.950000
-75.140000
-75.490000
-75.680000
-75.310000
-75.240000
-76.140000
-76.180000
-76.340000
-76.930000
-76.940000
-77.260000
-77.810000
-76.840000
-77.530000
-77.030000
-77.020000
-77.280000
-77.000000
-77.450000
-78.240000
-77.880000
-78.260000
-77.650000
-78.060000
-77.710000
-77.260000
-76.510000
-76.020000
-76.330000
-76.860000
-76.830000
-75.500000
-75.610000
-76.140000
-75.760000
-76.110000
-75.680000
-74.640000
-74.100000
-74.790000
-75.280000
-75.220000
-75.030000
-74.450000
-74.260000
-73.800000
-74.320000
-74.370000
-73.540000
-72.880000
-72.590000
-73.280000
-73.030000
-72.950000
-72.950000
-72.780000
-73.250000
-73.190000
-73.540000
-73.180000
-72.810000
-73.570000
-72.890000
-74.050000
-74.140000
-74.080000
-73.950000
-73.080000
-73.070000
-73.120000
-72.170000
-71.580000
-71.480000
-71.390000
-70.280000
-70.200000
-70.890000
-70.600000
-70.160000
-70.170000
-69.350000
-69.570000
-70.480000
-70.410000
-71.500000
-70.620000
-70.000000
-69.780000
-69.660000
-69.170000
-69.400000
-68.740000
-69.330000
-69.630000
-68.760000
-69.330000
-69.690000
-70.750000
-71.130000
-70.560000
-69.330000
-69.630000
-69.200000
-68.650000
-68.330000
-67.590000
-67.540000
-67.920000
-67.520000
-67.870000
-67.920000
-67.620000
-68.340000
-67.640000
-68.330000
-67.950000
-68.380000
-68.960000
-69.010000
-68.610000
-68.770000
-68.140000
-68.990000
-68.800000
-68.790000
-68.600000
-69.290000
-69.150000
-68.530000
-68.810000
-68.330000
-68.570000
-68.650000
-68.300000
-69.070000
-68.520000
-69.220000
-69.800000
-69.840000
-69.500000
-68.750000
-68.450000
-69.150000
-68.750000
-68.440000
-67.860000
-67.310000
-67.160000
-66.620000
-66.670000
-66.500000
-66.200000
-66.100000
-66.730000
-65.900000
-65.480000
-66.340000
-66.020000
-65.140000
-64.780000
-64.170000
-63.660000
-63.250000
-63.210000
-63.230000
-63.900000
-64.150000
-64.480000
-63.750000
-63.540000
-63.890000
-64.270000
-64.540000
-64.070000
-64.020000
-64.520000
-64.360000
-65.020000
-64.920000
-65.010000
-64.610000
-63.970000
-63.930000
-63.980000
-64.120000
-65.000000
-65.330000
-65.750000
-66.170000
-65.880000
-66.050000
-66.920000
-66.710000
-66.800000
-67.440000
-67.000000
-66.750000
-65.480000
-65.320000
-65.330000
-65.750000
-65.560000
-65.470000
-66.050000
-66.710000
-67.130000
-66.680000
-65.500000
-66.390000
-65.190000
-63.730000
-64.160000
-64.150000
-64.560000
-64.230000
-63.980000
-63.410000
-63.190000
-63.010000
-62.450000
-62.710000
-63.290000
-62.840000
-63.180000
-63.470000
-63.420000
-62.630000
-63.230000
-62.960000
-62.830000
-63.710000
-64.250000
-63.520000
-63.670000
-63.960000
-64.350000
-63.840000
-63.420000
-63.730000
-62.950000
-63.260000
-62.640000
-62.090000
-61.740000
-61.480000
-61.120000
-61.230000
-61.310000
-61.730000
-62.220000
-62.760000
-63.280000
-64.040000
-64.490000
-64.790000
-64.650000
-63.610000
-63.680000
-63.910000
-64.400000
-65.180000
-65.080000
-65.560000
-64.970000
-65.890000
-65.290000
-64.640000
-64.780000
-65.560000
-64.770000
-65.520000
-65.930000
-65.260000
-66.010000
-66.200000
-66.410000
-65.290000
-64.910000
-65.530000
-65.380000
-65.890000
-64.960000
-64.590000
-64.400000
-63.850000
-63.590000
-64.210000
-63.660000
-62.870000
-63.360000
-62.490000
-62.280000
-62.070000
-62.280000
-62.160000
-62.590000
-62.030000
-62.090000
-61.890000
-61.310000
-61.620000
-61.850000
-61.630000
-61.040000
-60.220000
-60.060000
-60.880000
-61.900000
-60.120000
-60.530000
-61.740000
-61.390000
-60.990000
-60.710000
-60.680000
-60.540000
-60.320000
-58.860000
-58.480000
-59.030000
-58.730000
-58.440000
