-113.000000
-112.500000
-96.000000
-98.250000
-101.400000
-108.166667
-111.571429
-113.625000
-114.444444
-109.700000
-104.636364
-100.416667
-99.230769
-94.500000
-92.600000
-91.812500
-93.176471
-93.166667
-90.736842
-89.400000
-89.666667
-90.318182
-91.391304
-90.791667
-91.520000
-90.500000
-90.592593
-90.035714
-86.517241
-87.733333
-87.741935
-86.812500
-88.151515
-86.323529
-85.942857
-85.361111
-85.486486
-84.631579
-84.589744
-81.475000
-80.292683
-79.357143
-80.116279
-80.181818
-80.711111
-79.260870
-78.765957
-78.666667
-78.918367
-80.160000
-80.235294
-80.115385
-80.301887
-80.407407
-80.745455
-81.000000
-80.719298
-81.034483
-81.254237
-81.783333
-81.754098
-81.983871
-81.317460
-81.203125
-81.246154
-81.666667
-81.716418
-81.867647
-81.652174
-81.700000
-82.154930
-81.777778
-81.397260
-81.972973
-82.426667
-82.184211
-82.818182
-82.589744
-82.810127
-81.975000
-82.469136
-82.268293
-82.530120
-83.238095
-83.176471
-83.732558
-83.183908
-83.250000
-83.134831
-83.422222
-83.736264
-83.532609
-83.731183
-83.500000
-83.663158
-83.479167
-83.453608
-83.765306
-83.505051
-83.740000
-83.390000
-83.460000
-83.880000
-83.760000
-83.750000
-83.610000
-83.210000
-82.880000
-81.830000
-81.960000
-82.730000
-83.480000
-83.180000
-84.240000
-84.240000
-84.310000
-84.450000
-84.030000
-84.620000
-84.690000
-84.490000
-84.720000
-84.290000
-83.780000
-83.360000
-83.670000
-83.000000
-82.340000
-83.610000
-83.220000
-83.130000
-83.820000
-83.130000
-84.080000
-84.430000
-84.810000
-85.220000
-86.110000
-86.270000
-86.840000
-86.990000
-87.470000
-87.150000
-86.830000
-86.620000
-87.400000
-87.950000
-88.430000
-88.160000
-87.860000
-87.550000
-87.590000
-87.560000
-87.970000
-87.670000
-87.810000
-88.370000
-87.740000
-87.740000
-87.390000
-87.200000
-86.800000
-86.930000
-87.420000
-87.030000
-87.220000
-87.460000
-87.120000
-87.190000
-87.530000
-87.100000
-87.040000
-87.360000
-86.670000
-86.420000
-86.910000
-86.690000
-87.050000
-86.880000
-87.810000
-87.300000
-87.640000
-87.090000
-86.540000
-86.810000
-86.280000
-86.810000
-86.390000
-85.970000
-85.830000
-85.340000
-84.950000
-84.710000
-85.520000
-85.670000
-86.050000
-86.090000
-86.120000
-86.970000
-86.520000
-86.870000
-86.620000
-86.020000
-86.160000
-86.370000
-85.980000
-86.090000
-85.860000
-86.510000
-86.270000
-86.100000
-85.110000
-85.310000
-84.460000
-84.840000
-85.160000
-84.470000
-84.740000
-84.310000
-84.670000
-84.730000
-84.340000
-84.520000
-85.250000
-85.370000
-84.880000
-85.670000
-86.730000
-85.860000
-85.820000
-86.110000
-86.150000
-86.310000
-85.910000
-85.320000
-85.080000
-84.660000
-84.320000
-84.320000
-85.190000
-85.380000
-85.500000
-86.050000
-86.290000
-86.420000
-86.810000
-86.710000
-86.130000
-86.200000
-86.100000
-86.550000
-86.180000
-86.250000
-86.120000
-86.440000
-86.800000
-86.710000
-86.500000
-86.210000
-86.630000
-86.360000
-86.790000
-87.510000
-87.260000
-87.700000
-87.190000
-86.740000
-86.300000
-85.600000
-85.400000
-85.000000
-85.550000
-84.940000
-85.110000
-85.590000
-85.590000
-85.610000
-84.880000
-85.480000
-85.640000
-85.440000
-85.450000
-86.060000
-85.570000
-85.640000
-85.750000
-85.660000
-85.980000
-87.120000
-87.100000
-87.300000
-87.670000
-87.910000
-87.230000
-86.290000
-86.570000
-86.940000
-85.450000
-84.960000
-85.050000
-85.120000
-84.960000
-85.710000
-85.230000
-84.770000
-84.710000
-84.450000
-84.670000
-84.700000
-85.040000
-84.370000
-84.710000
-85.210000
-85.440000
-85.530000
-84.620000
-84.790000
-84.610000
-84.650000
-84.700000
-84.940000
-85.450000
-85.850000
-85.160000
-85.350000
-85.830000
-85.890000
-85.240000
-85.800000
-85.840000
-85.800000
-84.950000
-85.320000
-84.460000
-84.550000
-85.220000
-85.050000
-85.190000
-84.660000
-84.520000
-84.870000
-84.490000
-84.290000
-84.890000
-84.810000
-84.410000
-84.170000
-84.670000
-84.740000
-84.200000
-83.380000
-83.850000
-84.050000
-83.940000
-84.070000
-83.100000
-83.190000
-83.720000
-84.010000
-83.400000
-83.890000
-83.920000
-83.800000
-83.970000
-84.330000
-84.220000
-84.570000
-85.440000
-85.930000
-85.300000
-86.280000
-85.570000
-85.890000
-85.660000
-85.370000
-84.300000
-84.190000
-84.650000
-84.120000
-84.000000
-83.730000
-83.450000
-83.560000
-84.630000
-83.840000
-83.290000
-83.490000
-83.380000
-82.880000
-83.270000
-82.730000
-83.140000
-82.890000
-82.420000
-83.330000
-83.150000
-82.740000
-83.950000
-83.140000
-83.450000
-83.050000
-83.220000
-82.800000
-82.600000
-82.350000
-82.180000
-81.830000
-81.260000
-81.030000
-80.300000
-81.160000
-81.630000
-81.690000
-81.610000
-81.580000
-81.890000
-81.720000
-81.520000
-81.410000
-80.920000
-80.520000
-80.110000
-79.540000
-79.340000
-79.460000
-79.080000
-79.290000
-79.950000
-80.430000
-80.200000
-80.200000
-81.070000
-81.350000
-81.730000
-81.880000
-81.290000
-81.160000
-80.630000
-80.970000
-80.730000
-80.310000
-80.800000
-80.960000
-80.820000
-81.030000
-80.570000
-80.920000
-80.560000
-80.990000
-81.340000
-81.950000
-82.200000
-82.190000
-81.890000
-80.580000
-80.940000
-80.830000
-80.510000
-80.610000
-80.620000
-80.530000
-80.160000
-79.520000
-78.890000
-79.070000
-78.950000
-78.760000
-78.010000
-77.980000
-78.780000
-78.490000
-79.240000
-80.130000
-79.830000
-79.380000
-80.370000
-80.210000
-79.670000
-79.520000
-79.740000
-80.590000
-81.060000
-80.550000
-80.210000
-79.520000
-79.960000
-79.540000
-79.500000
-79.120000
-78.480000
-79.010000
-78.750000
-78.640000
-79.030000
-79.020000
-78.880000
-78.420000
-78.440000
-78.720000
-78.550000
-78.530000
-78.500000
-78.780000
-79.460000
-79.720000
-80.490000
-80.460000
-81.080000
-80.310000
-80.940000
-80.730000
-80.740000
-80.540000
-80.520000
-79.610000
-79.680000
-79.800000
-80.660000
-81.140000
-80.940000
-81.190000
-80.810000
-81.210000
-82.340000
-81.800000
-81.910000
-80.890000
-79.940000
-79.650000
-79.750000
-78.850000
-78.160000
-77.320000
-77.530000
-77.680000
-78.150000
-77.660000
-77.130000
-77.440000
-77.840000
-77.930000
-76.900000
-76.380000
-76.110000
-76.160000
-75.930000
-75.380000
-75.510000
-75.550000
-75.080000
-74.550000
-74.890000
-74.980000
-74.720000
-75.970000
-76.450000
-75.230000
-76.200000
-76.160000
-76.390000
-76.800000
-76.310000
-76.450000
-76.430000
-76.330000
-75.860000
-76.010000
-77.040000
-76.300000
-76.160000
-76.060000
-75.320000
-74.300000
-75.080000
-75.020000
-75.130000
-74.620000
-74.990000
-74.820000
-73.590000
-73.560000
-73.670000
-73.250000
-73.450000
-73.770000
-73.980000
-73.850000
-73.860000
-74.430000
-75.130000
-75.010000
-74.510000
-75.300000
-74.660000
-74.570000
-74.720000
-74.590000
-74.490000
-74.700000
-75.000000
-75.340000
-74.220000
-73.400000
-73.090000
-73.430000
-72.790000
-73.340000
-72.620000
-72.910000
-72.410000
-71.780000
-70.710000
-70.450000
-70.380000
-70.650000
-70.190000
-69.830000
-68.840000
-68.310000
-68.520000
-68.260000
-68.000000
-67.580000
-67.670000
-67.390000
-67.270000
-67.650000
-67.810000
-67.080000
-66.620000
-67.840000
-67.560000
-68.390000
-68.990000
-68.390000
-68.480000
-69.110000
-69.420000
-69.140000
-69.070000
-69.270000
-70.290000
-70.930000
-70.360000
-70.000000
-69.940000
-70.190000
-69.280000
-68.810000
-69.120000
-69.530000
-68.360000
-66.900000
-67.630000
-67.390000
-67.210000
-68.450000
-67.200000
-66.890000
-66.530000
-66.380000
-67.040000
-67.150000
-67.160000
-66.370000
-66.900000
-66.850000
-66.450000
-67.730000
-67.490000
-67.550000
-68.530000
-69.200000
-68.710000
-68.400000
-67.890000
-68.120000
-67.270000
-66.990000
-67.410000
-66.890000
-66.130000
-66.120000
-65.970000
-66.510000
-66.500000
-67.400000
-67.750000
-67.290000
-66.400000
-66.050000
-65.720000
-64.300000
-65.680000
-65.610000
-64.750000
-65.490000
-65.590000
-65.480000
-65.300000
-64.720000
-65.510000
-66.270000
-66.080000
-65.970000
-66.290000
-66.520000
-67.380000
-68.210000
-68.150000
-67.540000
-68.750000
-68.680000
-68.880000
-69.000000
-69.410000
-69.230000
-69.550000
-69.710000
-69.510000
-69.530000
-70.100000
-69.880000
-68.600000
-69.030000
-68.760000
-68.670000
-68.450000
-68.470000
-68.780000
-68.200000
-68.620000
-68.530000
-68.500000
-69.190000
-69.200000
-68.650000
-68.730000
-68.090000
-67.700000
-67.220000
-67.150000
-66.080000
-65.800000
-65.410000
-65.420000
-65.460000
-66.570000
-66.700000
-66.030000
-66.110000
-66.660000
-67.030000
-66.540000
-65.780000
-66.060000
-65.330000
-65.260000
-65.080000
-64.690000
-64.520000
-64.390000
-64.390000
-64.240000
-64.090000
-63.780000
-63.260000
-63.240000
-62.340000
-61.770000
-61.490000
-61.090000
-60.260000
-61.130000
-61.170000
-61.100000
-60.600000
-61.420000
-61.720000
-61.190000
-61.020000
-60.940000
-61.180000
-60.250000
-60.520000
-60.090000
-59.910000
-59.810000
-59.630000
-59.550000
-59.380000
-60.100000
-60.240000
-58.660000
-58.710000
-58.300000
-58.240000
-57.580000
-57.760000
-57.280000
-56.500000
-56.520000
-55.990000
-55.760000
-55.300000
-54.450000
-54.220000
-53.660000
-53.810000
-54.700000
-55.480000
-54.980000
-54.490000
-54.390000
-55.230000
-55.020000
-55.570000
-55.870000
-55.280000
-54.810000
-55.270000
-54.920000
-54.300000
-55.000000
-54.370000
-54.570000
-54.990000
-55.270000
-54.840000
-55.740000
-55.540000
-55.640000
-54.790000
-54.770000
-54.920000
-54.180000
-54.490000
-54.610000
-55.570000
-55.950000
-56.540000
-56.070000
-55.580000
-56.650000
-57.220000
-57.550000
-57.340000
-56.740000
-55.740000
-56.250000
-56.280000
-55.720000
-56.720000
-57.130000
-58.010000
-56.890000
-57.220000
-57.300000
-57.630000
-58.280000
-58.140000
-58.550000
-58.460000
-58.580000
-59.320000
-60.140000
-60.270000
-59.390000
-58.500000
-58.640000
-58.940000
-58.590000
-58.700000
-58.080000
-58.660000
-58.850000
-59.890000
-59.860000
-59.520000
-59.870000
-59.580000
-59.460000
-58.630000
-58.920000
-58.070000
-58.240000
-57.650000
-57.570000
-57.700000
-58.720000
-58.830000
-58.850000
-59.400000
-60.900000
-60.660000
-61.610000
-61.640000
-62.810000
-62.570000
-62.840000
-63.530000
-63.290000
-63.800000
-64.180000
-64.350000
-65.260000
-65.430000
-65.780000
-64.160000
-64.040000
-64.230000
-64.000000
-64.500000
-64.500000
-64.210000
-63.790000
-63.800000
-63.070000
-63.380000
-62.880000
-62.050000
-62.870000
-62.710000
-62.980000
-63.670000
-64.320000
-63.610000
-63.720000
-64.530000
-63.780000
-63.120000
-62.040000
-61.820000
-61.630000
-61.520000
-61.600000
-61.280000
-61.500000
-60.630000
-60.750000
-59.590000
-59.170000
-60.720000
-60.060000
-60.100000
-59.910000
-59.920000
-60.050000
-60.030000
-59.720000
-59.310000
-59.710000
-58.750000
-58.230000
-57.550000
-57.820000
-57.870000
-58.630000
-59.000000
-58.820000
-59.340000
-58.550000
-58.600000
-58.330000
-57.620000
-57.520000
-57.820000
-58.650000
-59.910000
-59.880000
-59.630000
-59.960000
-59.680000
-59.610000
-59.080000
-58.850000
-58.320000
-58.300000
-58.880000
-58.810000
-59.020000
-59.180000
-60.230000
-60.250000
-60.720000
-60.060000
-60.120000
-59.560000
-59.530000
-59.110000
-59.440000
-58.810000
-58.840000
-57.360000
-57.150000
-57.330000
-57.200000
-56.900000
-56.220000
-56.130000
