-123.000000
-111.500000
-111.000000
-102.250000
-100.200000
-102.166667
-95.000000
-98.000000
-97.000000
-93.600000
-92.909091
-92.750000
-90.230769
-90.357143
-88.600000
-83.687500
-85.529412
-84.777778
-85.052632
-85.600000
-86.857143
-88.136364
-87.739130
-87.875000
-88.920000
-89.730769
-87.370370
-86.500000
-86.206897
-85.000000
-82.870968
-81.562500
-80.454545
-79.147059
-80.000000
-80.972222
-81.945946
-82.157895
-82.615385
-82.750000
-82.560976
-83.095238
-84.232558
-83.454545
-82.600000
-83.413043
-83.276596
-82.562500
-83.755102
-83.760000
-82.843137
-82.115385
-80.660377
-80.388889
-80.545455
-79.678571
-78.894737
-79.586207
-79.084746
-79.783333
-79.868852
-80.241935
-80.095238
-79.906250
-80.276923
-80.227273
-80.179104
-80.279412
-80.884058
-81.157143
-80.535211
-80.986111
-80.410959
-79.959459
-80.093333
-80.763158
-80.376623
-80.602564
-79.544304
-79.912500
-80.345679
-80.768293
-80.939759
-80.857143
-80.800000
-81.139535
-81.045977
-81.238636
-80.752809
-80.700000
-80.769231
-80.684783
-81.139785
-81.180851
-80.842105
-80.916667
-80.824742
-80.897959
-81.323232
-81.360000
-81.110000
-80.750000
-80.490000
-80.670000
-80.870000
-80.790000
-80.640000
-79.990000
-79.830000
-80.630000
-80.810000
-80.820000
-80.890000
-81.010000
-80.840000
-81.360000
-81.360000
-81.770000
-81.180000
-81.060000
-80.840000
-80.210000
-79.880000
-79.270000
-78.890000
-78.430000
-78.500000
-77.900000
-77.260000
-76.830000
-77.250000
-77.290000
-77.420000
-77.510000
-77.300000
-77.160000
-76.770000
-76.540000
-76.660000
-77.110000
-76.650000
-76.080000
-74.980000
-75.490000
-76.200000
-76.320000
-76.710000
-76.450000
-75.690000
-75.900000
-75.740000
-76.410000
-76.940000
-77.380000
-77.910000
-78.190000
-78.540000
-78.210000
-77.780000
-77.150000
-76.770000
-76.730000
-75.960000
-76.340000
-75.890000
-76.120000
-76.350000
-75.960000
-75.590000
-74.590000
-74.590000
-74.340000
-74.810000
-74.630000
-74.880000
-74.070000
-74.910000
-74.430000
-75.060000
-74.860000
-74.060000
-73.440000
-73.790000
-73.340000
-72.350000
-71.990000
-72.430000
-72.190000
-72.390000
-72.410000
-72.470000
-72.200000
-71.070000
-70.960000
-70.930000
-70.210000
-70.910000
-71.030000
-70.100000
-69.240000
-69.370000
-68.550000
-68.360000
-68.530000
-68.060000
-68.120000
-67.320000
-67.140000
-66.770000
-65.980000
-65.930000
-65.770000
-66.100000
-65.060000
-65.050000
-65.210000
-63.940000
-63.850000
-64.080000
-62.880000
-63.090000
-62.530000
-62.430000
-62.880000
-62.620000
-62.500000
-63.210000
-63.960000
-64.100000
-63.910000
-64.290000
-64.490000
-63.910000
-63.660000
-62.750000
-62.380000
-62.760000
-63.250000
-62.370000
-61.350000
-62.170000
-62.580000
-63.050000
-62.800000
-62.510000
-61.940000
-61.510000
-62.120000
-62.480000
-61.400000
-61.970000
-61.550000
-60.860000
-60.510000
-59.470000
-59.620000
-60.070000
-60.010000
-60.330000
-60.490000
-60.710000
-60.120000
-60.830000
-60.610000
-60.650000
-60.040000
-60.130000
-60.220000
-59.870000
-59.750000
-60.500000
-60.210000
-59.990000
-59.340000
-59.490000
-59.160000
-58.730000
-58.990000
-58.150000
-57.350000
-58.120000
-58.440000
-56.920000
-56.520000
-57.760000
-57.250000
-57.510000
-58.010000
-58.010000
-57.700000
-57.200000
-57.560000
-58.620000
-57.760000
-57.570000
-57.680000
-56.840000
-57.050000
-57.310000
-58.130000
-57.920000
-58.370000
-58.280000
-56.620000
-57.040000
-56.730000
-57.440000
-56.920000
-56.560000
-56.890000
-56.290000
-55.930000
-54.700000
-55.850000
-55.390000
-55.160000
-56.190000
-54.900000
-54.250000
-55.320000
-55.220000
-56.570000
-57.300000
-55.520000
-56.280000
-56.320000
-56.000000
-55.940000
-56.130000
-55.960000
-55.630000
-55.360000
-55.390000
-56.290000
-56.600000
-56.620000
-55.850000
-54.830000
-55.570000
-55.150000
-54.710000
-54.210000
-54.290000
-54.490000
-53.550000
-53.520000
-53.560000
-53.160000
-53.110000
-53.970000
-54.070000
-53.990000
-54.950000
-55.340000
-56.220000
-55.000000
-54.570000
-54.190000
-53.670000
-54.220000
-54.130000
-54.500000
-54.390000
-54.100000
-54.200000
-54.660000
-54.100000
-54.380000
-54.740000
-55.100000
-53.630000
-53.880000
-54.250000
-55.440000
-54.910000
-54.860000
-53.200000
-52.900000
-54.140000
-54.860000
-54.460000
-54.780000
-54.890000
-56.400000
-55.500000
-55.830000
-55.580000
-55.740000
-55.810000
-56.060000
-56.120000
-54.850000
-54.840000
-56.250000
-57.060000
-57.290000
-55.530000
-55.090000
-54.650000
-53.650000
-53.290000
-52.990000
-52.610000
-54.180000
-53.960000
-52.920000
-53.410000
-53.930000
-55.040000
-54.140000
-54.580000
-54.930000
-55.850000
-55.420000
-56.580000
-57.170000
-56.930000
-57.060000
-57.820000
-57.190000
-56.960000
-54.830000
-53.630000
-54.300000
-54.190000
-53.980000
-54.460000
-53.490000
-53.650000
-54.700000
-53.080000
-53.550000
-53.330000
-52.760000
-53.360000
-51.340000
-51.480000
-52.340000
-52.200000
-53.460000
-52.620000
-53.070000
-52.680000
-52.700000
-52.740000
-51.910000
-51.980000
-52.390000
-52.000000
-51.760000
-51.670000
-51.830000
-50.740000
-50.330000
-50.170000
-51.490000
-51.510000
-52.010000
-53.230000
-52.380000
-52.130000
-51.760000
-51.760000
-51.950000
-51.100000
-51.100000
-51.420000
-51.310000
-51.190000
-51.810000
-52.620000
-52.510000
-52.090000
-52.360000
-52.320000
-52.940000
-54.420000
-54.690000
-53.440000
-53.370000
-53.380000
-53.020000
-54.330000
-53.950000
-54.570000
-54.740000
-53.200000
-52.530000
-52.240000
-52.260000
-52.240000
-53.470000
-52.190000
-51.630000
-51.520000
-52.130000
-53.190000
-53.280000
-53.980000
-54.520000
-53.850000
-55.080000
-55.520000
-55.250000
-55.120000
-55.910000
-55.870000
-56.540000
-56.550000
-56.120000
-56.130000
-56.200000
-55.150000
-55.100000
-53.930000
-53.790000
-54.320000
-55.470000
-55.440000
-55.980000
-55.940000
-57.960000
-59.470000
-59.820000
-59.560000
-59.570000
-59.490000
-58.680000
-58.670000
-58.520000
-60.100000
-59.780000
-60.500000
-60.230000
-60.460000
-62.870000
-62.960000
-62.310000
-62.670000
-61.640000
-62.430000
-62.050000
-62.280000
-61.910000
-62.300000
-63.520000
-62.700000
-62.390000
-61.950000
-62.480000
-61.820000
-60.910000
-61.970000
-61.380000
-60.640000
-60.870000
-60.490000
-60.110000
-59.910000
-60.080000
-59.600000
-60.170000
-60.830000
-60.230000
-60.710000
-60.120000
-59.080000
-58.210000
-57.580000
-57.500000
-57.400000
-57.450000
-57.360000
-57.370000
-57.500000
-57.120000
-56.920000
-56.320000
-56.920000
-55.880000
-56.110000
-55.650000
-54.800000
-54.130000
-53.750000
-53.990000
-54.710000
-54.440000
-55.160000
-54.770000
-55.190000
-55.330000
-56.380000
-56.000000
-55.960000
-55.200000
-56.290000
-56.540000
-56.390000
-57.160000
-58.060000
-57.210000
-56.940000
-56.030000
-55.690000
-55.530000
-55.340000
-55.280000
-54.520000
-55.230000
-54.740000
-54.270000
-55.600000
-55.070000
-55.620000
-54.970000
-54.130000
-53.880000
-53.790000
-53.520000
-53.890000
-53.610000
-52.560000
-53.690000
-53.720000
-54.110000
-54.100000
-55.930000
-55.660000
-55.410000
-55.760000
-54.970000
-55.220000
-55.470000
-53.180000
-53.090000
-53.010000
-53.380000
-52.540000
-53.530000
-53.260000
-53.010000
-52.080000
-51.820000
-51.250000
-51.060000
-51.570000
-51.380000
-52.370000
-51.020000
-50.400000
-51.270000
-50.990000
-51.190000
-51.370000
-50.060000
-50.660000
-50.250000
-49.740000
-49.670000
-49.930000
-48.620000
-47.550000
-48.370000
-48.140000
-47.420000
-47.420000
-47.200000
-46.860000
-45.610000
-44.650000
-43.160000
-42.990000
-43.000000
-42.270000
-41.460000
-41.460000
-42.450000
-42.640000
-43.480000
-43.060000
-43.630000
-43.820000
-43.600000
-42.810000
-41.390000
-42.150000
-41.990000
-41.440000
-40.700000
-40.340000
-39.880000
-38.570000
-38.750000
-38.940000
-38.030000
-36.690000
-35.200000
-34.210000
-33.750000
-33.440000
-33.520000
-32.000000
-32.290000
-33.030000
-33.190000
-33.220000
-33.370000
-34.130000
-34.900000
-35.070000
-34.750000
-34.340000
-35.320000
-35.700000
-35.890000
-35.670000
-35.410000
-35.160000
-34.480000
-32.930000
-31.570000
-31.650000
-31.070000
-30.690000
-30.470000
-29.890000
-29.030000
-28.960000
-29.140000
-28.500000
-29.290000
-29.050000
-28.970000
-30.680000
-30.840000
-30.210000
-29.040000
-28.230000
-27.670000
-26.870000
-27.090000
-27.950000
-28.140000
-28.880000
-29.080000
-29.670000
-29.860000
-28.870000
-29.630000
-30.350000
-30.730000
-30.720000
-30.930000
-30.920000
-31.690000
-31.260000
-31.670000
-31.810000
-31.810000
-32.010000
-33.470000
-32.650000
-32.120000
-31.900000
-32.880000
-32.980000
-32.880000
-33.540000
-34.550000
-35.670000
-35.930000
-35.930000
-35.040000
-35.450000
-36.130000
-36.020000
-35.130000
-35.020000
-35.020000
-34.310000
-33.910000
-33.600000
-34.000000
-34.970000
-35.960000
-35.270000
-35.510000
-35.530000
-36.450000
-36.460000
-36.430000
-35.540000
-35.550000
-34.660000
-35.640000
-36.540000
-37.350000
-38.100000
-37.980000
-38.020000
-38.110000
-39.800000
-39.440000
-38.850000
-38.840000
-38.810000
-37.240000
-36.640000
-36.050000
-36.050000
-36.250000
-35.920000
-35.320000
-35.130000
-34.820000
-35.210000
-35.220000
-35.170000
-36.030000
-36.700000
-37.570000
-36.820000
-36.800000
-36.380000
-36.180000
-35.900000
-36.210000
-35.430000
-34.720000
-34.420000
-34.410000
-34.390000
-33.880000
-33.180000
-31.890000
-32.410000
-33.980000
-34.340000
-34.820000
-35.810000
-35.130000
-35.710000
-36.200000
-35.820000
-34.860000
-34.070000
-33.560000
-33.090000
-32.890000
-31.840000
-30.270000
-28.130000
-27.890000
-27.390000
-27.970000
-26.760000
-26.100000
-26.700000
-26.050000
-26.840000
-24.930000
-26.740000
-25.630000
-26.840000
-27.440000
-27.000000
-28.570000
-29.260000
-29.840000
-28.170000
-28.060000
-28.850000
-28.650000
-29.230000
-30.120000
-28.540000
-29.430000
-28.440000
-29.020000
-27.820000
-28.420000
-28.950000
-29.540000
-28.070000
-28.650000
-28.110000
-27.010000
-27.580000
-28.170000
-28.750000
-29.440000
-31.840000
-32.420000
-33.310000
-31.630000
-32.220000
-31.120000
-29.290000
-29.870000
-30.490000
-29.060000
-29.660000
-31.010000
-29.980000
-30.570000
-29.590000
-29.370000
-29.970000
-28.880000
-29.480000
-30.280000
-31.170000
-31.770000
-32.160000
-31.370000
-31.960000
-32.550000
-31.540000
-32.130000
-33.020000
-33.710000
-35.150000
-34.080000
-35.080000
-34.080000
-32.920000
-31.550000
-30.600000
-29.890000
-29.090000
-29.690000
-30.290000
-31.490000
-32.780000
-34.070000
-33.090000
-33.090000
-34.300000
-34.390000
-34.170000
-35.540000
-33.050000
-30.880000
-29.820000
-30.780000
-31.570000
-32.660000
-33.030000
-33.820000
-35.760000
-35.880000
-36.260000
-37.000000
-36.160000
-33.890000
-34.120000
-33.900000
-33.900000
-35.130000
-33.250000
-32.790000
-31.480000
-31.720000
-29.720000
-27.610000
-26.790000
-26.790000
-24.960000
-24.450000
-26.760000
-26.990000
-25.750000
-24.430000
-21.990000
-20.130000
-22.440000
-22.190000
-23.870000
-22.310000
-24.840000
-24.760000
-23.560000
-23.550000
-24.410000
-24.410000
-24.550000
-24.660000
-24.580000
-24.330000
-22.380000
-22.680000
-22.670000
-21.110000
-19.550000
-21.660000
-20.460000
-20.800000
-23.310000
-20.960000
