-90.000000
-48.500000
-69.666667
-85.000000
-87.400000
-85.000000
-82.857143
-84.250000
-90.777778
-91.900000
-94.000000
-95.333333
-96.615385
-99.142857
-97.666667
-98.125000
-96.764706
-94.111111
-94.684211
-95.750000
-96.619048
-89.863636
-89.086957
-86.958333
-86.760000
-86.692308
-85.444444
-85.035714
-85.965517
-85.600000
-85.967742
-85.218750
-85.515152
-86.117647
-86.485714
-86.222222
-84.540541
-83.342105
-83.230769
-82.900000
-82.463415
-81.785714
-82.674419
-82.909091
-80.688889
-81.195652
-80.680851
-80.875000
-81.571429
-81.360000
-81.784314
-82.423077
-82.547170
-82.759259
-82.509091
-81.607143
-80.947368
-80.706897
-81.000000
-80.883333
-81.442623
-81.935484
-81.444444
-81.187500
-80.569231
-80.606061
-80.820896
-80.367647
-80.014493
-79.528571
-79.605634
-80.500000
-81.273973
-81.270270
-80.720000
-80.986842
-80.909091
-81.564103
-81.113924
-80.525000
-80.246914
-80.707317
-80.240964
-79.976190
-80.035294
-80.162791
-80.747126
-80.977273
-80.707865
-80.544444
-80.373626
-80.021739
-79.569892
-79.723404
-79.010526
-79.072917
-78.680412
-78.724490
-78.595960
-78.530000
-78.420000
-79.270000
-79.360000
-78.910000
-79.230000
-79.920000
-80.640000
-80.160000
-79.200000
-78.770000
-78.060000
-77.670000
-77.850000
-77.230000
-77.130000
-77.510000
-77.740000
-78.560000
-78.620000
-78.580000
-77.940000
-79.350000
-79.630000
-79.770000
-79.800000
-80.000000
-80.620000
-80.560000
-80.020000
-79.920000
-79.800000
-80.080000
-80.560000
-80.930000
-80.510000
-80.340000
-80.190000
-81.130000
-81.100000
-81.850000
-81.300000
-81.460000
-80.740000
-80.420000
-81.330000
-80.940000
-80.830000
-80.510000
-80.790000
-80.910000
-80.390000
-79.930000
-79.480000
-80.010000
-79.890000
-80.520000
-81.200000
-81.490000
-81.400000
-81.510000
-81.210000
-80.670000
-80.610000
-80.500000
-80.760000
-80.730000
-80.290000
-80.940000
-80.930000
-81.890000
-81.620000
-81.130000
-80.490000
-80.800000
-81.830000
-81.670000
-81.540000
-80.930000
-81.910000
-82.520000
-83.040000
-82.550000
-83.230000
-84.090000
-83.920000
-83.750000
-83.870000
-84.290000
-84.210000
-84.120000
-84.630000
-85.190000
-85.550000
-84.770000
-84.920000
-84.450000
-84.430000
-84.160000
-84.250000
-84.580000
-84.070000
-83.440000
-82.510000
-82.110000
-81.570000
-81.300000
-80.360000
-80.480000
-81.050000
-81.620000
-82.600000
-82.820000
-81.230000
-81.570000
-82.330000
-82.320000
-82.770000
-81.870000
-81.440000
-81.250000
-81.420000
-81.590000
-81.360000
-82.260000
-82.820000
-81.770000
-81.780000
-82.540000
-81.330000
-82.110000
-81.300000
-80.550000
-79.930000
-79.930000
-79.960000
-80.790000
-81.380000
-81.210000
-81.610000
-81.590000
-82.920000
-82.540000
-83.170000
-83.000000
-82.680000
-82.220000
-81.840000
-81.450000
-80.540000
-80.650000
-80.530000
-80.990000
-80.260000
-79.950000
-80.810000
-81.280000
-81.270000
-81.460000
-81.720000
-82.020000
-82.210000
-82.310000
-83.020000
-83.910000
-84.670000
-85.030000
-85.140000
-85.150000
-84.990000
-83.960000
-83.770000
-83.210000
-82.870000
-82.140000
-81.100000
-80.640000
-80.210000
-79.890000
-78.840000
-78.280000
-77.570000
-77.630000
-77.680000
-77.400000
-77.830000
-78.520000
-78.510000
-78.500000
-79.120000
-79.230000
-79.220000
-78.570000
-78.990000
-79.990000
-81.140000
-81.870000
-82.640000
-82.470000
-82.650000
-81.990000
-82.860000
-83.720000
-84.020000
-84.720000
-84.160000
-83.200000
-82.910000
-82.520000
-81.870000
-81.100000
-80.070000
-79.790000
-81.120000
-80.470000
-80.200000
-79.890000
-79.140000
-79.880000
-80.360000
-80.580000
-81.060000
-81.150000
-81.540000
-80.800000
-80.270000
-81.380000
-80.410000
-79.460000
-80.640000
-79.400000
-79.550000
-79.590000
-79.170000
-78.490000
-79.050000
-78.780000
-79.210000
-79.480000
-79.200000
-79.190000
-78.920000
-80.030000
-80.350000
-81.340000
-82.350000
-83.590000
-84.950000
-86.190000
-87.100000
-87.270000
-88.310000
-88.270000
-89.990000
-90.260000
-90.260000
-90.270000
-90.580000
-90.860000
-91.140000
-91.420000
-91.810000
-92.560000
-92.560000
-92.290000
-92.290000
-92.560000
-93.370000
-93.640000
-94.680000
-95.720000
-96.760000
-97.800000
-98.830000
-98.260000
-97.700000
-98.430000
-99.360000
-100.050000
-100.280000
-100.710000
-100.940000
-101.310000
-101.240000
-100.700000
-100.410000
-99.300000
-98.380000
-96.980000
-95.890000
-96.330000
-96.580000
-97.290000
-97.540000
-97.810000
-97.820000
-98.140000
-98.410000
-99.340000
-99.830000
-100.870000
-101.130000
-101.100000
-101.640000
-101.910000
-103.150000
-104.080000
-105.000000
-105.930000
-106.650000
-107.420000
-108.460000
-109.220000
-109.610000
-110.280000
-110.280000
-110.600000
-111.350000
-111.630000
-111.900000
-112.180000
-112.460000
-112.740000
-113.010000
-113.440000
-113.710000
-112.420000
-113.380000
-113.640000
-114.250000
-115.480000
-116.400000
-117.320000
-118.040000
-118.710000
-118.980000
-118.980000
-119.300000
-119.300000
-119.850000
-119.460000
-119.720000
-119.720000
-119.710000
-119.710000
-119.440000
-119.440000
-119.160000
-118.890000
-118.620000
-117.590000
-117.310000
-117.350000
-116.670000
-116.390000
-116.110000
-115.830000
-115.520000
-115.200000
-115.120000
-114.850000
-114.530000
-114.210000
-114.480000
-114.750000
-114.780000
-114.780000
-114.780000
-114.410000
-114.410000
-114.410000
-114.410000
-114.410000
-114.030000
-115.320000
-116.570000
-116.300000
-115.780000
-116.100000
-116.500000
-116.840000
-117.640000
-117.950000
-118.290000
-119.090000
-119.530000
-119.990000
-120.920000
-122.360000
-123.770000
-124.080000
-124.110000
-124.450000
-124.470000
-124.470000
-124.470000
-124.140000
-123.830000
-123.630000
-122.810000
-122.790000
-122.790000
-123.080000
-123.390000
-123.420000
-123.310000
-123.610000
-123.920000
-124.230000
-124.550000
-124.500000
-124.500000
-124.520000
-124.410000
-124.780000
-125.050000
-125.050000
-125.050000
-124.830000
-124.510000
-124.500000
-124.490000
-124.220000
-123.840000
-124.150000
-123.840000
-125.180000
-125.150000
-125.240000
-125.190000
-124.930000
-124.980000
-125.300000
-125.300000
-125.310000
-125.300000
-125.300000
-125.300000
-125.300000
-125.170000
-125.350000
-124.770000
-124.180000
-124.180000
-124.160000
-124.420000
-124.400000
-124.080000
-124.210000
-124.500000
-125.850000
-126.130000
-126.410000
-127.090000
-127.370000
-127.540000
-127.820000
-128.140000
-128.460000
-128.550000
-128.820000
-129.140000
-129.460000
-129.460000
-129.460000
-129.290000
-129.270000
-129.270000
-129.640000
-129.640000
-129.630000
-128.800000
-128.780000
-129.170000
-129.490000
-129.830000
-130.410000
-131.230000
-131.260000
-131.400000
-131.670000
-131.680000
-131.680000
-131.690000
-131.740000
-131.900000
-132.550000
-132.550000
-132.520000
-132.490000
-132.490000
-132.470000
-132.130000
-131.420000
-131.410000
-131.410000
-131.730000
-132.040000
-132.330000
-133.140000
-132.330000
-132.330000
-132.330000
-132.310000
-132.260000
-132.370000
-131.550000
-131.440000
-131.090000
-130.740000
-130.710000
-130.360000
-129.770000
-129.880000
-129.870000
-129.860000
-129.720000
-129.720000
-129.940000
-130.260000
-130.270000
-130.280000
-130.540000
-130.930000
-130.940000
-131.420000
-131.690000
-132.000000
-132.480000
-132.580000
-132.730000
-132.870000
-132.380000
-132.680000
-132.660000
-132.440000
-132.710000
-132.730000
-131.980000
-132.110000
-132.200000
-132.790000
-132.780000
-132.720000
-132.740000
-132.750000
-132.770000
-133.360000
-133.490000
-133.470000
-133.470000
-133.490000
-133.500000
-133.510000
-133.380000
-133.500000
-133.520000
-133.530000
-133.530000
-133.520000
-133.530000
-133.530000
-133.530000
-133.530000
-133.530000
-133.670000
-133.690000
-133.580000
-133.440000
-133.410000
-133.250000
-134.080000
-134.100000
-134.020000
-133.740000
-133.480000
-133.160000
-132.850000
-132.530000
-132.480000
-132.160000
-132.160000
-131.840000
-131.230000
-130.870000
-130.870000
-130.550000
-130.230000
-130.220000
-130.250000
-129.930000
-129.950000
-130.270000
-130.980000
-130.990000
-130.670000
-130.410000
-130.090000
-129.840000
-129.850000
-130.680000
-130.380000
-130.400000
-130.250000
-130.270000
-130.270000
-131.090000
-130.940000
-130.060000
-130.410000
-130.590000
-130.930000
-131.520000
-131.520000
-131.260000
-131.260000
-131.080000
-131.000000
-130.610000
-130.290000
-130.170000
-129.650000
-128.950000
-128.610000
-128.020000
-127.540000
-127.210000
-127.190000
-127.280000
-127.500000
-127.620000
-127.730000
-128.200000
-128.190000
-128.190000
-128.400000
-127.690000
-127.080000
-127.500000
-126.810000
-126.720000
-125.890000
-125.780000
-125.830000
-125.810000
-125.790000
-125.770000
-125.750000
-125.050000
-125.050000
-125.040000
-125.000000
-124.990000
-124.970000
-125.100000
-124.770000
-124.430000
-124.100000
-123.780000
-123.460000
-123.370000
-123.100000
-122.830000
-122.750000
-122.480000
-122.160000
-121.840000
-121.630000
-121.450000
-121.160000
-121.010000
-121.010000
-120.740000
-120.550000
-120.830000
-121.120000
-121.430000
-121.740000
-121.350000
-121.350000
-121.690000
-121.710000
-121.900000
-122.240000
-122.390000
-122.080000
-122.170000
-122.170000
-121.910000
-121.590000
-121.590000
-121.320000
-121.250000
-121.070000
-120.990000
-120.990000
-121.250000
-121.300000
-121.250000
-121.250000
-120.930000
-121.240000
-120.920000
-120.820000
-120.550000
-120.280000
-120.020000
-120.020000
-121.240000
-120.920000
-120.820000
-120.820000
-120.500000
-120.180000
-120.180000
-119.920000
-119.850000
-119.610000
-119.990000
-120.040000
-119.840000
-120.350000
-120.740000
-120.750000
-121.020000
-121.340000
-121.400000
-121.040000
-120.790000
-120.520000
-120.340000
-120.280000
-120.220000
-119.980000
-119.610000
-119.310000
-119.750000
-120.070000
-120.320000
-120.930000
-120.880000
-121.390000
-121.780000
-121.530000
-121.280000
-120.920000
-120.670000
-120.420000
-120.860000
-120.340000
-120.080000
-119.570000
-119.490000
-119.230000
-118.960000
-119.200000
-119.200000
-119.200000
-119.200000
-119.200000
-119.010000
-119.010000
-118.960000
-118.960000
-118.840000
-118.890000
-118.940000
-118.990000
-119.040000
-118.830000
-118.880000
-118.500000
-118.390000
-118.390000
-118.120000
-117.700000
-117.390000
-117.390000
-118.100000
-118.040000
-117.700000
-117.670000
-117.800000
-117.730000
-117.820000
-117.810000
-117.780000
-117.800000
-117.820000
-117.870000
-117.810000
-117.790000
-117.580000
-117.500000
-117.330000
-117.390000
-117.050000
-116.930000
-117.080000
-116.840000
-117.080000
-116.700000
-116.460000
-116.170000
-115.970000
-115.980000
-115.990000
-115.760000
-115.500000
-115.350000
-115.050000
-114.120000
-113.430000
-112.620000
-112.300000
-111.440000
-111.120000
-111.320000
-111.210000
-111.130000
-110.900000
-110.480000
-110.450000
-110.100000
-110.250000
-109.970000
-109.400000
-109.280000
-109.000000
-108.430000
-108.110000
-107.620000
-107.180000
-106.890000
-107.110000
-106.910000
-106.610000
-106.430000
-106.160000
-105.740000
-105.750000
-105.800000
-105.850000
-105.820000
-105.610000
-105.590000
-105.690000
-105.670000
-105.000000
-105.260000
-104.840000
-105.110000
-104.900000
-104.880000
-104.850000
-104.640000
-104.670000
-104.820000
-104.840000
-104.770000
-105.060000
-104.950000
-105.000000
-104.800000
-104.760000
-104.780000
-104.880000
-104.700000
-104.500000
-104.560000
-104.310000
-104.460000
-104.310000
-104.050000
-104.240000
-104.560000
-104.360000
-104.190000
-103.910000
-104.110000
-104.250000
-103.730000
-103.480000
-103.320000
-102.960000
-103.010000
-102.970000
-102.910000
-102.770000
-102.650000
-102.640000
-102.670000
-102.710000
-102.580000
-102.360000
-102.100000
-101.920000
-101.740000
-101.740000
-101.470000
-101.050000
