-132.000000
-100.500000
-104.000000
-100.750000
-107.200000
-104.333333
-104.142857
-95.375000
-94.444444
-96.500000
-95.090909
-98.833333
-100.461538
-101.500000
-100.933333
-99.750000
-100.588235
-102.833333
-100.736842
-100.950000
-99.761905
-100.318182
-98.869565
-100.666667
-100.320000
-99.653846
-99.703704
-99.000000
-98.000000
-98.500000
-99.451613
-98.906250
-98.757576
-97.235294
-97.257143
-97.138889
-95.297297
-95.815789
-96.230769
-96.450000
-96.390244
-96.761905
-96.418605
-95.386364
-95.111111
-94.956522
-95.468085
-95.812500
-95.795918
-95.240000
-95.588235
-95.750000
-95.735849
-94.870370
-94.727273
-94.964286
-94.789474
-95.103448
-95.711864
-94.483333
-95.295082
-94.838710
-95.158730
-94.812500
-94.092308
-92.787879
-92.328358
-92.470588
-93.043478
-92.685714
-92.816901
-92.708333
-92.547945
-92.567568
-92.773333
-92.736842
-93.233766
-93.230769
-93.278481
-93.375000
-93.456790
-93.695122
-93.903614
-94.416667
-94.623529
-94.720930
-93.896552
-94.022727
-94.235955
-94.222222
-93.615385
-93.652174
-94.075269
-94.234043
-94.463158
-94.468750
-94.577320
-94.867347
-94.676768
-94.510000
-94.330000
-94.240000
-94.220000
-94.300000
-94.060000
-94.270000
-93.930000
-94.440000
-94.720000
-94.200000
-94.410000
-94.400000
-93.940000
-93.740000
-93.530000
-93.440000
-93.650000
-92.470000
-92.880000
-92.810000
-93.040000
-92.810000
-93.240000
-92.740000
-92.590000
-92.860000
-92.740000
-92.040000
-92.440000
-92.620000
-92.480000
-92.940000
-93.120000
-93.320000
-92.870000
-93.290000
-94.130000
-94.010000
-94.010000
-93.960000
-93.860000
-93.730000
-94.160000
-94.700000
-94.640000
-94.860000
-94.480000
-94.100000
-93.620000
-93.480000
-93.510000
-93.590000
-93.140000
-93.980000
-93.950000
-94.190000
-94.100000
-93.770000
-93.070000
-94.160000
-93.840000
-93.900000
-93.890000
-94.430000
-94.310000
-94.730000
-94.750000
-94.540000
-93.890000
-94.230000
-93.840000
-94.030000
-93.930000
-94.050000
-93.230000
-93.450000
-92.580000
-92.750000
-92.300000
-91.700000
-91.820000
-91.710000
-91.730000
-90.890000
-90.040000
-89.950000
-90.660000
-90.600000
-90.480000
-90.660000
-91.110000
-91.430000
-90.940000
-90.850000
-90.340000
-89.800000
-89.310000
-89.000000
-88.610000
-88.760000
-88.020000
-88.250000
-87.690000
-87.790000
-88.090000
-87.410000
-87.610000
-87.720000
-87.240000
-88.060000
-88.420000
-88.210000
-87.770000
-87.660000
-88.370000
-88.850000
-88.190000
-88.700000
-88.790000
-88.030000
-88.030000
-88.210000
-87.800000
-87.600000
-87.620000
-87.720000
-87.270000
-87.280000
-86.700000
-86.250000
-85.680000
-85.490000
-84.450000
-84.160000
-84.780000
-84.860000
-84.020000
-83.600000
-83.240000
-83.030000
-83.000000
-83.340000
-83.530000
-83.110000
-83.450000
-83.190000
-83.390000
-83.850000
-84.190000
-84.280000
-84.500000
-83.680000
-84.400000
-84.190000
-84.440000
-83.680000
-83.810000
-84.020000
-84.620000
-84.460000
-83.170000
-83.560000
-83.580000
-83.100000
-83.310000
-83.700000
-83.790000
-83.320000
-83.240000
-82.540000
-82.940000
-83.220000
-82.750000
-82.950000
-83.840000
-83.370000
-83.650000
-83.590000
-83.220000
-83.690000
-82.750000
-82.360000
-82.210000
-82.340000
-82.570000
-81.790000
-81.600000
-81.750000
-82.130000
-82.100000
-82.690000
-82.140000
-81.810000
-81.870000
-81.890000
-82.050000
-82.620000
-82.500000
-83.020000
-83.520000
-84.130000
-83.990000
-84.610000
-84.960000
-84.460000
-84.370000
-83.930000
-83.810000
-83.920000
-83.220000
-82.300000
-81.850000
-82.300000
-82.410000
-81.870000
-82.080000
-82.480000
-82.720000
-82.740000
-83.430000
-83.600000
-83.410000
-83.430000
-83.340000
-83.390000
-82.640000
-82.210000
-83.240000
-83.090000
-82.900000
-82.760000
-82.670000
-83.520000
-84.380000
-83.720000
-83.720000
-84.420000
-84.960000
-84.980000
-84.830000
-84.640000
-84.190000
-84.060000
-83.950000
-84.280000
-84.640000
-84.790000
-84.910000
-85.410000
-85.240000
-84.850000
-84.590000
-83.880000
-83.890000
-83.950000
-83.690000
-83.940000
-84.010000
-84.140000
-83.520000
-85.160000
-84.670000
-84.080000
-84.410000
-84.490000
-84.970000
-84.340000
-85.470000
-86.180000
-86.560000
-86.010000
-85.830000
-86.290000
-85.510000
-85.500000
-85.430000
-85.380000
-85.050000
-85.680000
-85.290000
-85.950000
-86.360000
-86.270000
-87.020000
-87.150000
-88.040000
-88.270000
-88.180000
-87.870000
-87.790000
-87.130000
-87.400000
-87.660000
-87.580000
-88.100000
-88.010000
-87.900000
-87.590000
-87.740000
-87.190000
-87.220000
-87.150000
-86.670000
-86.420000
-86.110000
-86.620000
-86.780000
-86.560000
-86.310000
-85.740000
-86.390000
-86.440000
-86.880000
-86.640000
-86.750000
-86.170000
-85.720000
-85.580000
-84.800000
-85.150000
-84.730000
-84.590000
-84.420000
-84.450000
-84.650000
-84.590000
-85.240000
-84.900000
-85.970000
-86.150000
-86.540000
-85.510000
-85.580000
-85.340000
-85.740000
-85.460000
-85.220000
-84.450000
-84.950000
-85.020000
-84.990000
-85.120000
-84.290000
-84.610000
-84.290000
-83.730000
-83.670000
-83.160000
-82.840000
-83.390000
-83.600000
-84.510000
-84.910000
-85.050000
-85.210000
-86.350000
-86.330000
-86.550000
-86.130000
-86.170000
-85.400000
-85.850000
-86.370000
-85.940000
-86.450000
-85.780000
-86.520000
-85.540000
-84.940000
-85.260000
-85.410000
-84.900000
-85.110000
-84.990000
-84.870000
-84.990000
-84.620000
-84.630000
-84.390000
-85.040000
-85.090000
-85.490000
-85.820000
-85.510000
-86.250000
-85.980000
-85.290000
-85.370000
-84.970000
-84.190000
-84.320000
-83.570000
-83.790000
-83.450000
-82.540000
-82.520000
-82.140000
-82.390000
-82.290000
-81.690000
-81.300000
-81.170000
-81.080000
-81.330000
-80.950000
-80.750000
-81.190000
-81.690000
-82.090000
-82.510000
-81.730000
-81.450000
-81.580000
-81.500000
-81.620000
-80.980000
-81.290000
-81.430000
-81.670000
-81.430000
-81.420000
-81.310000
-81.560000
-81.740000
-81.350000
-82.070000
-82.530000
-82.410000
-82.170000
-82.060000
-81.730000
-82.610000
-81.650000
-81.570000
-81.060000
-80.270000
-80.400000
-80.940000
-80.650000
-80.610000
-80.790000
-80.360000
-81.000000
-81.050000
-80.650000
-80.630000
-80.390000
-80.340000
-80.340000
-80.580000
-80.230000
-80.140000
-80.440000
-80.170000
-79.610000
-79.290000
-79.380000
-78.690000
-78.210000
-78.570000
-78.290000
-77.990000
-77.960000
-78.380000
-78.100000
-77.980000
-78.470000
-79.310000
-78.760000
-78.880000
-78.770000
-79.260000
-78.990000
-79.380000
-79.400000
-79.030000
-79.390000
-79.430000
-79.630000
-79.160000
-78.710000
-78.010000
-77.100000
-76.690000
-76.340000
-76.360000
-76.450000
-76.300000
-76.620000
-77.050000
-76.970000
-77.510000
-77.540000
-77.110000
-77.740000
-78.230000
-78.030000
-77.790000
-77.830000
-77.830000
-77.740000
-77.850000
-78.020000
-77.710000
-78.320000
-78.190000
-77.760000
-77.240000
-77.330000
-77.870000
-78.690000
-78.260000
-78.050000
-78.520000
-78.330000
-79.170000
-78.510000
-78.170000
-78.250000
-77.970000
-78.060000
-78.320000
-78.380000
-78.720000
-78.690000
-77.960000
-77.470000
-76.760000
-76.870000
-77.560000
-77.560000
-77.760000
-78.540000
-78.620000
-78.830000
-79.140000
-79.140000
-79.080000
-77.360000
-77.320000
-77.490000
-77.950000
-77.180000
-77.060000
-76.940000
-76.840000
-76.660000
-76.600000
-75.910000
-74.920000
-74.720000
-74.470000
-73.240000
-73.330000
-73.030000
-72.840000
-72.410000
-72.500000
-72.510000
-72.310000
-72.570000
-72.040000
-71.240000
-70.410000
-70.070000
-70.640000
-69.990000
-69.020000
-69.530000
-69.030000
-69.400000
-69.070000
-68.800000
-68.460000
-68.060000
-67.990000
-68.750000
-69.330000
-69.720000
-69.650000
-69.790000
-69.990000
-70.190000
-70.750000
-70.210000
-69.600000
-69.900000
-69.930000
-70.130000
-69.750000
-70.040000
-69.510000
-68.560000
-68.660000
-68.470000
-68.630000
-68.360000
-68.120000
-68.010000
-68.300000
-69.000000
-69.820000
-70.090000
-69.540000
-70.170000
-70.050000
-69.810000
-70.060000
-69.730000
-69.600000
-69.130000
-70.490000
-70.670000
-70.700000
-70.760000
-70.610000
-70.460000
-70.920000
-70.970000
-71.720000
-71.710000
-71.190000
-70.940000
-70.400000
-70.450000
-70.740000
-71.230000
-72.100000
-71.550000
-71.250000
-71.520000
-71.730000
-72.010000
-71.240000
-71.530000
-71.560000
-72.090000
-72.080000
-73.390000
-74.070000
-73.980000
-73.480000
-74.250000
-74.790000
-74.280000
-74.560000
-74.410000
-74.390000
-74.550000
-75.410000
-75.710000
-75.820000
-76.970000
-76.760000
-77.000000
-77.380000
-77.590000
-78.350000
-79.230000
-78.880000
-78.380000
-78.490000
-78.660000
-79.270000
-79.440000
-78.640000
-79.310000
-79.640000
-79.800000
-79.440000
-79.400000
-79.330000
-80.150000
-80.090000
-80.570000
-80.910000
-80.200000
-80.050000
-79.550000
-79.580000
-79.730000
-79.610000
-79.720000
-79.040000
-79.420000
-79.830000
-80.170000
-79.790000
-79.460000
-79.390000
-78.860000
-78.970000
-79.480000
-79.750000
-79.330000
-78.810000
-79.380000
-79.700000
-78.810000
-78.890000
-77.840000
-77.270000
-76.940000
-77.190000
-76.400000
-76.690000
-76.930000
-76.500000
-76.290000
-76.320000
-75.920000
-74.920000
-74.020000
-73.540000
-73.080000
-73.350000
-73.940000
-73.240000
-72.590000
-72.340000
-72.470000
-72.840000
-72.840000
-73.040000
-72.750000
-73.000000
-71.660000
-71.730000
-71.430000
-70.970000
-70.760000
-70.100000
-69.490000
-69.420000
-69.080000
-69.500000
-69.110000
-68.780000
-69.240000
-68.500000
-68.530000
-68.640000
-68.540000
-67.850000
-68.020000
-67.380000
-67.020000
-66.940000
-67.070000
-66.990000
-66.650000
-66.700000
-66.100000
-65.410000
-65.300000
-64.720000
-64.580000
-64.370000
-63.680000
-63.940000
-64.350000
-64.510000
-65.500000
-65.200000
-65.020000
-65.050000
-64.380000
-64.790000
-64.620000
-65.700000
-65.230000
-65.260000
-64.110000
-64.290000
-63.740000
-64.290000
-64.280000
-64.210000
-64.150000
-64.630000
-64.720000
-64.470000
-64.430000
-64.620000
-64.340000
-63.540000
-62.900000
-62.120000
-62.660000
-63.500000
-63.530000
-64.190000
-64.290000
-64.330000
-64.390000
-63.990000
-64.100000
-64.400000
-64.700000
-64.610000
-64.510000
-64.440000
-64.690000
-64.110000
-63.980000
-63.790000
-63.740000
-63.700000
-64.000000
-63.640000
-63.900000
-64.120000
-64.460000
-64.480000
-64.900000
-64.680000
-65.080000
-64.770000
-65.670000
-65.860000
-65.440000
-65.660000
-65.790000
-65.260000
-66.190000
-66.380000
-67.380000
-66.580000
-67.430000
-67.240000
-67.620000
-67.480000
-66.920000
-67.230000
-66.800000
-66.160000
-64.560000
-65.130000
-64.550000
-65.110000
-64.780000
-65.150000
-64.770000
-65.150000
-65.200000
-65.510000
-65.920000
-66.530000
-66.540000
-65.950000
-65.990000
-66.640000
-66.560000
-67.300000
-67.410000
-67.960000
-67.730000
-67.150000
-67.180000
-67.500000
-67.910000
-67.960000
-67.690000
-67.600000
-67.650000
-67.970000
-68.710000
-68.320000
-68.370000
-68.010000
-67.300000
-67.650000
-68.360000
-68.730000
-68.540000
-67.860000
-68.470000
-67.840000
-68.040000
-67.480000
-67.410000
-66.890000
-66.840000
-66.960000
-67.620000
-68.630000
-69.170000
-70.060000
-69.860000
-69.490000
-69.530000
-68.960000
-69.030000
-69.290000
-68.780000
-69.400000
-68.860000
-68.590000
-69.280000
-68.840000
