-102.000000
-107.500000
-111.666667
-93.750000
-96.800000
-93.666667
-97.000000
-88.750000
-91.444444
-92.100000
-91.000000
-84.666667
-81.307692
-84.571429
-84.133333
-83.312500
-80.058824
-82.500000
-84.684211
-85.900000
-82.142857
-81.136364
-82.173913
-80.750000
-82.840000
-81.923077
-82.592593
-81.428571
-81.344828
-81.133333
-81.193548
-81.906250
-82.090909
-81.323529
-79.257143
-79.083333
-78.756757
-78.236842
-77.769231
-77.600000
-77.170732
-78.071429
-78.813953
-79.590909
-78.377778
-79.130435
-79.680851
-77.958333
-78.510204
-78.300000
-77.254902
-77.788462
-78.509434
-78.500000
-76.309091
-75.678571
-75.508772
-76.362069
-75.593220
-76.100000
-76.016393
-76.370968
-75.714286
-76.015625
-75.169231
-75.181818
-75.238806
-74.985294
-75.681159
-76.471429
-76.985915
-76.291667
-76.794521
-76.283784
-75.933333
-75.842105
-76.155844
-76.371795
-75.658228
-75.975000
-76.271605
-76.548780
-77.012048
-76.702381
-75.964706
-76.232558
-76.597701
-75.636364
-75.977528
-75.700000
-75.582418
-76.086957
-76.290323
-76.223404
-75.947368
-75.833333
-75.515464
-75.408163
-75.515152
-74.720000
-74.430000
-74.500000
-73.650000
-74.210000
-73.820000
-73.780000
-73.580000
-72.930000
-72.440000
-72.430000
-72.790000
-73.380000
-73.290000
-72.930000
-72.430000
-72.520000
-73.030000
-72.560000
-71.940000
-71.600000
-71.890000
-71.960000
-70.910000
-70.350000
-70.140000
-69.540000
-69.350000
-69.300000
-68.590000
-69.280000
-69.840000
-69.150000
-68.460000
-68.640000
-68.580000
-68.840000
-68.720000
-68.860000
-69.440000
-68.930000
-69.140000
-68.760000
-68.320000
-67.320000
-67.900000
-68.120000
-68.150000
-69.020000
-69.080000
-69.120000
-69.750000
-68.290000
-68.580000
-68.270000
-69.560000
-69.180000
-68.860000
-68.190000
-68.540000
-67.890000
-67.220000
-67.020000
-67.290000
-67.090000
-67.830000
-68.150000
-68.770000
-69.350000
-68.010000
-66.540000
-66.240000
-66.890000
-66.480000
-65.850000
-66.120000
-66.210000
-65.380000
-64.480000
-64.320000
-64.060000
-63.500000
-62.660000
-61.650000
-61.410000
-61.510000
-60.000000
-58.740000
-59.600000
-58.870000
-58.740000
-58.780000
-58.450000
-57.530000
-56.180000
-56.070000
-56.740000
-57.390000
-58.190000
-58.340000
-59.150000
-59.260000
-59.180000
-59.910000
-59.170000
-58.930000
-58.840000
-58.910000
-59.050000
-58.230000
-57.910000
-57.400000
-57.220000
-57.640000
-56.370000
-57.250000
-57.490000
-57.860000
-56.910000
-57.320000
-57.650000
-58.510000
-58.320000
-59.470000
-60.300000
-60.020000
-60.290000
-60.230000
-60.530000
-61.200000
-60.800000
-60.450000
-60.850000
-61.410000
-61.020000
-60.520000
-60.150000
-60.240000
-60.550000
-60.120000
-61.070000
-61.310000
-61.220000
-61.720000
-62.750000
-62.670000
-62.540000
-61.900000
-62.020000
-61.590000
-61.620000
-61.340000
-61.940000
-61.340000
-61.620000
-61.310000
-62.480000
-63.180000
-63.470000
-63.730000
-64.440000
-65.080000
-65.460000
-66.000000
-66.000000
-65.250000
-65.090000
-64.640000
-64.210000
-65.440000
-66.560000
-66.480000
-66.310000
-65.670000
-67.070000
-67.460000
-67.640000
-68.390000
-69.280000
-70.360000
-69.760000
-70.480000
-71.170000
-71.250000
-71.900000
-72.820000
-74.260000
-75.270000
-75.270000
-75.790000
-76.190000
-76.650000
-75.950000
-76.840000
-78.410000
-77.660000
-77.260000
-77.080000
-76.480000
-76.630000
-76.640000
-75.990000
-76.030000
-75.230000
-76.170000
-76.870000
-77.370000
-77.010000
-77.960000
-78.360000
-77.900000
-77.750000
-78.110000
-77.750000
-79.030000
-78.060000
-77.210000
-77.090000
-78.180000
-77.300000
-77.250000
-76.520000
-76.960000
-76.660000
-76.290000
-76.130000
-77.030000
-76.470000
-76.640000
-76.800000
-76.140000
-76.020000
-76.430000
-76.600000
-77.170000
-78.020000
-77.780000
-77.520000
-77.400000
-76.910000
-76.140000
-75.280000
-74.980000
-74.200000
-73.180000
-72.810000
-71.730000
-71.320000
-70.740000
-71.220000
-70.110000
-69.530000
-69.720000
-69.790000
-69.230000
-69.040000
-67.970000
-66.950000
-66.340000
-65.440000
-64.700000
-64.400000
-63.260000
-62.230000
-61.610000
-61.670000
-60.880000
-60.050000
-59.700000
-58.960000
-58.380000
-58.010000
-57.640000
-57.750000
-56.730000
-55.590000
-54.880000
-53.980000
-53.080000
-52.100000
-51.970000
-51.630000
-50.810000
-50.230000
-49.450000
-48.430000
-47.890000
-47.460000
-46.700000
-45.870000
-45.350000
-44.330000
-44.280000
-43.500000
-43.490000
-44.230000
-43.450000
-42.910000
-42.440000
-41.540000
-41.140000
-41.330000
-40.550000
-40.530000
-39.750000
-38.970000
-38.080000
-37.540000
-36.930000
-36.960000
-37.030000
-36.670000
-35.890000
-34.380000
-33.880000
-33.950000
-34.020000
-33.000000
-31.070000
-31.060000
-30.170000
-29.940000
-28.660000
-27.830000
-27.590000
-27.190000
-26.050000
-26.000000
-25.880000
-25.000000
-23.380000
-22.600000
-21.460000
-20.920000
-18.650000
-17.030000
-15.520000
-15.160000
-13.000000
-11.610000
-11.260000
-11.110000
-9.490000
-7.760000
-6.380000
-4.650000
-3.270000
-1.890000
-1.150000
1.360000
2.460000
3.940000
5.550000
5.650000
6.620000
8.450000
9.710000
10.370000
9.850000
11.000000
12.020000
13.530000
14.180000
15.550000
16.310000
17.210000
17.980000
18.750000
19.770000
21.280000
22.790000
24.410000
25.920000
26.750000
28.020000
29.170000
30.550000
31.700000
32.850000
33.890000
35.040000
36.990000
38.140000
38.910000
40.180000
41.450000
42.960000
44.490000
45.400000
46.550000
47.940000
49.200000
50.470000
51.740000
53.780000
55.290000
56.560000
58.070000
59.580000
60.970000
62.130000
63.640000
65.150000
66.540000
68.050000
69.560000
70.950000
72.220000
73.490000
74.610000
74.370000
75.280000
76.550000
76.550000
78.100000
79.490000
80.880000
82.030000
82.140000
83.220000
84.490000
85.880000
85.020000
86.170000
87.440000
86.920000
86.140000
86.930000
87.230000
88.390000
88.280000
87.920000
86.830000
86.990000
86.770000
85.030000
85.030000
86.180000
86.070000
86.070000
87.230000
88.400000
88.290000
88.070000
87.960000
86.110000
86.000000
85.780000
86.550000
86.330000
86.000000
85.670000
85.570000
87.520000
87.870000
87.540000
85.910000
84.770000
86.680000
86.680000
87.170000
87.170000
87.670000
87.560000
86.430000
86.920000
87.410000
87.900000
88.390000
88.390000
88.390000
88.280000
86.640000
87.130000
87.130000
87.130000
85.500000
83.870000
83.870000
84.100000
82.470000
80.840000
80.840000
80.840000
79.210000
78.800000
78.800000
78.800000
79.040000
79.040000
79.040000
77.410000
77.410000
77.170000
77.170000
77.170000
77.170000
77.170000
77.170000
77.170000
77.520000
77.520000
77.520000
77.520000
77.520000
77.280000
75.650000
74.020000
73.670000
73.930000
75.560000
75.920000
75.920000
75.920000
75.920000
75.920000
75.920000
75.920000
75.920000
76.110000
76.110000
76.110000
77.740000
77.740000
77.740000
79.670000
81.600000
80.450000
82.080000
80.450000
80.100000
81.730000
82.340000
83.450000
83.450000
84.730000
84.730000
84.490000
84.250000
84.250000
84.250000
84.250000
84.250000
84.250000
84.250000
85.880000
85.880000
85.880000
85.880000
85.880000
85.880000
85.880000
85.880000
85.880000
85.880000
85.880000
87.510000
88.900000
88.900000
88.660000
88.660000
88.660000
88.420000
88.420000
90.050000
89.700000
89.450000
89.210000
89.210000
87.580000
87.340000
87.340000
88.980000
88.980000
88.980000
88.980000
90.210000
91.840000
91.840000
91.840000
93.320000
94.950000
94.950000
94.950000
96.340000
96.750000
96.750000
96.510000
96.510000
96.270000
95.790000
99.190000
98.750000
98.990000
98.990000
98.990000
98.820000
98.840000
98.840000
98.460000
98.350000
98.350000
98.350000
98.210000
97.870000
97.870000
99.500000
101.130000
101.260000
101.730000
101.600000
101.320000
100.910000
100.570000
100.310000
100.200000
100.170000
100.250000
100.140000
100.050000
100.000000
99.870000
99.970000
99.900000
99.570000
99.520000
99.350000
101.080000
100.820000
102.240000
102.510000
102.420000
103.980000
104.220000
104.160000
104.380000
104.280000
105.010000
105.120000
105.090000
104.990000
104.940000
105.310000
105.300000
105.200000
105.230000
105.510000
105.810000
105.820000
105.790000
105.870000
106.160000
106.100000
106.310000
107.410000
107.770000
107.680000
108.420000
108.350000
110.790000
110.810000
111.200000
112.610000
112.610000
113.860000
114.300000
114.630000
115.110000
115.190000
116.820000
116.900000
116.900000
117.400000
117.440000
117.440000
117.480000
117.880000
117.900000
117.850000
117.890000
118.040000
118.040000
118.170000
118.170000
118.340000
118.340000
118.340000
117.150000
117.050000
117.330000
117.810000
117.440000
117.830000
117.830000
118.150000
118.230000
118.920000
118.900000
118.900000
119.280000
119.390000
119.970000
119.900000
120.040000
120.280000
120.040000
120.040000
120.040000
120.260000
119.810000
119.940000
120.540000
120.900000
121.240000
121.500000
122.040000
122.020000
122.450000
122.560000
122.650000
122.780000
122.910000
122.810000
122.880000
123.210000
123.160000
123.330000
123.130000
123.360000
124.010000
124.080000
124.170000
125.840000
125.840000
125.340000
125.590000
125.590000
126.010000
126.140000
127.530000
127.590000
128.810000
129.540000
129.520000
129.830000
129.810000
129.530000
129.570000
130.100000
130.330000
130.090000
130.090000
130.170000
130.280000
129.180000
128.820000
127.360000
126.970000
127.040000
125.040000
125.360000
124.950000
123.710000
123.710000
122.290000
122.150000
122.040000
122.050000
122.000000
122.000000
122.550000
122.480000
121.950000
121.910000
121.770000
121.730000
121.770000
121.990000
122.040000
119.950000
119.950000
120.190000
120.060000
120.140000
120.210000
120.340000
120.340000
122.830000
122.930000
122.770000
122.760000
121.230000
121.360000
121.330000
120.960000
120.900000
120.460000
120.200000
119.030000
119.030000
119.150000
119.020000
119.050000
119.050000
119.150000
119.390000
119.510000
119.640000
119.640000
119.620000
119.650000
119.230000
119.580000
119.530000
119.570000
119.270000
119.320000
118.940000
118.910000
118.950000
119.550000
120.020000
119.890000
120.300000
120.750000
120.760000
120.710000
120.760000
120.920000
120.610000
120.590000
120.720000
119.200000
120.080000
120.770000
120.650000
120.650000
119.570000
120.080000
118.800000
118.840000
117.580000
116.610000
116.620000
116.340000
116.530000
116.410000
115.950000
116.400000
116.190000
116.480000
116.320000
116.210000
116.130000
116.020000
116.020000
117.700000
117.290000
117.420000
117.170000
115.660000
115.680000
115.880000
115.640000
116.180000
116.140000
116.080000
115.860000
115.910000
115.890000
116.140000
116.040000
116.060000
116.100000
116.520000
117.190000
117.850000
117.520000
117.320000
119.520000
119.470000
119.230000
119.360000
119.170000
119.170000
119.210000
119.120000
118.260000
118.390000
119.170000
119.180000
119.400000
119.320000
119.200000
119.140000
119.200000
119.360000
119.750000
121.290000
121.110000
120.850000
