-100.000000
-116.000000
-96.000000
-99.750000
-109.200000
-97.166667
-95.142857
-89.750000
-86.000000
-87.900000
-91.727273
-88.916667
-88.076923
-87.857143
-86.600000
-87.562500
-85.352941
-87.888889
-88.684211
-86.300000
-84.571429
-83.454545
-83.130435
-81.125000
-80.480000
-81.384615
-79.074074
-77.714286
-78.103448
-76.833333
-77.741935
-77.687500
-76.000000
-75.411765
-74.771429
-74.583333
-74.162162
-73.710526
-75.358974
-75.850000
-75.268293
-74.785714
-76.162791
-77.681818
-77.511111
-77.152174
-76.446809
-75.812500
-76.551020
-77.860000
-78.372549
-77.884615
-79.132075
-78.981481
-79.545455
-79.232143
-79.807018
-80.500000
-80.152542
-80.766667
-79.868852
-78.693548
-78.634921
-77.656250
-78.076923
-77.318182
-76.791045
-77.323529
-77.855072
-77.442857
-77.985915
-78.222222
-78.657534
-77.432432
-77.400000
-77.644737
-77.428571
-76.064103
-76.886076
-75.337500
-74.518519
-73.304878
-73.759036
-74.595238
-73.576471
-74.372093
-74.298851
-73.545455
-72.932584
-73.177778
-73.945055
-73.565217
-74.021505
-73.712766
-74.031579
-74.625000
-75.000000
-75.489796
-76.171717
-76.840000
-77.270000
-77.390000
-77.410000
-77.720000
-77.680000
-78.740000
-79.340000
-80.250000
-81.010000
-81.390000
-81.520000
-82.370000
-83.020000
-83.600000
-84.070000
-84.480000
-85.410000
-85.520000
-85.920000
-86.940000
-87.870000
-88.700000
-89.370000
-90.450000
-91.230000
-91.300000
-92.220000
-93.230000
-93.450000
-94.210000
-94.320000
-94.670000
-95.660000
-96.260000
-97.170000
-97.920000
-98.790000
-99.640000
-99.690000
-100.160000
-101.070000
-101.950000
-102.040000
-101.720000
-102.440000
-103.250000
-104.240000
-105.210000
-105.520000
-105.530000
-105.920000
-106.820000
-106.800000
-107.520000
-107.840000
-108.650000
-108.970000
-109.200000
-110.030000
-110.290000
-111.470000
-112.830000
-113.510000
-114.780000
-115.160000
-116.140000
-116.830000
-117.120000
-117.410000
-118.350000
-118.610000
-119.090000
-119.420000
-120.960000
-120.590000
-120.010000
-120.610000
-122.010000
-120.480000
-122.370000
-123.700000
-125.380000
-125.380000
-125.140000
-126.670000
-126.660000
-127.400000
-128.420000
-129.520000
-129.990000
-129.980000
-131.010000
-130.960000
-131.930000
-132.320000
-132.440000
-132.770000
-132.990000
-133.000000
-133.000000
-132.890000
-132.880000
-133.750000
-133.780000
-133.780000
-133.780000
-133.780000
-133.780000
-133.890000
-133.570000
-133.570000
-133.570000
-133.560000
-133.590000
-133.690000
-133.690000
-133.690000
-133.380000
-133.370000
-133.360000
-133.340000
-133.330000
-133.350000
-133.020000
-133.010000
-133.340000
-133.590000
-133.290000
-133.610000
-133.870000
-134.140000
-134.470000
-134.690000
-135.020000
-135.010000
-134.840000
-134.810000
-134.640000
-134.630000
-134.630000
-134.620000
-134.300000
-134.290000
-134.610000
-134.620000
-134.640000
-134.640000
-134.630000
-134.620000
-134.620000
-134.620000
-134.550000
-134.570000
-134.580000
-134.590000
-134.590000
-134.580000
-134.580000
-134.580000
-134.570000
-134.580000
-134.510000
-134.510000
-134.390000
-134.260000
-134.430000
-134.740000
-134.750000
-134.680000
-134.670000
-134.670000
-134.600000
-134.600000
-134.480000
-135.400000
-136.320000
-136.310000
-136.560000
-138.110000
-137.840000
-137.840000
-137.840000
-138.160000
-138.070000
-138.080000
-137.780000
-137.780000
-138.110000
-137.930000
-137.440000
-137.450000
-137.450000
-137.770000
-137.790000
-137.790000
-137.790000
-137.770000
-137.740000
-137.740000
-137.750000
-137.540000
-137.210000
-137.200000
-137.200000
-136.770000
-136.440000
-136.450000
-136.470000
-136.460000
-136.760000
-136.750000
-136.740000
-136.740000
-136.690000
-136.850000
-136.840000
-136.830000
-137.150000
-137.160000
-137.040000
-137.050000
-137.080000
-136.930000
-137.270000
-137.280000
-137.280000
-137.370000
-137.510000
-137.500000
-137.390000
-137.410000
-137.270000
-137.290000
-137.230000
-137.250000
-137.440000
-137.310000
-137.260000
-137.290000
-137.170000
-137.090000
-137.300000
-137.310000
-137.310000
-137.200000
-137.060000
-137.070000
-137.090000
-137.100000
-137.110000
-136.790000
-136.540000
-136.550000
-136.550000
-136.420000
-136.440000
-136.450000
-136.460000
-136.480000
-136.510000
-136.260000
-135.950000
-135.860000
-135.660000
-135.700000
-135.430000
-135.170000
-134.900000
-134.700000
-133.870000
-133.610000
-133.410000
-133.430000
-133.560000
-133.680000
-133.790000
-134.000000
-134.080000
-134.000000
-133.740000
-133.190000
-132.910000
-132.460000
-132.240000
-131.960000
-131.990000
-131.830000
-131.620000
-131.940000
-132.210000
-131.690000
-130.990000
-130.720000
-130.310000
-130.300000
-130.300000
-130.310000
-130.320000
-130.300000
-130.290000
-130.330000
-130.220000
-129.690000
-129.470000
-129.620000
-129.070000
-128.770000
-128.530000
-128.100000
-126.870000
-126.340000
-126.180000
-125.900000
-125.080000
-123.950000
-123.950000
-123.680000
-123.680000
-123.140000
-122.390000
-121.290000
-119.910000
-119.400000
-118.780000
-118.610000
-117.890000
-117.030000
-117.190000
-116.560000
-116.110000
-114.980000
-114.340000
-114.150000
-113.390000
-112.410000
-111.330000
-111.380000
-110.730000
-110.050000
-110.080000
-109.650000
-108.880000
-108.120000
-107.840000
-107.680000
-106.450000
-105.440000
-105.040000
-104.510000
-103.860000
-103.540000
-103.340000
-102.320000
-101.550000
-100.790000
-99.780000
-99.130000
-98.850000
-98.550000
-98.260000
-97.970000
-97.100000
-96.690000
-96.120000
-95.600000
-95.520000
-95.520000
-94.910000
-94.420000
-94.370000
-93.760000
-93.150000
-92.250000
-91.330000
-90.460000
-89.590000
-88.250000
-87.960000
-87.600000
-87.380000
-87.180000
-87.190000
-87.370000
-87.640000
-87.320000
-87.000000
-86.560000
-86.160000
-85.270000
-85.000000
-84.910000
-85.230000
-85.500000
-85.290000
-84.420000
-83.900000
-82.540000
-82.150000
-81.640000
-81.120000
-80.520000
-80.570000
-80.810000
-80.130000
-79.890000
-80.500000
-80.520000
-80.470000
-79.660000
-80.630000
-80.900000
-80.700000
-80.380000
-80.610000
-80.870000
-80.000000
-79.390000
-79.390000
-79.930000
-80.460000
-81.300000
-82.380000
-82.750000
-82.720000
-82.000000
-82.540000
-82.610000
-82.540000
-82.410000
-82.770000
-83.000000
-83.350000
-83.240000
-83.110000
-83.190000
-83.360000
-82.560000
-83.450000
-84.110000
-84.220000
-83.850000
-83.610000
-84.090000
-84.400000
-83.790000
-84.670000
-84.870000
-84.890000
-85.420000
-85.760000
-86.030000
-86.190000
-86.310000
-86.790000
-87.400000
-88.120000
-88.490000
-88.490000
-88.450000
-87.840000
-87.930000
-88.910000
-89.140000
-89.150000
-89.390000
-89.510000
-89.410000
-89.920000
-90.510000
-91.030000
-91.390000
-91.390000
-91.790000
-91.830000
-91.900000
-92.790000
-93.780000
-94.060000
-93.690000
-94.080000
-94.440000
-94.010000
-94.010000
-94.010000
-93.740000
-93.980000
-94.220000
-94.070000
-94.200000
-93.820000
-94.330000
-93.840000
-93.840000
-94.080000
-94.080000
-94.230000
-95.420000
-95.440000
-95.190000
-94.950000
-95.460000
-95.090000
-94.490000
-94.490000
-94.130000
-94.230000
-94.230000
-93.650000
-94.690000
-94.210000
-94.510000
-94.910000
-95.520000
-96.120000
-96.390000
-96.790000
-96.870000
-95.900000
-95.680000
-95.170000
-95.070000
-94.920000
-94.750000
-95.400000
-95.920000
-95.210000
-95.610000
-95.320000
-95.500000
-94.920000
-95.200000
-94.730000
-94.440000
-95.210000
-95.200000
-95.730000
-96.010000
-95.190000
-94.730000
-94.100000
-94.100000
-94.390000
-94.080000
-93.470000
-93.220000
-93.350000
-93.800000
-93.810000
-93.460000
-93.450000
-93.510000
-93.560000
-94.140000
-94.120000
-93.790000
-93.230000
-92.710000
-92.670000
-92.160000
-92.690000
-92.610000
-92.050000
-91.290000
-91.820000
-91.880000
-91.500000
-91.560000
-91.580000
-91.140000
-90.900000
-90.810000
-91.080000
-91.440000
-91.710000
-92.220000
-91.750000
-91.650000
-91.290000
-91.740000
-91.320000
-90.870000
-90.910000
-90.150000
-89.770000
-90.290000
-89.960000
-90.000000
-90.100000
-90.210000
-90.630000
-90.180000
-89.500000
-88.740000
-88.340000
-88.660000
-88.760000
-88.240000
-88.150000
-88.560000
-88.490000
-88.510000
-88.920000
-88.670000
-88.740000
-88.790000
-88.610000
-88.090000
-88.480000
-88.040000
-88.010000
-87.620000
-86.800000
-85.970000
-84.870000
-84.910000
-84.700000
-84.550000
-84.830000
-84.590000
-85.090000
-84.750000
-84.070000
-84.040000
-83.680000
-83.260000
-83.780000
-83.670000
-83.570000
-83.810000
-84.250000
-84.240000
-84.830000
-84.930000
-84.700000
-85.120000
-85.120000
-85.360000
-85.340000
-85.450000
-85.710000
-86.130000
-86.070000
-86.300000
-86.090000
-86.110000
-86.110000
-86.110000
-86.110000
-86.100000
-86.060000
-86.060000
-86.060000
-85.890000
-85.830000
-86.110000
-86.150000
-86.590000
-86.550000
-87.030000
-87.020000
-87.180000
-87.650000
-88.210000
-88.090000
-87.790000
-87.790000
-87.790000
-87.840000
-88.100000
-88.360000
-88.620000
-88.880000
-88.110000
-88.360000
-88.300000
-88.410000
-88.530000
-88.540000
-88.550000
-88.990000
-89.490000
-89.320000
-90.000000
-90.300000
-90.310000
-90.700000
-90.730000
-91.090000
-91.430000
-90.370000
-90.570000
-91.780000
-92.190000
-92.610000
-92.360000
-92.280000
-92.620000
-92.730000
-92.740000
-93.210000
-93.210000
-93.210000
-93.990000
-94.450000
-94.930000
-94.930000
-95.370000
-95.480000
-95.820000
-96.300000
-96.050000
-96.530000
-97.060000
-97.820000
-98.040000
-98.120000
-98.770000
-99.150000
-99.200000
-99.200000
-99.560000
-100.320000
-100.490000
-100.230000
-100.410000
-100.420000
-100.550000
-100.670000
-99.910000
-99.910000
-100.220000
-100.050000
-100.170000
-100.170000
-99.770000
-99.780000
-99.060000
-98.890000
-98.890000
-98.880000
-99.000000
-99.540000
-99.550000
-99.990000
-100.750000
-100.750000
-100.790000
-100.800000
-100.810000
-100.810000
-100.770000
-100.730000
-100.850000
-100.910000
-100.930000
-101.420000
-101.410000
-101.410000
-101.410000
-101.420000
-101.420000
-101.430000
-101.550000
-101.550000
-101.050000
-101.310000
-101.270000
-101.220000
-101.220000
-101.220000
-101.220000
-101.220000
-101.760000
-101.770000
-101.780000
-101.840000
-101.890000
-101.930000
-101.930000
-101.930000
-101.930000
-101.930000
-101.930000
-101.810000
-101.810000
-101.650000
-101.650000
-101.600000
-101.560000
-102.780000
-102.780000
-102.780000
-102.780000
-102.780000
-103.240000
-103.240000
-103.140000
-103.190000
-103.190000
-103.200000
-103.200000
-103.200000
-103.200000
-102.440000
-102.440000
-101.540000
-101.540000
-101.540000
-101.500000
-101.460000
-101.720000
-100.920000
-99.780000
-99.780000
-99.780000
-100.040000
-100.000000
-99.960000
-100.020000
-100.030000
-100.030000
-99.380000
-98.860000
-98.470000
-98.690000
-98.040000
-98.100000
-97.120000
-97.200000
-97.200000
-95.900000
-96.020000
-96.020000
-96.020000
-96.540000
-96.540000
-97.270000
-97.920000
-97.550000
-97.490000
-96.840000
-96.830000
-96.830000
-96.830000
-96.830000
-96.680000
-96.500000
-96.090000
-95.470000
-95.120000
-94.620000
-94.610000
-93.960000
-93.660000
-92.970000
-92.670000
-91.920000
-91.920000
-91.780000
-91.530000
-91.290000
-90.810000
-90.930000
-91.050000
-91.810000
-91.860000
-91.860000
-91.900000
-91.900000
-91.250000
-90.680000
-90.030000
-89.380000
-88.900000
-88.890000
-88.190000
-87.490000
-86.690000
-86.040000
-85.470000
-84.900000
-85.070000
-84.880000
-85.070000
-84.500000
-84.050000
-83.350000
-82.700000
-82.170000
-81.470000
-81.230000
-80.700000
-80.130000
-79.590000
-79.280000
-78.630000
-78.080000
-77.380000
-76.730000
-76.080000
