-65.000000
-83.000000
-72.000000
-55.000000
-69.800000
-70.500000
-71.142857
-63.625000
-67.000000
-66.500000
-72.727273
-74.083333
-72.230769
-76.500000
-76.000000
-77.125000
-79.647059
-82.833333
-84.684211
-83.900000
-85.142857
-85.545455
-86.739130
-86.583333
-87.240000
-88.307692
-89.814815
-91.250000
-91.034483
-89.433333
-88.774194
-89.468750
-89.000000
-89.970588
-88.342857
-87.777778
-87.594595
-87.500000
-86.538462
-85.600000
-86.731707
-87.142857
-87.813953
-85.795455
-86.355556
-85.021739
-86.276596
-87.395833
-86.653061
-87.000000
-87.490196
-88.557692
-89.301887
-89.018519
-89.127273
-88.553571
-88.912281
-89.379310
-89.576271
-88.983333
-89.213115
-89.290323
-90.190476
-89.718750
-88.507692
-88.666667
-88.820896
-88.897059
-89.550725
-89.542857
-89.253521
-89.416667
-89.013699
-89.378378
-89.560000
-89.407895
-90.025974
-90.679487
-91.354430
-90.700000
-90.481481
-89.719512
-90.228916
-90.238095
-89.658824
-90.046512
-89.885057
-90.477273
-90.056180
-90.088889
-90.692308
-90.739130
-90.763441
-90.872340
-90.915789
-90.802083
-90.680412
-90.122449
-90.353535
-90.090000
-90.490000
-88.440000
-89.070000
-89.670000
-89.490000
-89.260000
-89.310000
-89.970000
-89.480000
-89.060000
-88.290000
-88.550000
-88.980000
-88.820000
-88.520000
-88.100000
-87.700000
-87.350000
-87.110000
-87.060000
-86.740000
-85.530000
-85.390000
-85.060000
-84.750000
-84.730000
-84.210000
-83.850000
-83.600000
-84.260000
-83.630000
-83.340000
-82.880000
-82.440000
-83.130000
-82.740000
-81.970000
-81.470000
-81.620000
-82.080000
-81.580000
-81.180000
-79.660000
-80.800000
-80.330000
-81.490000
-80.580000
-78.540000
-79.050000
-78.730000
-78.940000
-77.900000
-77.090000
-77.290000
-77.440000
-78.270000
-77.510000
-77.020000
-77.110000
-77.250000
-76.390000
-76.390000
-75.690000
-76.230000
-77.280000
-76.570000
-76.460000
-76.020000
-76.130000
-76.020000
-74.770000
-74.490000
-74.820000
-74.300000
-74.030000
-74.020000
-73.060000
-72.740000
-72.040000
-72.930000
-72.080000
-71.980000
-71.440000
-71.980000
-71.450000
-70.930000
-71.400000
-70.710000
-70.610000
-70.150000
-69.460000
-69.440000
-69.670000
-69.660000
-69.160000
-68.880000
-69.240000
-70.040000
-70.070000
-69.550000
-69.450000
-70.220000
-70.010000
-69.660000
-69.480000
-68.750000
-68.560000
-69.080000
-69.040000
-68.480000
-67.770000
-67.580000
-66.760000
-66.150000
-66.180000
-66.430000
-66.770000
-66.750000
-66.130000
-66.920000
-66.950000
-67.830000
-67.810000
-68.640000
-68.770000
-68.990000
-69.110000
-69.290000
-69.250000
-68.540000
-69.600000
-69.120000
-69.350000
-68.850000
-67.900000
-67.760000
-68.460000
-69.020000
-68.760000
-68.290000
-67.580000
-68.050000
-69.810000
-69.420000
-68.860000
-68.460000
-68.100000
-69.520000
-69.920000
-69.880000
-68.940000
-69.960000
-69.880000
-70.060000
-69.880000
-69.940000
-70.610000
-70.940000
-70.620000
-69.930000
-71.180000
-71.370000
-71.190000
-70.890000
-70.690000
-71.210000
-70.600000
-71.210000
-70.530000
-70.230000
-71.190000
-71.010000
-71.520000
-71.520000
-71.540000
-71.450000
-71.620000
-71.540000
-71.380000
-70.300000
-71.330000
-71.650000
-71.720000
-70.940000
-71.810000
-71.880000
-71.410000
-70.820000
-71.070000
-71.730000
-72.110000
-71.760000
-71.290000
-71.710000
-71.870000
-71.670000
-71.370000
-70.710000
-70.990000
-71.870000
-71.390000
-73.090000
-73.590000
-73.880000
-73.060000
-74.700000
-74.870000
-73.220000
-73.490000
-75.270000
-76.040000
-75.560000
-76.870000
-76.720000
-75.940000
-76.010000
-75.940000
-74.480000
-73.970000
-72.530000
-72.700000
-71.970000
-71.930000
-70.200000
-70.170000
-68.800000
-69.350000
-69.270000
-69.940000
-70.980000
-70.760000
-70.730000
-70.420000
-70.130000
-71.130000
-72.290000
-71.200000
-70.530000
-70.030000
-70.160000
-70.530000
-69.380000
-68.660000
-69.130000
-69.820000
-69.700000
-69.740000
-69.560000
-69.020000
-69.150000
-69.440000
-68.700000
-68.990000
-67.870000
-67.910000
-67.880000
-68.300000
-67.980000
-67.420000
-68.630000
-68.120000
-67.090000
-67.860000
-66.780000
-66.980000
-66.860000
-68.000000
-67.650000
-67.880000
-67.810000
-67.900000
-67.820000
-66.700000
-67.480000
-68.130000
-67.100000
-66.830000
-66.280000
-65.600000
-66.830000
-65.520000
-65.490000
-64.070000
-64.210000
-64.030000
-63.130000
-61.860000
-63.150000
-63.780000
-62.690000
-62.970000
-63.420000
-62.480000
-60.560000
-60.630000
-60.710000
-61.070000
-61.890000
-61.260000
-61.680000
-62.530000
-61.360000
-59.580000
-60.420000
-61.260000
-60.760000
-60.280000
-60.640000
-60.640000
-59.460000
-60.140000
-59.370000
-58.600000
-59.040000
-60.840000
-60.710000
-60.490000
-61.900000
-63.500000
-64.950000
-65.130000
-66.690000
-66.400000
-68.200000
-68.810000
-68.360000
-68.360000
-67.320000
-66.830000
-66.820000
-67.330000
-67.700000
-68.820000
-68.360000
-67.040000
-66.410000
-68.180000
-67.600000
-69.140000
-69.730000
-69.930000
-69.940000
-68.900000
-68.720000
-69.390000
-69.920000
-69.410000
-70.240000
-70.060000
-70.670000
-71.200000
-71.960000
-71.960000
-73.380000
-72.420000
-71.860000
-71.120000
-71.870000
-73.090000
-71.530000
-72.050000
-72.910000
-72.370000
-73.520000
-73.790000
-74.570000
-73.760000
-74.110000
-74.220000
-74.850000
-75.710000
-76.280000
-77.070000
-76.690000
-76.420000
-77.820000
-78.670000
-79.370000
-80.820000
-80.600000
-82.420000
-83.370000
-85.370000
-85.990000
-86.580000
-87.750000
-88.260000
-87.990000
-87.790000
-88.060000
-88.070000
-88.470000
-90.150000
-91.860000
-92.340000
-92.950000
-93.090000
-93.020000
-93.250000
-92.990000
-92.620000
-93.520000
-95.040000
-94.780000
-94.990000
-94.150000
-94.890000
-96.050000
-96.530000
-97.450000
-97.290000
-98.740000
-99.250000
-99.450000
-99.170000
-99.410000
-99.710000
-99.710000
-99.450000
-99.150000
-99.120000
-98.810000
-99.310000
-98.860000
-98.380000
-100.010000
-99.680000
-101.110000
-101.480000
-101.500000
-101.200000
-101.630000
-101.470000
-103.100000
-104.510000
-104.990000
-104.730000
-106.130000
-105.850000
-105.810000
-106.290000
-107.480000
-109.000000
-109.130000
-108.850000
-108.590000
-110.000000
-109.680000
-110.140000
-109.880000
-109.830000
-109.560000
-110.040000
-109.780000
-110.830000
-111.120000
-111.600000
-111.300000
-111.020000
-112.540000
-112.270000
-112.420000
-112.770000
-113.020000
-112.750000
-112.440000
-113.000000
-113.050000
-113.100000
-113.220000
-113.030000
-113.140000
-113.170000
-113.280000
-113.270000
-113.360000
-113.330000
-113.270000
-113.130000
-113.270000
-112.960000
-112.650000
-112.330000
-112.010000
-111.960000
-111.950000
-113.060000
-113.330000
-113.330000
-114.160000
-113.870000
-113.580000
-113.190000
-113.130000
-113.120000
-113.270000
-113.060000
-112.850000
-112.950000
-112.940000
-113.130000
-113.110000
-112.900000
-113.200000
-113.190000
-114.250000
-114.360000
-114.150000
-113.760000
-113.550000
-113.550000
-113.550000
-113.550000
-113.670000
-113.670000
-113.880000
-113.890000
-114.100000
-114.100000
-114.170000
-114.290000
-114.320000
-114.340000
-114.540000
-114.690000
-114.690000
-114.730000
-114.430000
-114.530000
-114.110000
-113.950000
-113.980000
-113.860000
-113.850000
-113.640000
-113.640000
-113.640000
-113.750000
-113.760000
-113.760000
-113.550000
-113.340000
-113.130000
-112.920000
-112.710000
-112.700000
-112.540000
-112.590000
-112.480000
-112.480000
-112.270000
-112.060000
-112.050000
-112.030000
-112.120000
-112.100000
-112.070000
-112.080000
-112.130000
-112.120000
-112.110000
-112.160000
-112.160000
-112.050000
-111.940000
-111.950000
-111.950000
-111.950000
-111.950000
-111.950000
-111.950000
-111.960000
-111.980000
-111.990000
-112.000000
-111.910000
-111.940000
-112.000000
-111.950000
-111.740000
-111.850000
-111.890000
-111.920000
-111.960000
-111.800000
-111.710000
-111.750000
-111.270000
-111.310000
-111.120000
-111.020000
-111.030000
-111.140000
-111.130000
-111.120000
-111.100000
-111.100000
-111.190000
-111.190000
-111.170000
-111.160000
-111.150000
-111.330000
-111.000000
-110.980000
-110.970000
-110.950000
-111.130000
-111.500000
-111.690000
-111.670000
-111.650000
-111.630000
-111.610000
-111.600000
-111.580000
-111.560000
-111.540000
-111.530000
-111.460000
-111.350000
-111.230000
-111.120000
-111.020000
-111.250000
-110.750000
-110.650000
-110.570000
-110.410000
-110.560000
-110.770000
-110.790000
-110.910000
-110.920000
-111.130000
-111.020000
-111.020000
-111.020000
-111.020000
-110.800000
-110.350000
-110.060000
-109.780000
-109.580000
-109.540000
-108.940000
-108.600000
-108.230000
-108.090000
-107.970000
-108.070000
-108.060000
-107.850000
-107.650000
-107.670000
-107.690000
-107.720000
-107.740000
-107.470000
-107.260000
-106.660000
-106.050000
-105.560000
-105.170000
-104.790000
-104.540000
-104.280000
-103.830000
-103.930000
-103.430000
-103.520000
-103.270000
-102.660000
-102.410000
-101.800000
-101.300000
-100.800000
-100.800000
-100.800000
-100.810000
-100.750000
-100.760000
-100.780000
-100.790000
-101.000000
-100.880000
-100.330000
-99.930000
-99.450000
-99.410000
-99.040000
-98.540000
-97.940000
-97.400000
-96.920000
-96.380000
-96.400000
-96.430000
-96.450000
-96.480000
-96.510000
-96.290000
-95.760000
-95.230000
-95.260000
-95.280000
-95.300000
-95.320000
-95.330000
-94.800000
-94.810000
-94.820000
-94.840000
-94.860000
-94.870000
-94.890000
-94.910000
-94.920000
-94.930000
-94.940000
-94.950000
-95.060000
-94.620000
-94.730000
-94.560000
-94.450000
-93.950000
-93.450000
-93.250000
-93.350000
-93.450000
-93.550000
-93.460000
-93.560000
-93.660000
-93.460000
-92.850000
-92.240000
-91.630000
-91.540000
-91.890000
-92.080000
-92.260000
-92.670000
-92.410000
-92.410000
-93.060000
-92.820000
-92.690000
-92.730000
-92.530000
-92.660000
-92.980000
-93.300000
-93.220000
-93.320000
-92.710000
-92.100000
-91.700000
-91.310000
-91.310000
-91.390000
-91.570000
-91.460000
-91.330000
-90.970000
-90.920000
-90.770000
-90.060000
-89.950000
-89.250000
-88.890000
-89.190000
-88.830000
-89.540000
-89.530000
-90.130000
-89.510000
-88.900000
-88.720000
-88.350000
-88.240000
-87.630000
-87.730000
-87.120000
-87.140000
-87.090000
-87.090000
-86.970000
-86.610000
-86.610000
-87.220000
-87.220000
-87.170000
-87.060000
-87.110000
-87.110000
-87.110000
-87.110000
-87.110000
-86.620000
-86.560000
-86.500000
-86.450000
-85.830000
-85.230000
-85.150000
-85.460000
-85.380000
-85.840000
-85.950000
-86.060000
-86.160000
-85.540000
-85.290000
-84.980000
-84.370000
-83.890000
-83.610000
-83.000000
-83.110000
-82.500000
-82.840000
-82.230000
-81.610000
-81.600000
-81.590000
-81.590000
-81.280000
-80.570000
-80.160000
-79.440000
-78.920000
-78.200000
-77.490000
-77.900000
-78.300000
-79.010000
-79.720000
-79.410000
-79.110000
-79.000000
-78.820000
-78.100000
-78.120000
-78.730000
-78.630000
-79.240000
-79.620000
-79.700000
-79.360000
-78.950000
-78.230000
-78.230000
-78.410000
-77.690000
-77.800000
-78.510000
-79.030000
-79.740000
-80.450000
-81.080000
-81.490000
-81.490000
-81.490000
-81.490000
-81.900000
-82.400000
-83.110000
-83.100000
-83.400000
-83.400000
-83.400000
-83.400000
-82.990000
-83.300000
-82.890000
-82.890000
-83.600000
-83.180000
-82.940000
-82.430000
-83.140000
-82.830000
-82.830000
-82.530000
-82.530000
-82.530000
-82.530000
-82.530000
-82.410000
-81.820000
-81.710000
-82.320000
-82.930000
-83.440000
-83.440000
-83.440000
-83.440000
-83.440000
