-121.000000
-118.000000
-108.666667
-98.000000
-98.600000
-98.333333
-99.714286
-98.875000
-96.777778
-95.300000
-95.909091
-95.250000
-94.153846
-92.714286
-92.600000
-88.687500
-87.529412
-83.666667
-83.368421
-80.900000
-80.285714
-79.590909
-79.391304
-78.750000
-78.440000
-80.461538
-77.703704
-76.571429
-75.620690
-74.333333
-73.483871
-72.718750
-72.272727
-71.617647
-70.914286
-69.833333
-69.297297
-69.710526
-69.794872
-69.750000
-68.829268
-68.357143
-67.883721
-69.340909
-69.066667
-66.913043
-67.851064
-65.583333
-65.489796
-65.340000
-66.333333
-67.000000
-67.150943
-67.740741
-67.872727
-68.732143
-70.017544
-70.603448
-71.220339
-70.833333
-72.016393
-73.145161
-74.253968
-75.312500
-76.353846
-77.363636
-78.343284
-78.382353
-79.362319
-80.257143
-81.126761
-81.750000
-82.410959
-83.216216
-84.013333
-84.789474
-85.558442
-86.294872
-87.025316
-87.425000
-87.839506
-88.060976
-88.277108
-88.928571
-89.129412
-88.918605
-89.241379
-89.852273
-90.449438
-91.022222
-91.593407
-92.141304
-92.698925
-93.117021
-93.642105
-94.156250
-94.659794
-95.142857
-95.626263
-96.100000
-96.330000
-96.610000
-96.900000
-97.020000
-96.510000
-96.460000
-96.790000
-96.850000
-97.470000
-97.910000
-97.760000
-97.700000
-98.300000
-98.990000
-99.510000
-100.630000
-101.370000
-102.620000
-103.270000
-104.350000
-104.780000
-105.570000
-106.280000
-107.060000
-107.780000
-107.900000
-109.100000
-109.700000
-110.320000
-111.020000
-111.980000
-112.920000
-113.770000
-114.700000
-115.660000
-116.770000
-117.700000
-118.280000
-118.990000
-119.740000
-120.850000
-121.810000
-122.760000
-122.510000
-123.100000
-124.810000
-125.120000
-126.690000
-127.110000
-127.600000
-127.870000
-127.620000
-128.300000
-128.740000
-129.420000
-129.690000
-129.700000
-130.120000
-130.480000
-131.430000
-131.430000
-131.440000
-131.440000
-131.450000
-131.450000
-131.450000
-131.450000
-132.080000
-132.050000
-132.050000
-132.050000
-131.990000
-132.100000
-132.090000
-132.070000
-132.050000
-131.960000
-131.960000
-131.950000
-132.190000
-132.410000
-132.600000
-132.970000
-132.220000
-132.590000
-133.310000
-133.570000
-133.570000
-133.200000
-133.210000
-133.210000
-133.220000
-133.210000
-133.310000
-133.300000
-133.220000
-133.210000
-133.220000
-133.140000
-133.210000
-132.250000
-132.170000
-132.340000
-132.990000
-133.920000
-134.160000
-134.180000
-134.620000
-134.630000
-134.800000
-135.360000
-135.350000
-135.370000
-135.290000
-135.310000
-135.320000
-135.190000
-135.190000
-135.210000
-135.240000
-135.590000
-135.580000
-135.570000
-135.500000
-135.330000
-135.250000
-135.420000
-135.790000
-135.340000
-135.430000
-135.340000
-135.260000
-135.260000
-134.990000
-134.910000
-134.940000
-134.670000
-134.670000
-134.660000
-134.660000
-134.490000
-134.390000
-134.420000
-134.600000
-134.890000
-134.910000
-134.930000
-135.220000
-135.440000
-135.720000
-135.750000
-136.150000
-135.880000
-135.800000
-135.820000
-135.840000
-135.770000
-135.730000
-135.720000
-135.720000
-135.640000
-135.320000
-135.320000
-135.320000
-135.330000
-135.340000
-135.230000
-135.240000
-135.240000
-135.080000
-135.090000
-135.320000
-135.070000
-134.920000
-134.670000
-134.420000
-134.230000
-134.260000
-134.260000
-134.260000
-134.260000
-134.440000
-134.470000
-135.050000
-134.780000
-134.710000
-134.540000
-134.270000
-134.370000
-134.370000
-134.100000
-134.100000
-134.090000
-133.930000
-133.940000
-134.020000
-134.030000
-134.030000
-134.110000
-134.040000
-134.990000
-135.070000
-135.140000
-134.870000
-134.600000
-134.900000
-134.620000
-134.350000
-134.270000
-134.190000
-134.190000
-134.810000
-134.630000
-134.710000
-134.690000
-134.610000
-134.740000
-134.740000
-134.720000
-134.700000
-134.670000
-134.670000
-134.650000
-134.730000
-134.880000
-134.940000
-134.920000
-134.900000
-135.650000
-135.940000
-136.060000
-136.140000
-136.140000
-136.230000
-136.330000
-136.300000
-136.570000
-136.570000
-136.570000
-136.570000
-136.740000
-136.830000
-136.810000
-137.000000
-136.980000
-136.980000
-136.980000
-136.960000
-137.120000
-137.180000
-137.160000
-137.430000
-137.700000
-137.840000
-137.690000
-137.690000
-137.630000
-137.650000
-137.670000
-137.690000
-137.790000
-138.110000
-138.110000
-138.110000
-137.830000
-137.820000
-137.760000
-137.740000
-137.730000
-137.900000
-137.900000
-137.900000
-138.170000
-138.340000
-138.540000
-138.810000
-139.080000
-138.920000
-138.920000
-138.600000
-138.610000
-138.630000
-138.600000
-138.770000
-139.030000
-139.090000
-139.260000
-139.360000
-139.620000
-139.610000
-139.870000
-139.870000
-139.810000
-140.040000
-140.010000
-140.030000
-140.050000
-140.040000
-140.080000
-140.090000
-140.100000
-140.100000
-140.110000
-140.400000
-140.670000
-140.570000
-140.850000
-141.120000
-141.200000
-141.280000
-141.280000
-141.270000
-141.440000
-141.310000
-141.310000
-141.300000
-140.980000
-140.900000
-140.900000
-140.900000
-140.900000
-140.900000
-140.900000
-140.900000
-140.920000
-140.940000
-140.960000
-140.890000
-140.920000
-140.920000
-140.890000
-140.800000
-140.800000
-140.970000
-140.620000
-140.620000
-140.620000
-140.610000
-140.600000
-140.590000
-140.600000
-140.600000
-140.500000
-140.490000
-140.490000
-140.400000
-140.410000
-140.090000
-140.110000
-139.940000
-139.930000
-139.750000
-139.810000
-139.740000
-139.880000
-139.780000
-139.910000
-139.910000
-139.910000
-139.880000
-139.840000
-139.830000
-139.820000
-139.810000
-140.070000
-140.070000
-140.230000
-140.230000
-140.260000
-140.260000
-140.260000
-140.250000
-139.980000
-139.800000
-139.700000
-139.700000
-139.700000
-139.850000
-139.850000
-140.170000
-140.160000
-140.140000
-140.130000
-140.130000
-140.140000
-140.150000
-140.140000
-140.310000
-140.320000
-140.330000
-140.340000
-140.340000
-140.410000
-140.360000
-140.410000
-140.390000
-140.390000
-140.400000
-140.360000
-140.260000
-140.240000
-139.500000
-139.290000
-139.260000
-139.270000
-139.360000
-139.190000
-139.050000
-138.910000
-138.970000
-138.700000
-138.740000
-138.000000
-137.370000
-137.240000
-137.330000
-137.430000
-137.290000
-136.930000
-136.520000
-136.120000
-135.470000
-135.340000
-134.580000
-133.700000
-133.340000
-132.860000
-132.980000
-132.970000
-132.950000
-132.970000
-133.060000
-133.050000
-132.940000
-133.260000
-133.140000
-133.030000
-133.070000
-132.670000
-132.030000
-131.370000
-130.880000
-131.000000
-131.030000
-131.060000
-130.270000
-130.280000
-130.430000
-130.460000
-130.480000
-129.600000
-129.810000
-129.380000
-128.910000
-128.020000
-127.730000
-127.300000
-126.860000
-125.910000
-125.490000
-125.080000
-124.720000
-123.850000
-123.380000
-123.220000
-122.340000
-121.590000
-120.830000
-119.930000
-119.170000
-118.230000
-117.470000
-116.980000
-116.390000
-115.790000
-114.910000
-114.540000
-113.640000
-112.870000
-112.440000
-112.070000
-111.300000
-110.430000
-110.000000
-109.630000
-109.260000
-108.390000
-107.510000
-106.630000
-105.980000
-105.100000
-104.220000
-103.340000
-102.450000
-101.550000
-101.120000
-100.220000
-99.850000
-99.480000
-99.200000
-98.330000
-98.300000
-97.740000
-96.870000
-96.490000
-95.590000
-94.820000
-94.590000
-94.360000
-93.450000
-92.840000
-92.440000
-92.820000
-93.110000
-92.360000
-91.480000
-90.700000
-90.550000
-90.030000
-89.770000
-89.690000
-89.460000
-89.220000
-89.610000
-90.220000
-89.820000
-89.300000
-88.510000
-87.510000
-86.660000
-85.910000
-85.170000
-84.290000
-84.140000
-83.210000
-82.450000
-82.190000
-81.380000
-81.040000
-81.420000
-81.800000
-82.010000
-81.710000
-80.800000
-79.840000
-79.970000
-79.100000
-79.000000
-78.700000
-78.100000
-78.220000
-77.920000
-78.020000
-78.230000
-78.840000
-78.940000
-78.410000
-78.570000
-79.240000
-79.400000
-79.560000
-79.660000
-80.270000
-79.970000
-79.770000
-79.810000
-80.300000
-80.790000
-81.400000
-81.890000
-82.560000
-82.620000
-82.500000
-83.000000
-83.500000
-84.110000
-84.210000
-84.820000
-85.320000
-85.480000
-85.580000
-86.080000
-86.070000
-86.130000
-85.150000
-84.640000
-84.750000
-84.750000
-84.750000
-84.640000
-84.760000
-85.370000
-85.970000
-86.580000
-86.580000
-86.740000
-86.730000
-86.220000
-86.320000
-86.420000
-87.030000
-87.530000
-88.020000
-88.630000
-88.120000
-87.650000
-88.320000
-88.420000
-88.510000
-89.090000
-89.700000
-89.790000
-89.890000
-90.090000
-90.700000
-90.700000
-90.820000
-90.310000
-90.310000
-90.710000
-90.920000
-90.910000
-90.400000
-89.890000
-89.790000
-89.670000
-89.790000
-89.780000
-90.010000
-90.590000
-91.040000
-91.410000
-91.930000
-92.030000
-92.600000
-92.710000
-92.710000
-92.610000
-92.470000
-91.890000
-91.790000
-91.570000
-90.960000
-90.960000
-91.520000
-91.900000
-91.970000
-91.350000
-90.740000
-91.140000
-91.380000
-90.880000
-90.710000
-90.100000
-90.000000
-89.900000
-90.490000
-89.880000
-89.270000
-89.370000
-89.270000
-88.770000
-88.450000
-88.860000
-88.640000
-89.200000
-88.970000
-88.940000
-88.510000
-88.330000
-87.500000
-87.000000
-87.130000
-86.490000
-86.390000
-85.970000
-85.940000
-85.520000
-84.940000
-84.520000
-84.240000
-84.210000
-84.800000
-84.870000
-85.920000
-86.110000
-86.560000
-86.530000
-87.110000
-87.570000
-88.030000
-88.000000
-87.980000
-87.950000
-88.530000
-88.500000
-89.090000
-89.670000
-89.610000
-88.890000
-88.790000
-88.690000
-88.080000
-87.980000
-88.380000
-88.180000
-87.420000
-86.810000
-86.720000
-86.720000
-86.620000
-86.530000
-86.430000
-86.430000
-86.430000
-87.040000
-87.550000
-87.540000
-88.050000
-87.440000
-87.340000
-87.860000
-87.850000
-87.850000
-87.780000
-88.290000
-88.890000
-88.780000
-89.380000
-89.020000
-88.790000
-88.570000
-88.060000
-87.350000
-86.840000
-86.850000
-86.340000
-86.950000
-87.570000
-88.140000
-87.630000
-87.850000
-88.460000
-88.970000
-88.960000
-88.960000
-89.460000
-89.980000
-90.580000
-90.680000
-90.920000
-91.410000
-91.580000
-92.190000
-92.290000
-91.770000
-91.260000
-91.770000
-92.380000
-91.670000
-91.770000
-91.950000
-91.650000
-91.580000
-91.290000
-90.870000
-90.890000
-90.890000
-91.290000
-91.440000
-92.240000
-93.150000
-93.600000
-94.210000
-94.210000
-94.530000
-94.460000
-94.780000
-95.360000
-95.780000
-96.050000
-96.080000
-96.100000
-96.120000
-95.420000
-95.830000
-95.880000
-96.420000
-96.450000
-96.480000
-96.510000
-96.530000
-96.560000
-95.510000
-94.930000
-94.580000
-94.230000
-93.880000
-93.350000
-93.460000
-93.660000
-93.030000
-93.640000
-93.640000
-93.750000
-94.300000
-95.060000
-95.060000
-95.160000
-95.160000
-95.260000
-95.360000
-95.360000
-94.630000
-94.250000
-93.520000
-93.520000
-94.140000
-94.240000
-94.840000
-94.840000
-94.940000
-95.560000
-96.170000
-96.340000
-96.440000
-96.450000
-97.060000
-96.340000
-96.450000
-96.060000
-96.280000
-96.790000
-96.670000
-97.180000
-97.570000
-98.180000
-98.080000
-98.070000
-97.110000
-97.710000
-97.700000
-97.690000
-97.790000
-97.900000
-97.270000
-97.270000
-97.360000
-97.370000
-97.160000
-97.170000
-97.180000
-96.450000
-95.830000
-95.220000
-95.460000
-94.990000
-94.710000
-94.090000
-93.620000
-93.000000
-92.590000
-92.480000
-92.650000
-93.160000
-92.860000
-93.070000
-93.100000
-92.050000
-91.980000
-91.280000
-91.310000
-91.340000
-90.640000
-90.120000
-90.120000
-89.250000
-88.390000
-88.380000
-88.370000
-88.380000
-88.380000
-88.390000
-88.300000
-89.030000
-88.940000
-89.040000
-88.760000
-88.860000
-88.960000
-88.120000
-87.290000
-87.190000
-88.270000
-87.800000
-87.450000
-87.830000
-88.200000
-88.790000
-89.400000
