-54.000000
-52.000000
-72.000000
-85.250000
-89.000000
-82.666667
-83.142857
-82.000000
-83.333333
-80.800000
-79.545455
-82.500000
-83.384615
-82.214286
-80.133333
-83.375000
-80.411765
-83.333333
-85.842105
-87.700000
-89.809524
-87.000000
-87.565217
-88.791667
-89.280000
-90.230769
-91.074074
-91.857143
-92.241379
-92.900000
-93.096774
-92.781250
-90.393939
-89.823529
-89.857143
-89.000000
-88.783784
-87.605263
-87.153846
-87.100000
-85.731707
-86.261905
-87.302326
-87.386364
-87.888889
-87.130435
-86.829787
-86.104167
-85.448980
-85.480000
-85.333333
-84.211538
-84.528302
-83.444444
-83.018182
-83.500000
-84.070175
-84.068966
-84.559322
-85.150000
-85.229508
-84.709677
-83.777778
-83.640625
-83.723077
-83.575758
-83.283582
-83.176471
-82.956522
-82.885714
-82.887324
-81.847222
-81.123288
-81.405405
-81.320000
-81.578947
-81.649351
-81.564103
-81.721519
-81.500000
-81.641975
-81.256098
-80.686747
-80.952381
-80.941176
-80.988372
-81.574713
-81.306818
-81.876404
-81.944444
-81.703297
-81.978261
-81.387097
-80.904255
-80.905263
-80.260417
-80.608247
-80.938776
-80.949495
-80.440000
-80.260000
-80.380000
-80.690000
-80.080000
-79.270000
-79.430000
-79.690000
-79.710000
-79.660000
-79.820000
-79.750000
-79.750000
-79.430000
-78.890000
-79.500000
-79.030000
-79.820000
-79.480000
-78.670000
-77.860000
-77.250000
-76.840000
-76.370000
-76.240000
-76.060000
-75.560000
-75.860000
-75.220000
-75.090000
-74.350000
-74.020000
-73.930000
-74.170000
-74.580000
-74.490000
-74.220000
-74.010000
-74.730000
-75.040000
-74.850000
-75.110000
-73.930000
-73.250000
-73.780000
-73.330000
-74.120000
-74.120000
-74.280000
-74.270000
-74.510000
-74.670000
-75.590000
-75.220000
-76.380000
-76.140000
-76.040000
-75.690000
-75.010000
-74.510000
-74.160000
-74.360000
-74.830000
-75.320000
-75.260000
-75.600000
-75.170000
-74.890000
-74.870000
-75.030000
-75.130000
-74.680000
-75.450000
-76.300000
-75.850000
-75.660000
-75.480000
-75.600000
-75.200000
-75.200000
-74.800000
-74.820000
-74.500000
-75.580000
-75.650000
-76.000000
-75.990000
-75.270000
-75.400000
-74.380000
-73.820000
-74.340000
-73.870000
-74.920000
-75.660000
-76.270000
-76.810000
-76.640000
-75.870000
-76.160000
-76.900000
-77.050000
-77.250000
-76.970000
-76.910000
-77.060000
-76.860000
-76.300000
-76.650000
-75.960000
-75.850000
-75.950000
-75.640000
-75.720000
-76.380000
-76.690000
-76.370000
-75.880000
-76.090000
-76.370000
-76.800000
-77.230000
-78.010000
-78.470000
-78.160000
-77.710000
-77.920000
-77.250000
-76.760000
-76.430000
-77.000000
-77.470000
-77.410000
-77.490000
-77.050000
-77.210000
-77.360000
-77.480000
-77.250000
-76.990000
-76.840000
-77.220000
-77.190000
-77.900000
-77.200000
-77.120000
-75.950000
-76.380000
-76.370000
-76.010000
-75.280000
-74.910000
-74.180000
-72.980000
-73.000000
-73.310000
-72.970000
-72.800000
-73.310000
-73.150000
-72.950000
-73.300000
-72.670000
-72.960000
-72.890000
-72.920000
-73.280000
-73.430000
-73.480000
-73.220000
-73.330000
-73.570000
-73.110000
-73.410000
-73.410000
-74.100000
-73.920000
-73.880000
-74.100000
-73.670000
-74.100000
-74.050000
-74.250000
-73.580000
-72.360000
-71.890000
-71.530000
-71.280000
-71.320000
-71.660000
-71.930000
-71.380000
-71.610000
-71.060000
-70.370000
-69.630000
-69.300000
-69.130000
-69.520000
-68.910000
-68.550000
-68.720000
-68.440000
-67.940000
-68.010000
-68.200000
-67.990000
-67.640000
-66.860000
-67.410000
-67.190000
-66.590000
-66.770000
-67.230000
-67.020000
-66.170000
-66.400000
-65.860000
-66.080000
-65.640000
-65.180000
-65.170000
-65.660000
-65.140000
-65.450000
-65.210000
-65.110000
-64.930000
-65.310000
-65.270000
-65.570000
-65.070000
-65.130000
-65.300000
-64.650000
-63.940000
-63.410000
-62.930000
-62.990000
-62.880000
-62.850000
-62.710000
-63.160000
-62.270000
-62.530000
-62.430000
-62.760000
-62.640000
-62.210000
-62.320000
-62.880000
-62.590000
-62.500000
-63.700000
-62.790000
-62.590000
-61.900000
-61.900000
-61.980000
-62.190000
-62.190000
-61.310000
-60.590000
-60.430000
-60.390000
-60.200000
-59.810000
-60.410000
-60.260000
-59.970000
-59.730000
-59.860000
-60.420000
-58.970000
-59.760000
-59.070000
-58.130000
-57.850000
-57.370000
-57.800000
-57.870000
-57.730000
-57.640000
-57.540000
-58.880000
-58.020000
-57.520000
-57.810000
-57.810000
-57.750000
-58.040000
-57.570000
-57.410000
-57.280000
-57.430000
-57.890000
-58.170000
-58.800000
-57.910000
-58.060000
-57.090000
-57.400000
-56.890000
-57.270000
-56.950000
-57.150000
-57.460000
-57.240000
-58.060000
-58.460000
-58.530000
-58.410000
-58.140000
-57.660000
-57.410000
-57.510000
-57.790000
-58.240000
-57.040000
-57.450000
-57.880000
-57.330000
-56.770000
-57.150000
-56.060000
-56.070000
-55.960000
-56.140000
-55.980000
-56.130000
-55.560000
-55.580000
-55.590000
-55.610000
-56.330000
-56.700000
-57.410000
-57.420000
-57.530000
-57.460000
-56.950000
-56.890000
-57.250000
-57.890000
-57.630000
-57.630000
-57.260000
-56.860000
-56.920000
-56.610000
-56.420000
-56.890000
-56.980000
-57.480000
-58.060000
-58.240000
-59.020000
-58.460000
-57.790000
-57.200000
-56.950000
-56.460000
-57.850000
-58.010000
-58.580000
-57.600000
-57.890000
-57.000000
-56.880000
-57.230000
-56.760000
-56.650000
-56.090000
-56.310000
-56.100000
-55.620000
-57.060000
-56.610000
-56.270000
-55.710000
-55.720000
-54.930000
-55.310000
-54.530000
-54.060000
-54.190000
-54.660000
-54.000000
-54.160000
-54.730000
-53.760000
-54.220000
-53.630000
-54.440000
-54.920000
-54.420000
-53.820000
-52.700000
-53.990000
-54.490000
-54.650000
-54.410000
-55.020000
-55.140000
-55.560000
-55.010000
-54.410000
-55.170000
-54.380000
-53.310000
-53.470000
-54.330000
-54.620000
-54.150000
-54.460000
-54.420000
-54.530000
-55.140000
-55.880000
-56.290000
-56.220000
-56.790000
-56.960000
-57.160000
-58.260000
-59.260000
-59.770000
-59.540000
-60.270000
-60.740000
-61.210000
-60.640000
-61.050000
-61.510000
-61.600000
-61.050000
-60.040000
-61.180000
-61.120000
-61.660000
-62.700000
-63.060000
-62.460000
-62.530000
-62.940000
-63.220000
-63.190000
-62.630000
-62.730000
-63.630000
-64.040000
-64.600000
-65.140000
-65.040000
-65.040000
-65.500000
-65.860000
-66.940000
-67.970000
-68.920000
-69.680000
-70.810000
-70.930000
-71.000000
-70.860000
-71.430000
-71.970000
-72.860000
-73.450000
-73.920000
-74.750000
-75.220000
-75.940000
-76.840000
-76.800000
-77.830000
-77.790000
-78.730000
-80.140000
-80.870000
-81.230000
-82.420000
-82.860000
-84.150000
-84.560000
-85.770000
-86.480000
-87.660000
-87.910000
-87.870000
-89.070000
-89.620000
-90.700000
-90.360000
-90.430000
-90.840000
-91.870000
-92.670000
-92.630000
-92.640000
-93.930000
-94.340000
-94.810000
-94.770000
-95.130000
-96.070000
-97.440000
-97.850000
-98.650000
-99.730000
-100.250000
-100.570000
-100.690000
-101.640000
-102.160000
-102.520000
-102.150000
-101.960000
-101.850000
-101.580000
-101.690000
-101.890000
-102.250000
-102.200000
-101.990000
-101.730000
-101.350000
-101.980000
-102.190000
-102.200000
-102.210000
-103.440000
-103.170000
-102.840000
-102.960000
-103.690000
-105.180000
-104.570000
-104.310000
-103.980000
-103.750000
-103.420000
-104.120000
-103.740000
-103.370000
-103.610000
-104.690000
-105.770000
-106.150000
-106.060000
-106.290000
-106.120000
-105.900000
-105.640000
-105.840000
-105.500000
-105.350000
-105.150000
-104.820000
-104.560000
-104.500000
-104.380000
-104.310000
-103.980000
-103.750000
-104.190000
-103.860000
-103.750000
-103.530000
-103.200000
-102.870000
-102.540000
-102.210000
-101.880000
-101.550000
-101.570000
-101.240000
-101.180000
-100.800000
-100.780000
-100.450000
-100.070000
-99.740000
-99.670000
-99.290000
-99.250000
-98.910000
-98.570000
-98.720000
-98.430000
-98.100000
-97.770000
-97.390000
-97.380000
-97.050000
-96.780000
-96.450000
-96.280000
-96.060000
-96.060000
-96.060000
-95.840000
-95.890000
-95.780000
-95.520000
-95.560000
-95.330000
-95.330000
-95.480000
-95.550000
-95.160000
-94.960000
-94.790000
-94.410000
-94.030000
-93.810000
-93.910000
-93.830000
-93.860000
-93.950000
-93.870000
-93.300000
-93.310000
-93.130000
-93.110000
-93.530000
-93.850000
-93.780000
-93.500000
-93.430000
-93.300000
-93.080000
-93.280000
-93.380000
-93.200000
-93.690000
-93.610000
-93.610000
-93.510000
-93.890000
-94.160000
-94.550000
-94.940000
-95.100000
-95.480000
-95.320000
-94.940000
-94.760000
-94.850000
-95.050000
-94.640000
-94.590000
-94.770000
-95.080000
-94.860000
-94.970000
-94.790000
-94.710000
-94.710000
-94.710000
-94.710000
-94.500000
-94.190000
-94.240000
-94.240000
-93.920000
-93.920000
-93.800000
-93.690000
-94.000000
-94.320000
-94.520000
-94.720000
-94.820000
-94.820000
-94.470000
-94.780000
-94.770000
-95.080000
-95.080000
-95.390000
-95.700000
-96.010000
-96.020000
-96.370000
-96.380000
-96.340000
-96.300000
-95.770000
-96.260000
-96.610000
-96.960000
-97.310000
-97.340000
-97.690000
-98.000000
-98.320000
-98.340000
-98.530000
-98.450000
-98.370000
-98.390000
-98.310000
-98.390000
-98.620000
-98.380000
-98.370000
-98.300000
-98.080000
-97.940000
-98.270000
-98.390000
-98.480000
-98.800000
-99.110000
-99.420000
-99.630000
-99.840000
-99.940000
-100.090000
-100.430000
-100.780000
-100.760000
-101.020000
-101.280000
-101.050000
-101.040000
-101.030000
-101.230000
-101.220000
-100.790000
-100.300000
-100.170000
-100.250000
-100.550000
-100.320000
-100.350000
-100.650000
-101.050000
-100.970000
-101.050000
-101.010000
-100.930000
-101.080000
-101.000000
-101.130000
-101.430000
-101.530000
-101.260000
-101.240000
-101.330000
-101.320000
-101.440000
-101.430000
-101.440000
-101.640000
-101.820000
-101.720000
-101.770000
-101.820000
-101.790000
-101.680000
-101.730000
-102.000000
-102.320000
-102.620000
-102.920000
-103.120000
-103.420000
-103.410000
-103.390000
-103.490000
-103.590000
-103.790000
-104.090000
-104.390000
-104.380000
-104.370000
-104.070000
-104.120000
-104.170000
-104.230000
-104.300000
-104.330000
-104.250000
-104.200000
-104.500000
-104.580000
-104.610000
-104.160000
-103.860000
-104.040000
-103.630000
-103.360000
-103.030000
-103.080000
-102.750000
-102.870000
-102.870000
-102.870000
-102.870000
-102.990000
-102.990000
-103.010000
-102.800000
-102.230000
-102.210000
-102.200000
-102.190000
-102.060000
-101.550000
-101.550000
-101.340000
-101.320000
-100.430000
-99.430000
-99.300000
-99.290000
-99.390000
-99.340000
-98.310000
-97.850000
-97.720000
-97.610000
-97.660000
-97.360000
-96.370000
-96.450000
-96.530000
-96.610000
-97.110000
-97.210000
-97.410000
-97.130000
-97.200000
-97.280000
-97.360000
-97.440000
-96.450000
-96.100000
-95.060000
-95.010000
-94.010000
-92.990000
-92.900000
-92.030000
-92.030000
-92.030000
-92.590000
-92.420000
-92.120000
-91.540000
-91.540000
-91.540000
-91.520000
-91.520000
-91.640000
-91.940000
-92.190000
-92.560000
-92.450000
-92.760000
-93.010000
-92.990000
-92.970000
-92.970000
-92.970000
-92.970000
-92.970000
-92.970000
-92.970000
-92.970000
-92.970000
-92.970000
-92.970000
-92.970000
-92.970000
-92.970000
-93.260000
-93.200000
-93.190000
-93.170000
-93.140000
-93.170000
-93.270000
-93.230000
-92.850000
-92.780000
-93.130000
-93.430000
-93.760000
-93.610000
-94.050000
-94.350000
-94.710000
-93.640000
-93.910000
-93.910000
-93.030000
-92.910000
-92.910000
