-74.000000
-98.000000
-103.666667
-102.500000
-92.600000
-99.166667
-94.000000
-100.125000
-99.111111
-101.200000
-99.545455
-99.666667
-99.153846
-97.642857
-98.000000
-95.562500
-96.588235
-98.555556
-95.684211
-95.400000
-93.095238
-91.636364
-91.304348
-91.333333
-91.640000
-91.653846
-90.666667
-89.321429
-86.896552
-85.533333
-86.193548
-87.687500
-88.181818
-87.794118
-88.285714
-89.083333
-88.297297
-89.684211
-90.589744
-88.375000
-88.439024
-88.500000
-86.790698
-86.250000
-86.200000
-86.369565
-85.340426
-86.000000
-86.530612
-87.680000
-87.627451
-87.961538
-87.886792
-87.907407
-87.163636
-88.160714
-88.631579
-88.931034
-88.694915
-88.716667
-87.967213
-87.354839
-87.396825
-85.578125
-84.661538
-84.742424
-83.447761
-83.764706
-83.956522
-84.200000
-84.661972
-85.291667
-85.780822
-85.770270
-85.946667
-86.328947
-86.675325
-86.846154
-85.860759
-85.762500
-85.555556
-85.902439
-85.530120
-85.440476
-85.611765
-85.744186
-86.298851
-86.602273
-86.528090
-86.766667
-87.340659
-87.793478
-87.935484
-87.872340
-88.347368
-88.260417
-88.505155
-87.816327
-88.151515
-87.940000
-87.840000
-87.750000
-87.620000
-87.240000
-87.280000
-86.970000
-87.450000
-86.790000
-86.800000
-86.010000
-86.320000
-86.090000
-85.880000
-85.800000
-85.150000
-85.670000
-85.100000
-84.830000
-85.120000
-85.210000
-85.470000
-85.590000
-85.840000
-85.670000
-85.530000
-84.990000
-85.100000
-85.480000
-86.420000
-86.330000
-86.700000
-86.200000
-85.260000
-85.250000
-85.410000
-85.610000
-86.030000
-86.040000
-85.310000
-85.830000
-85.540000
-85.370000
-85.590000
-85.020000
-84.900000
-85.090000
-85.200000
-84.770000
-84.700000
-83.910000
-84.040000
-83.780000
-83.690000
-83.440000
-83.750000
-83.070000
-82.870000
-82.640000
-82.590000
-82.520000
-82.750000
-82.900000
-83.340000
-84.390000
-85.260000
-84.240000
-85.540000
-85.640000
-85.220000
-84.930000
-84.400000
-84.040000
-84.220000
-84.170000
-84.070000
-84.030000
-83.670000
-83.980000
-84.630000
-84.390000
-84.670000
-84.340000
-84.240000
-83.700000
-84.090000
-83.680000
-82.950000
-83.100000
-83.070000
-83.030000
-82.370000
-81.680000
-81.340000
-81.320000
-81.110000
-81.050000
-81.020000
-81.670000
-81.450000
-82.100000
-82.160000
-80.720000
-80.690000
-80.740000
-81.360000
-81.040000
-80.490000
-80.760000
-80.690000
-80.830000
-80.070000
-80.510000
-80.920000
-80.890000
-80.500000
-79.870000
-80.150000
-80.100000
-80.300000
-80.660000
-80.250000
-80.390000
-80.190000
-79.610000
-79.600000
-79.480000
-79.160000
-78.620000
-78.140000
-78.890000
-78.480000
-78.520000
-79.730000
-79.770000
-79.220000
-78.510000
-78.130000
-77.050000
-77.320000
-77.670000
-78.420000
-78.300000
-79.150000
-80.240000
-79.370000
-78.840000
-79.470000
-79.970000
-79.350000
-79.590000
-79.520000
-79.180000
-79.310000
-79.710000
-79.710000
-79.810000
-79.190000
-78.870000
-79.070000
-78.600000
-78.590000
-78.130000
-77.480000
-77.600000
-77.250000
-78.050000
-77.550000
-77.180000
-77.170000
-76.290000
-76.270000
-76.160000
-75.240000
-75.870000
-75.690000
-75.730000
-75.700000
-75.240000
-75.040000
-74.990000
-75.130000
-74.700000
-74.730000
-75.500000
-75.160000
-74.980000
-75.020000
-74.810000
-74.270000
-74.360000
-74.670000
-74.960000
-74.190000
-74.130000
-73.450000
-73.100000
-72.820000
-72.720000
-72.110000
-72.070000
-72.090000
-72.590000
-72.270000
-72.460000
-71.610000
-72.220000
-71.860000
-71.600000
-71.160000
-70.920000
-71.180000
-71.060000
-70.820000
-70.840000
-71.290000
-71.200000
-71.050000
-70.030000
-70.030000
-69.960000
-70.780000
-70.210000
-69.900000
-70.480000
-70.950000
-70.590000
-70.990000
-71.240000
-71.700000
-70.870000
-70.640000
-70.530000
-70.370000
-70.170000
-70.410000
-70.830000
-70.950000
-71.190000
-71.130000
-70.970000
-70.480000
-70.980000
-70.370000
-69.980000
-71.040000
-70.940000
-70.280000
-70.190000
-69.990000
-69.560000
-68.990000
-68.990000
-68.900000
-68.770000
-69.230000
-69.690000
-70.190000
-69.860000
-69.570000
-69.700000
-69.660000
-70.230000
-70.070000
-69.850000
-69.420000
-69.420000
-68.770000
-68.650000
-68.500000
-69.310000
-68.920000
-69.370000
-69.500000
-68.730000
-68.370000
-68.370000
-68.010000
-67.630000
-68.200000
-68.820000
-68.250000
-68.150000
-68.730000
-68.710000
-68.510000
-68.650000
-68.770000
-68.450000
-69.030000
-69.020000
-69.020000
-68.500000
-68.880000
-69.260000
-69.130000
-69.240000
-68.160000
-68.110000
-68.290000
-67.780000
-67.210000
-67.580000
-67.510000
-67.760000
-68.340000
-66.580000
-67.110000
-67.150000
-67.950000
-68.410000
-67.560000
-67.360000
-67.120000
-67.330000
-68.230000
-68.270000
-68.470000
-68.710000
-67.730000
-67.160000
-66.820000
-67.220000
-67.360000
-67.270000
-66.190000
-67.670000
-66.920000
-66.970000
-67.190000
-66.730000
-65.720000
-65.830000
-65.340000
-65.310000
-64.660000
-64.460000
-64.020000
-63.460000
-63.440000
-63.460000
-63.250000
-62.680000
-63.180000
-63.440000
-63.170000
-62.910000
-62.660000
-62.720000
-62.810000
-63.780000
-64.090000
-63.590000
-63.840000
-63.800000
-62.890000
-62.440000
-63.030000
-63.030000
-63.350000
-63.640000
-64.180000
-63.500000
-62.720000
-62.600000
-61.790000
-61.430000
-61.950000
-61.980000
-62.170000
-61.380000
-61.960000
-61.610000
-61.300000
-61.080000
-61.770000
-61.200000
-62.150000
-61.950000
-61.200000
-60.940000
-61.280000
-61.580000
-61.720000
-61.300000
-61.260000
-61.450000
-61.270000
-61.450000
-60.950000
-60.540000
-60.310000
-61.310000
-61.070000
-60.510000
-61.340000
-61.970000
-63.400000
-63.580000
-63.770000
-63.070000
-63.430000
-63.720000
-64.340000
-64.170000
-63.440000
-63.960000
-63.540000
-62.510000
-61.790000
-60.330000
-59.570000
-59.460000
-59.600000
-59.300000
-58.350000
-58.760000
-58.490000
-58.410000
-58.540000
-58.480000
-59.130000
-59.340000
-58.060000
-58.100000
-58.890000
-57.540000
-57.200000
-57.000000
-56.590000
-57.060000
-54.070000
-53.940000
-54.390000
-54.860000
-55.760000
-56.120000
-56.560000
-56.920000
-57.350000
-57.630000
-57.790000
-57.790000
-56.720000
-56.380000
-55.720000
-56.260000
-56.700000
-55.370000
-55.020000
-53.460000
-53.590000
-53.950000
-51.460000
-50.130000
-50.350000
-49.250000
-47.970000
-49.120000
-49.280000
-49.650000
-48.210000
-48.610000
-49.900000
-50.140000
-50.890000
-50.730000
-51.090000
-50.570000
-50.730000
-52.000000
-52.040000
-52.060000
-50.300000
-50.560000
-50.330000
-50.340000
-49.510000
-48.890000
-48.720000
-48.390000
-47.690000
-48.170000
-47.170000
-46.390000
-46.100000
-45.260000
-45.710000
-45.820000
-46.630000
-46.180000
-45.140000
-44.480000
-44.840000
-44.950000
-43.340000
-41.750000
-41.420000
-40.870000
-40.790000
-41.120000
-41.670000
-40.810000
-40.700000
-40.630000
-40.940000
-40.950000
-41.300000
-42.470000
-43.100000
-43.550000
-43.950000
-43.420000
-43.040000
-43.170000
-42.200000
-41.400000
-41.780000
-42.730000
-43.490000
-42.900000
-41.580000
-40.540000
-41.100000
-41.070000
-40.280000
-40.370000
-41.660000
-41.380000
-41.170000
-40.850000
-44.390000
-44.480000
-44.380000
-43.470000
-43.070000
-42.120000
-41.610000
-41.940000
-41.510000
-40.150000
-38.960000
-39.370000
-39.890000
-39.210000
-39.220000
-39.590000
-40.220000
-41.250000
-37.960000
-38.220000
-36.950000
-37.270000
-39.810000
-40.370000
-39.870000
-41.030000
-41.100000
-40.420000
-40.450000
-39.700000
-41.100000
-40.330000
-39.960000
-40.100000
-40.290000
-40.130000
-39.350000
-39.980000
-39.550000
-38.280000
-37.070000
-37.270000
-37.950000
-38.100000
-38.410000
-38.670000
-38.280000
-38.390000
-38.960000
-38.320000
-38.280000
-36.420000
-36.920000
-37.860000
-38.150000
-38.320000
-37.880000
-36.840000
-36.840000
-36.960000
-37.760000
-36.040000
-35.180000
-34.110000
-34.720000
-35.790000
-35.790000
-35.220000
-34.790000
-34.550000
-34.300000
-34.970000
-34.130000
-32.700000
-32.470000
-33.370000
-33.360000
-33.360000
-33.160000
-33.990000
-34.470000
-33.850000
-33.320000
-33.750000
-34.700000
-35.160000
-34.070000
-32.000000
-31.800000
-32.660000
-31.950000
-32.520000
-32.820000
-32.870000
-33.540000
-33.310000
-33.090000
-33.940000
-34.270000
-34.860000
-35.260000
-34.910000
-33.340000
-32.560000
-31.940000
-31.070000
-31.100000
-30.750000
-31.200000
-30.520000
-30.660000
-30.250000
-30.040000
-31.050000
-31.340000
-30.790000
-29.580000
-29.560000
-33.160000
-31.900000
-32.840000
-32.880000
-32.230000
-32.020000
-32.210000
-30.830000
-30.880000
-31.150000
-31.150000
-29.980000
-29.790000
-30.860000
-30.220000
-28.730000
-29.370000
-29.400000
-28.400000
-28.400000
-27.490000
-28.010000
-29.090000
-28.850000
-28.740000
-28.480000
-28.060000
-27.430000
-28.020000
-29.380000
-28.270000
-29.310000
-28.710000
-28.700000
-28.140000
-28.330000
-28.330000
-27.520000
-26.680000
-25.810000
-24.270000
-24.020000
-23.460000
-23.340000
-24.470000
-25.650000
-25.060000
-24.120000
-23.560000
-24.050000
-23.460000
-22.430000
-22.540000
-20.870000
-20.370000
-22.060000
-20.770000
-18.830000
-19.030000
-17.250000
-16.330000
-15.320000
-14.290000
-13.760000
-13.900000
-12.160000
-12.710000
-11.080000
-11.390000
-12.850000
-11.670000
-9.920000
-9.490000
-9.190000
-7.870000
-7.090000
-4.950000
-4.400000
-1.890000
-0.870000
0.800000
2.490000
4.120000
6.770000
6.700000
7.160000
7.230000
7.070000
8.280000
9.770000
11.940000
12.050000
11.440000
12.400000
13.810000
14.940000
16.360000
17.830000
17.910000
19.570000
20.070000
18.130000
17.660000
19.330000
19.420000
19.730000
19.610000
19.830000
21.090000
22.780000
24.390000
23.270000
23.590000
25.140000
25.710000
25.560000
26.800000
27.730000
27.860000
28.260000
28.070000
29.230000
30.370000
31.160000
30.480000
30.680000
30.880000
32.020000
33.830000
34.290000
32.820000
34.730000
34.430000
33.110000
34.030000
34.840000
35.150000
33.260000
33.430000
31.940000
31.020000
30.030000
30.450000
28.400000
29.490000
31.000000
32.770000
33.450000
32.600000
32.180000
32.830000
31.850000
33.000000
32.410000
32.950000
32.960000
32.710000
33.120000
35.000000
34.890000
35.660000
36.010000
33.770000
31.760000
30.670000
29.410000
29.210000
27.980000
27.700000
27.060000
26.640000
25.700000
26.060000
26.200000
24.680000
24.120000
22.440000
21.280000
18.930000
20.210000
19.480000
17.560000
17.080000
15.410000
15.520000
15.400000
14.870000
13.330000
11.670000
9.420000
8.900000
9.160000
10.810000
9.620000
9.570000
8.830000
6.780000
4.790000
5.280000
4.380000
3.650000
5.350000
5.150000
3.030000
4.390000
5.350000
6.600000
4.800000
3.740000
2.920000
1.510000
1.800000
3.050000
2.320000
2.790000
2.100000
2.990000
2.740000
2.250000
1.530000
0.800000
-0.900000
-0.060000
2.210000
2.030000
1.300000
1.790000
1.880000
1.290000
1.220000
2.760000
2.770000
1.700000
2.810000
2.550000
1.540000
0.920000
1.200000
1.680000
1.530000
1.120000
1.470000
0.330000
0.130000
-0.350000
-2.200000
-5.540000
-7.400000
-7.050000
-7.110000
-9.230000
-10.240000
