-63.000000
-73.000000
-63.333333
-67.000000
-63.800000
-70.000000
-78.714286
-80.750000
-75.111111
-78.700000
-84.545455
-83.916667
-79.153846
-82.428571
-81.933333
-77.562500
-75.176471
-72.000000
-74.157895
-74.900000
-75.714286
-76.409091
-77.869565
-80.041667
-82.520000
-83.692308
-83.666667
-83.285714
-83.931034
-85.300000
-85.580645
-85.437500
-85.545455
-84.529412
-84.628571
-85.666667
-84.513514
-84.131579
-83.589744
-82.775000
-82.634146
-83.333333
-83.069767
-81.727273
-81.400000
-81.695652
-81.808511
-80.979167
-81.346939
-80.860000
-81.274510
-81.653846
-82.584906
-82.388889
-82.563636
-83.089286
-83.280702
-83.810345
-83.830508
-83.300000
-82.770492
-82.661290
-82.507937
-83.000000
-82.723077
-82.090909
-82.626866
-82.485294
-81.942029
-81.628571
-82.042254
-82.513889
-82.547945
-82.581081
-82.240000
-81.736842
-81.649351
-82.166667
-81.708861
-81.687500
-82.098765
-82.451220
-82.530120
-82.880952
-82.470588
-82.802326
-83.126437
-83.045455
-83.359551
-84.033333
-84.527473
-84.173913
-84.483871
-84.478723
-84.736842
-85.000000
-85.298969
-85.204082
-84.616162
-84.920000
-85.070000
-85.020000
-85.720000
-85.880000
-86.180000
-86.150000
-85.590000
-85.630000
-86.100000
-86.030000
-85.310000
-85.150000
-85.870000
-85.560000
-85.670000
-86.580000
-87.410000
-88.130000
-87.910000
-88.340000
-88.270000
-88.270000
-88.380000
-88.130000
-87.390000
-87.230000
-87.060000
-87.190000
-86.560000
-86.420000
-85.440000
-85.940000
-85.930000
-86.260000
-85.130000
-84.940000
-85.510000
-85.100000
-85.110000
-85.720000
-85.810000
-84.950000
-84.780000
-85.820000
-85.500000
-85.070000
-85.350000
-85.850000
-85.420000
-85.940000
-85.860000
-86.270000
-85.110000
-85.650000
-85.780000
-85.130000
-84.950000
-84.750000
-85.010000
-85.230000
-85.330000
-85.810000
-85.400000
-85.430000
-84.820000
-85.700000
-84.810000
-84.830000
-85.530000
-86.130000
-85.510000
-85.670000
-85.340000
-85.300000
-85.550000
-85.810000
-85.840000
-85.160000
-85.370000
-85.360000
-85.330000
-84.410000
-84.820000
-84.270000
-84.510000
-84.230000
-83.900000
-84.390000
-84.030000
-83.540000
-82.750000
-82.860000
-82.620000
-83.090000
-82.740000
-82.370000
-82.370000
-82.630000
-83.170000
-82.680000
-82.820000
-82.950000
-83.160000
-82.910000
-83.000000
-82.540000
-82.180000
-82.310000
-82.350000
-82.320000
-82.270000
-82.810000
-82.960000
-82.850000
-82.550000
-81.790000
-81.480000
-81.530000
-82.040000
-81.410000
-81.880000
-81.460000
-81.240000
-81.100000
-80.990000
-81.110000
-81.450000
-81.920000
-82.660000
-82.850000
-83.890000
-83.170000
-82.630000
-82.800000
-83.820000
-84.130000
-83.820000
-83.970000
-83.840000
-83.770000
-83.550000
-83.850000
-83.800000
-83.190000
-83.160000
-83.350000
-83.110000
-82.960000
-83.260000
-82.890000
-83.080000
-82.400000
-83.410000
-82.850000
-82.820000
-83.070000
-83.310000
-83.020000
-82.750000
-82.330000
-82.810000
-82.680000
-83.290000
-82.380000
-82.590000
-82.050000
-82.420000
-82.870000
-82.350000
-82.270000
-81.970000
-81.690000
-81.600000
-81.530000
-81.760000
-82.450000
-82.370000
-82.480000
-82.650000
-82.370000
-82.450000
-83.400000
-83.250000
-83.700000
-83.710000
-83.900000
-83.650000
-83.610000
-83.870000
-83.770000
-83.610000
-84.190000
-84.180000
-83.930000
-84.190000
-84.760000
-84.350000
-83.320000
-83.330000
-83.290000
-83.490000
-84.020000
-82.840000
-83.540000
-83.240000
-83.950000
-84.270000
-84.050000
-84.420000
-84.310000
-84.040000
-83.810000
-83.220000
-83.270000
-83.640000
-83.910000
-84.470000
-84.170000
-83.400000
-83.950000
-83.520000
-83.980000
-84.030000
-83.980000
-84.200000
-83.850000
-83.570000
-82.680000
-82.700000
-82.290000
-81.730000
-81.780000
-81.900000
-81.610000
-82.260000
-82.330000
-81.900000
-81.760000
-82.620000
-82.420000
-83.140000
-83.320000
-83.590000
-83.660000
-84.130000
-83.680000
-83.560000
-83.390000
-82.910000
-83.210000
-83.500000
-83.860000
-83.620000
-83.850000
-83.410000
-83.630000
-83.400000
-83.620000
-83.720000
-84.080000
-83.380000
-82.920000
-82.700000
-83.250000
-84.400000
-84.280000
-83.510000
-83.340000
-83.840000
-83.550000
-84.030000
-83.790000
-84.470000
-84.880000
-84.950000
-84.390000
-84.100000
-84.500000
-84.980000
-85.190000
-84.990000
-84.240000
-84.480000
-84.310000
-84.050000
-83.900000
-84.510000
-84.200000
-84.220000
-83.440000
-83.150000
-82.370000
-82.240000
-82.000000
-81.880000
-81.410000
-81.480000
-82.380000
-82.170000
-82.590000
-82.410000
-82.390000
-82.150000
-81.520000
-81.600000
-81.490000
-82.120000
-81.950000
-81.750000
-81.090000
-81.740000
-81.460000
-81.630000
-81.730000
-81.810000
-81.480000
-80.310000
-80.590000
-80.710000
-79.670000
-79.610000
-79.800000
-79.770000
-79.130000
-78.950000
-79.050000
-78.880000
-79.750000
-79.480000
-78.870000
-79.130000
-79.450000
-78.820000
-78.340000
-78.010000
-76.870000
-77.760000
-77.850000
-77.210000
-77.780000
-76.120000
-75.990000
-75.900000
-76.360000
-76.520000
-77.290000
-76.930000
-77.490000
-77.500000
-77.130000
-76.540000
-76.770000
-75.840000
-75.790000
-76.150000
-76.210000
-76.210000
-75.880000
-75.800000
-75.980000
-76.420000
-76.880000
-76.910000
-76.640000
-76.390000
-77.090000
-77.760000
-78.240000
-77.430000
-77.950000
-77.910000
-78.150000
-77.790000
-77.690000
-77.290000
-77.460000
-77.950000
-77.630000
-77.130000
-77.330000
-77.490000
-77.690000
-76.800000
-77.140000
-77.110000
-76.920000
-76.380000
-76.480000
-76.480000
-77.040000
-78.120000
-79.130000
-78.920000
-78.490000
-78.740000
-78.000000
-78.150000
-78.200000
-78.570000
-78.180000
-77.360000
-75.910000
-77.030000
-77.500000
-77.190000
-77.030000
-75.480000
-75.520000
-75.180000
-76.270000
-76.260000
-75.980000
-76.310000
-76.180000
-76.330000
-77.020000
-78.050000
-77.100000
-76.770000
-77.180000
-77.290000
-77.240000
-76.700000
-76.530000
-76.590000
-76.400000
-76.750000
-76.400000
-75.810000
-76.190000
-76.270000
-76.020000
-77.040000
-77.630000
-77.580000
-77.570000
-77.320000
-77.980000
-78.590000
-77.910000
-78.500000
-78.270000
-78.730000
-77.620000
-77.620000
-76.760000
-77.390000
-77.350000
-77.960000
-78.330000
-78.110000
-76.970000
-77.860000
-77.760000
-77.960000
-77.710000
-77.490000
-77.800000
-77.590000
-76.980000
-77.050000
-76.080000
-76.210000
-76.370000
-76.530000
-76.090000
-75.980000
-75.410000
-75.120000
-73.940000
-74.420000
-73.530000
-73.510000
-72.510000
-72.570000
-71.770000
-71.660000
-71.340000
-71.780000
-71.350000
-70.850000
-71.140000
-71.750000
-70.560000
-71.170000
-71.320000
-71.840000
-71.740000
-72.040000
-72.550000
-72.540000
-71.160000
-71.740000
-71.820000
-71.230000
-71.280000
-71.100000
-71.230000
-70.900000
-70.910000
-70.950000
-71.800000
-71.900000
-72.090000
-72.300000
-72.390000
-73.250000
-72.870000
-73.170000
-71.830000
-71.440000
-70.730000
-71.060000
-71.370000
-69.780000
-68.650000
-68.580000
-69.650000
-69.940000
-70.000000
-70.210000
-69.250000
-69.430000
-70.480000
-70.560000
-70.580000
-70.390000
-69.660000
-70.310000
-70.080000
-69.240000
-69.310000
-68.460000
-68.400000
-67.600000
-67.930000
-67.690000
-67.180000
-66.740000
-67.470000
-68.220000
-68.490000
-67.360000
-68.010000
-68.080000
-69.380000
-68.830000
-68.840000
-68.370000
-68.100000
-67.950000
-67.810000
-67.590000
-66.870000
-66.480000
-66.640000
-66.790000
-66.680000
-66.280000
-66.650000
-66.420000
-67.020000
-66.030000
-66.090000
-65.180000
-65.730000
-66.050000
-66.050000
-67.030000
-67.120000
-66.510000
-66.290000
-65.740000
-65.680000
-65.220000
-66.050000
-65.640000
-66.410000
-65.220000
-65.620000
-66.300000
-65.710000
-65.380000
-65.730000
-64.970000
-64.800000
-63.800000
-63.830000
-63.940000
-63.350000
-63.670000
-64.290000
-63.940000
-64.620000
-65.260000
-65.900000
-66.010000
-65.030000
-65.310000
-65.590000
-66.250000
-66.300000
-66.560000
-65.900000
-66.420000
-65.730000
-66.200000
-66.750000
-66.340000
-66.910000
-66.770000
-67.580000
-66.590000
-66.220000
-67.470000
-68.080000
-67.380000
-67.470000
-67.900000
-68.340000
-67.710000
-67.860000
-67.130000
-65.730000
-66.090000
-66.130000
-66.570000
-66.900000
-66.730000
-66.890000
-67.730000
-68.070000
-68.560000
-69.100000
-69.980000
-70.160000
-69.500000
-69.460000
-69.490000
-68.780000
-68.060000
-68.100000
-69.000000
-68.690000
-68.550000
-67.640000
-68.250000
-67.410000
-67.820000
-67.950000
-68.590000
-68.670000
-69.070000
-69.760000
-68.900000
-69.160000
-68.860000
-68.740000
-68.600000
-68.740000
-69.120000
-68.830000
-70.100000
-70.460000
-71.060000
-70.580000
-70.560000
-70.110000
-69.560000
-70.100000
-70.360000
-71.340000
-72.230000
-72.940000
-73.400000
-71.830000
-72.890000
-72.440000
-73.360000
-73.200000
-73.140000
-73.780000
-73.720000
-74.260000
-74.500000
-73.970000
-74.210000
-73.490000
-73.090000
-73.960000
-73.490000
-73.650000
-73.660000
-71.890000
-71.720000
-72.090000
-72.250000
-73.310000
-73.210000
-72.430000
-72.720000
-72.140000
-71.880000
-72.300000
-71.840000
-72.380000
-72.410000
-71.420000
-71.930000
-72.030000
-71.910000
-72.880000
-73.080000
-72.550000
-71.620000
-71.940000
-72.520000
-71.850000
-71.050000
-71.090000
-70.370000
-71.110000
-71.320000
-71.500000
-71.550000
-71.590000
-70.730000
-71.220000
-70.390000
-70.790000
-70.940000
-70.320000
-70.210000
-69.670000
-69.390000
-69.740000
-70.890000
-71.330000
-70.470000
-69.960000
-70.510000
-70.950000
-70.530000
-71.330000
-70.800000
-71.070000
-70.690000
-71.160000
-69.880000
-69.400000
-68.150000
-68.680000
-68.540000
-68.300000
-69.740000
-68.880000
-68.900000
-69.630000
-69.790000
-70.350000
-69.310000
-70.190000
-69.750000
-69.210000
-68.810000
-67.890000
-68.590000
-69.230000
-68.650000
-68.450000
-68.840000
-68.590000
-68.400000
-67.890000
-67.800000
-69.220000
-68.540000
-67.830000
-67.640000
-66.870000
-66.140000
-66.300000
-65.550000
-65.700000
-66.110000
-66.920000
-67.490000
-67.850000
-67.120000
-66.070000
-65.470000
-65.450000
-65.190000
-67.260000
-67.280000
-66.900000
-66.050000
-65.900000
-65.960000
-66.350000
-65.820000
-66.630000
-66.400000
-65.790000
-66.240000
-65.220000
-64.840000
-65.380000
-65.240000
-65.730000
-66.480000
-65.790000
-65.960000
-65.740000
-66.550000
-60.810000
-60.600000
-61.170000
-61.690000
-61.690000
-62.520000
-62.410000
-63.180000
-63.900000
-63.180000
-62.560000
-63.070000
-62.470000
-63.030000
-61.910000
-61.820000
-61.190000
-61.630000
-61.070000
-59.990000
-59.890000
-58.490000
-58.220000
-57.980000
-57.900000
-57.630000
-56.140000
-56.700000
-55.610000
-55.960000
-55.540000
-55.950000
-55.020000
-56.170000
-56.630000
-57.720000
-58.120000
-57.750000
-58.270000
-57.530000
-58.260000
-58.850000
-57.870000
-57.700000
-57.500000
-58.050000
-56.440000
-55.820000
-55.380000
-54.320000
-55.430000
-54.530000
-54.400000
-55.740000
-55.340000
-54.910000
-54.920000
-54.220000
-54.400000
-54.150000
-53.430000
-53.690000
-54.470000
-54.050000
-53.860000
-53.550000
-53.570000
-53.740000
-53.410000
-53.010000
-53.110000
-52.970000
-52.890000
-53.360000
-54.010000
-54.160000
-54.490000
-54.880000
-54.570000
-54.480000
-54.870000
-55.680000
-55.340000
-55.120000
-55.240000
