-100.000000
-89.500000
-95.333333
-93.750000
-96.600000
-92.833333
-92.428571
-88.875000
-89.333333
-89.200000
-87.818182
-89.083333
-89.384615
-88.142857
-84.133333
-85.875000
-86.882353
-86.777778
-87.736842
-89.950000
-91.285714
-92.318182
-91.695652
-91.750000
-91.640000
-90.461538
-91.555556
-92.285714
-91.827586
-92.400000
-93.838710
-92.750000
-93.212121
-94.647059
-94.257143
-92.722222
-93.756757
-93.157895
-92.897436
-93.350000
-94.048780
-93.976190
-93.604651
-93.386364
-92.311111
-90.934783
-91.361702
-91.979167
-91.897959
-92.400000
-92.098039
-93.076923
-93.000000
-91.925926
-91.290909
-90.839286
-91.122807
-90.879310
-91.728814
-92.383333
-92.065574
-91.870968
-92.000000
-92.203125
-91.815385
-92.106061
-91.462687
-91.470588
-91.739130
-91.857143
-91.492958
-91.152778
-91.000000
-90.959459
-90.426667
-90.578947
-90.584416
-90.141026
-90.151899
-90.750000
-91.135802
-91.439024
-91.192771
-91.023810
-90.988235
-91.569767
-90.873563
-90.420455
-90.269663
-90.411111
-90.483516
-90.282609
-90.516129
-90.968085
-90.800000
-91.135417
-90.814433
-90.112245
-89.787879
-89.900000
-89.940000
-89.900000
-90.120000
-89.770000
-89.270000
-89.120000
-89.310000
-89.000000
-88.950000
-88.240000
-88.460000
-88.320000
-88.320000
-88.650000
-89.080000
-89.010000
-88.680000
-88.950000
-88.410000
-88.280000
-88.130000
-87.540000
-87.780000
-87.990000
-87.760000
-88.280000
-87.660000
-86.590000
-87.110000
-87.250000
-86.810000
-87.040000
-86.350000
-85.970000
-86.180000
-86.620000
-86.230000
-86.930000
-86.890000
-86.880000
-86.440000
-86.370000
-86.840000
-87.300000
-87.800000
-87.870000
-87.710000
-87.650000
-87.550000
-87.520000
-87.570000
-86.520000
-86.550000
-87.620000
-87.250000
-87.620000
-87.370000
-87.900000
-87.490000
-87.590000
-87.160000
-86.990000
-87.110000
-87.510000
-87.230000
-86.470000
-86.550000
-86.780000
-86.570000
-86.040000
-86.120000
-85.760000
-84.870000
-85.000000
-84.760000
-84.370000
-84.610000
-85.360000
-85.470000
-84.740000
-84.600000
-84.540000
-84.540000
-84.760000
-85.030000
-84.170000
-84.050000
-84.790000
-85.120000
-85.130000
-84.880000
-85.050000
-84.690000
-83.650000
-83.170000
-83.220000
-82.970000
-83.670000
-83.930000
-83.920000
-83.790000
-83.850000
-83.400000
-83.250000
-83.700000
-83.840000
-83.790000
-84.570000
-84.590000
-84.470000
-84.110000
-83.520000
-83.540000
-83.490000
-83.810000
-83.890000
-84.350000
-84.270000
-84.180000
-82.840000
-82.930000
-83.690000
-83.150000
-83.150000
-83.570000
-83.560000
-83.490000
-84.880000
-83.920000
-83.480000
-82.760000
-83.020000
-83.460000
-83.020000
-82.350000
-82.400000
-81.720000
-81.040000
-80.570000
-80.790000
-80.860000
-80.460000
-80.260000
-79.450000
-79.430000
-79.570000
-79.500000
-78.710000
-78.580000
-78.230000
-78.740000
-79.540000
-79.320000
-78.670000
-78.860000
-78.370000
-78.290000
-77.490000
-77.440000
-77.140000
-77.530000
-77.420000
-77.730000
-77.700000
-77.870000
-78.610000
-78.720000
-78.230000
-78.100000
-79.060000
-78.950000
-78.980000
-80.120000
-80.110000
-80.410000
-80.250000
-79.880000
-79.300000
-78.560000
-78.660000
-78.080000
-78.130000
-78.240000
-78.130000
-77.660000
-77.920000
-78.440000
-78.320000
-77.900000
-77.820000
-77.610000
-77.440000
-77.590000
-78.020000
-78.450000
-77.660000
-78.160000
-78.060000
-78.340000
-78.770000
-78.910000
-79.140000
-79.720000
-79.960000
-80.070000
-80.770000
-81.040000
-81.230000
-81.050000
-82.440000
-82.740000
-82.680000
-82.830000
-82.880000
-82.870000
-82.600000
-82.280000
-81.880000
-82.200000
-83.090000
-82.840000
-82.300000
-82.750000
-82.200000
-81.360000
-80.760000
-80.900000
-79.860000
-80.390000
-80.950000
-81.640000
-81.070000
-81.350000
-81.600000
-82.290000
-82.390000
-82.880000
-82.960000
-83.230000
-82.790000
-82.720000
-83.270000
-83.260000
-83.860000
-83.310000
-83.100000
-83.210000
-83.550000
-83.490000
-83.960000
-82.900000
-81.930000
-81.800000
-81.910000
-82.320000
-82.630000
-83.310000
-83.280000
-83.490000
-83.210000
-83.260000
-83.320000
-82.990000
-81.470000
-81.090000
-81.110000
-80.590000
-81.040000
-80.950000
-79.780000
-80.370000
-80.660000
-80.210000
-79.740000
-80.160000
-80.520000
-80.680000
-80.520000
-80.880000
-80.850000
-80.550000
-80.380000
-80.560000
-81.120000
-81.120000
-80.270000
-79.770000
-79.690000
-79.180000
-78.860000
-78.620000
-78.520000
-79.030000
-79.180000
-79.260000
-79.510000
-79.680000
-79.960000
-79.360000
-78.750000
-78.110000
-78.190000
-77.890000
-77.760000
-77.550000
-77.130000
-76.840000
-75.920000
-75.760000
-75.100000
-75.360000
-75.100000
-75.150000
-75.210000
-74.800000
-74.700000
-75.170000
-74.930000
-74.860000
-74.840000
-74.350000
-74.560000
-74.950000
-74.780000
-75.460000
-75.760000
-76.110000
-76.230000
-75.810000
-75.340000
-75.160000
-76.090000
-75.700000
-75.990000
-75.780000
-75.050000
-75.240000
-75.150000
-74.630000
-74.400000
-74.260000
-74.170000
-74.050000
-73.800000
-73.080000
-73.390000
-73.430000
-72.890000
-73.210000
-72.360000
-73.230000
-73.950000
-74.630000
-75.000000
-74.570000
-74.840000
-74.030000
-74.760000
-74.230000
-74.180000
-74.480000
-73.560000
-72.230000
-73.100000
-73.720000
-72.960000
-73.560000
-72.710000
-72.670000
-72.780000
-72.030000
-72.320000
-72.150000
-72.620000
-72.470000
-72.720000
-72.420000
-71.880000
-71.730000
-71.350000
-72.090000
-72.030000
-72.190000
-71.050000
-71.260000
-71.610000
-72.250000
-71.810000
-72.280000
-72.420000
-73.610000
-73.460000
-72.420000
-72.360000
-72.520000
-72.600000
-72.390000
-70.970000
-70.860000
-70.910000
-71.620000
-71.410000
-70.910000
-70.850000
-70.570000
-69.110000
-68.090000
-68.580000
-68.480000
-68.630000
-67.860000
-69.030000
-68.430000
-68.300000
-68.370000
-68.270000
-66.710000
-67.430000
-67.320000
-66.910000
-67.300000
-67.440000
-67.130000
-67.190000
-67.280000
-67.230000
-66.610000
-66.970000
-67.260000
-67.220000
-67.830000
-67.190000
-67.000000
-67.160000
-66.910000
-67.260000
-67.700000
-67.540000
-68.660000
-68.640000
-69.330000
-69.020000
-68.840000
-68.820000
-69.990000
-69.960000
-69.340000
-69.910000
-69.810000
-69.260000
-68.300000
-68.370000
-67.580000
-67.220000
-67.190000
-66.540000
-66.520000
-66.420000
-66.910000
-67.010000
-66.860000
-67.870000
-68.700000
-68.470000
-67.290000
-68.090000
-68.170000
-68.690000
-68.730000
-69.560000
-69.650000
-69.550000
-70.020000
-69.120000
-68.980000
-68.910000
-68.450000
-68.610000
-69.260000
-69.490000
-69.670000
-69.790000
-69.140000
-70.190000
-70.090000
-69.980000
-69.810000
-69.720000
-69.470000
-69.520000
-67.950000
-68.380000
-68.580000
-67.820000
-67.280000
-67.240000
-67.420000
-68.250000
-68.490000
-68.530000
-66.820000
-66.690000
-67.380000
-68.100000
-68.440000
-69.410000
-69.890000
-70.310000
-69.950000
-70.140000
-70.680000
-70.460000
-70.800000
-70.490000
-69.680000
-69.760000
-70.750000
-70.570000
-70.990000
-71.800000
-71.370000
-71.200000
-70.000000
-70.190000
-70.170000
-70.550000
-70.850000
-70.400000
-70.280000
-70.060000
-69.570000
-69.480000
-69.480000
-68.940000
-69.020000
-68.620000
-68.030000
-68.700000
-68.760000
-68.680000
-68.680000
-68.810000
-68.180000
-68.260000
-68.200000
-68.180000
-68.890000
-68.810000
-69.310000
-70.500000
-70.870000
-70.260000
-70.730000
-70.470000
-70.700000
-71.580000
-71.500000
-71.300000
-71.020000
-70.810000
-71.020000
-70.580000
-70.900000
-71.410000
-72.180000
-71.490000
-71.430000
-71.700000
-71.770000
-71.230000
-71.310000
-70.560000
-70.660000
-71.200000
-71.230000
-71.540000
-72.390000
-73.200000
-72.660000
-73.070000
-72.240000
-71.200000
-71.390000
-70.920000
-70.900000
-71.140000
-71.190000
-70.980000
-71.670000
-71.720000
-72.370000
-71.240000
-71.140000
-72.220000
-72.280000
-72.890000
-72.480000
-72.710000
-72.460000
-71.820000
-72.860000
-72.910000
-72.150000
-71.550000
-71.720000
-71.870000
-72.410000
-71.450000
-72.540000
-71.680000
-72.130000
-72.150000
-72.590000
-72.640000
-72.870000
-73.180000
-73.220000
-73.510000
-72.820000
-72.580000
-72.880000
-72.610000
-73.780000
-73.280000
-73.180000
-72.840000
-73.250000
-73.910000
-73.490000
-73.530000
-72.660000
-72.780000
-72.350000
-72.520000
-72.310000
-73.110000
-72.630000
-71.980000
-71.100000
-70.930000
-70.910000
-71.640000
-72.020000
-71.650000
-71.600000
-72.410000
-72.170000
-72.050000
-71.730000
-70.860000
-71.300000
-72.000000
-71.810000
-71.430000
-71.630000
-70.910000
-71.290000
-71.260000
-71.140000
-71.060000
-69.830000
-70.350000
-69.900000
-69.900000
-70.630000
-70.920000
-70.740000
-69.330000
-69.320000
-69.000000
-68.570000
-69.330000
-69.450000
-68.460000
-68.140000
-67.810000
-67.890000
-67.730000
-67.720000
-67.480000
-67.290000
-67.760000
-68.000000
-67.460000
-67.630000
-67.660000
-67.670000
-68.190000
-66.800000
-67.240000
-67.350000
-68.720000
-68.350000
-67.750000
-68.700000
-67.300000
-67.070000
-67.000000
-66.910000
-67.030000
-67.590000
-67.530000
-67.640000
-66.830000
-65.960000
-65.950000
-65.460000
-65.530000
-65.590000
-66.090000
-64.670000
-64.540000
-63.900000
-63.570000
-63.680000
-62.500000
-62.280000
-61.620000
-62.450000
-61.450000
-61.650000
-61.530000
-61.170000
-61.390000
-61.340000
-61.210000
-60.580000
-60.640000
-61.170000
-61.320000
-61.990000
-61.220000
-61.880000
-62.100000
-62.040000
-61.880000
-61.950000
-61.620000
-62.030000
-62.420000
-62.000000
-61.460000
-60.480000
-60.560000
-60.140000
-58.970000
-58.940000
-59.110000
-58.970000
-59.070000
-58.440000
-57.790000
-57.830000
-57.560000
-57.430000
-56.970000
-56.720000
-57.180000
-56.540000
-56.720000
-57.600000
-57.900000
-58.200000
-57.210000
-56.760000
-57.080000
-57.300000
-58.430000
-58.470000
-59.270000
-59.450000
-59.070000
-58.630000
-59.770000
-59.530000
-59.850000
-60.060000
-59.430000
-59.290000
-59.630000
-59.330000
-59.430000
-59.480000
-59.180000
-58.520000
-58.510000
-58.980000
-58.370000
-59.800000
-58.470000
-58.400000
-58.020000
-59.110000
-59.780000
-59.130000
-59.990000
-60.080000
-60.130000
-60.550000
-61.180000
-60.620000
-61.060000
-61.540000
-61.880000
-61.660000
-61.740000
-61.930000
-62.240000
-61.570000
-61.940000
-63.310000
-62.870000
-60.580000
-61.280000
-62.430000
-63.670000
-64.330000
-63.700000
-63.080000
-64.220000
-64.210000
-64.800000
-64.060000
-63.870000
-63.380000
-63.260000
-63.070000
-62.760000
-63.030000
-63.360000
-63.930000
-64.510000
-63.840000
-63.270000
-63.620000
-63.560000
-63.960000
-64.750000
-64.380000
-64.320000
-64.300000
-64.050000
-64.910000
-65.060000
-65.340000
-65.860000
-66.130000
-65.830000
-65.470000
-66.310000
-66.630000
-67.130000
-67.000000
-67.880000
-67.470000
-68.310000
-67.670000
-66.860000
-66.490000
-65.940000
-65.180000
-64.960000
-65.100000
-65.770000
-65.780000
-65.360000
-65.350000
-65.050000
-65.430000
-64.770000
-64.840000
-65.530000
-65.760000
-65.630000
-65.610000
-64.960000
-63.760000
-63.820000
-64.300000
-63.070000
-63.990000
-63.890000
-63.360000
-64.040000
-63.740000
-64.110000
-63.670000
-64.120000
-64.150000
-64.770000
-64.190000
-64.190000
-63.630000
-63.480000
-63.260000
-63.170000
-63.500000
-63.480000
-63.490000
-63.360000
