-57.000000
-65.000000
-70.666667
-70.750000
-80.600000
-83.833333
-77.285714
-69.625000
-73.000000
-77.700000
-76.181818
-75.166667
-77.307692
-79.000000
-79.800000
-78.812500
-78.647059
-78.111111
-77.210526
-76.750000
-75.857143
-77.045455
-78.217391
-75.500000
-77.800000
-78.653846
-80.407407
-81.571429
-80.000000
-79.933333
-79.451613
-80.468750
-80.606061
-79.617647
-79.742857
-79.805556
-81.567568
-81.210526
-79.769231
-78.700000
-77.926829
-78.738095
-77.860465
-77.022727
-78.488889
-77.673913
-78.574468
-78.708333
-78.183673
-77.600000
-77.000000
-76.442308
-76.773585
-76.666667
-76.145455
-75.696429
-76.333333
-76.017241
-75.067797
-74.216667
-73.803279
-73.983871
-73.571429
-73.421875
-72.984615
-72.348485
-71.716418
-71.617647
-71.521739
-69.200000
-68.845070
-69.500000
-69.438356
-69.513514
-70.000000
-69.973684
-69.675325
-69.230769
-69.810127
-69.275000
-69.074074
-69.134146
-68.939759
-68.571429
-68.647059
-69.197674
-69.057471
-68.715909
-68.696629
-68.688889
-69.516484
-68.750000
-69.258065
-70.031915
-69.800000
-70.572917
-71.051546
-71.500000
-70.747475
-70.980000
-70.500000
-71.190000
-71.250000
-71.010000
-71.230000
-71.270000
-71.650000
-71.570000
-71.990000
-72.140000
-72.180000
-72.700000
-72.420000
-72.160000
-72.400000
-73.180000
-73.580000
-73.280000
-73.830000
-74.570000
-75.420000
-75.820000
-76.200000
-77.180000
-77.280000
-77.700000
-77.870000
-77.900000
-78.650000
-79.030000
-79.490000
-79.800000
-80.380000
-81.340000
-81.610000
-81.900000
-81.560000
-81.990000
-82.850000
-83.590000
-84.230000
-84.220000
-84.920000
-85.620000
-85.300000
-86.000000
-86.220000
-86.800000
-87.700000
-88.370000
-89.060000
-89.740000
-90.220000
-90.620000
-91.570000
-92.170000
-92.160000
-92.690000
-93.920000
-95.110000
-96.040000
-96.620000
-97.570000
-98.360000
-99.330000
-100.440000
-99.780000
-100.290000
-100.750000
-103.090000
-104.080000
-104.350000
-104.810000
-105.170000
-105.220000
-105.610000
-106.250000
-107.330000
-107.610000
-108.550000
-109.130000
-109.260000
-109.830000
-110.270000
-110.370000
-110.320000
-111.180000
-111.910000
-112.310000
-112.740000
-112.500000
-113.300000
-113.250000
-112.940000
-113.570000
-113.100000
-113.090000
-113.050000
-114.240000
-114.410000
-115.750000
-115.200000
-115.140000
-115.490000
-115.160000
-115.280000
-115.630000
-116.660000
-116.340000
-116.100000
-116.190000
-116.140000
-116.820000
-117.500000
-117.780000
-117.180000
-116.840000
-117.270000
-116.930000
-116.330000
-116.330000
-116.070000
-115.810000
-115.740000
-115.420000
-115.130000
-114.560000
-114.560000
-114.610000
-114.490000
-114.000000
-113.550000
-112.940000
-112.520000
-112.230000
-111.940000
-111.650000
-111.360000
-111.070000
-111.120000
-110.800000
-110.400000
-110.500000
-110.820000
-111.140000
-111.460000
-111.470000
-111.080000
-110.190000
-110.070000
-109.520000
-109.400000
-109.020000
-108.410000
-108.140000
-107.690000
-107.740000
-107.790000
-107.520000
-106.760000
-106.520000
-106.520000
-106.520000
-106.440000
-105.630000
-105.360000
-106.750000
-106.250000
-106.010000
-105.290000
-104.410000
-103.420000
-103.180000
-103.220000
-102.980000
-102.460000
-102.500000
-101.620000
-100.740000
-99.960000
-99.520000
-99.440000
-99.380000
-99.990000
-99.690000
-99.730000
-98.920000
-98.590000
-97.640000
-97.080000
-96.770000
-97.020000
-96.820000
-96.690000
-96.470000
-96.280000
-95.910000
-95.950000
-95.680000
-95.050000
-94.660000
-94.830000
-94.900000
-94.750000
-94.450000
-94.180000
-93.560000
-93.120000
-92.930000
-92.690000
-93.100000
-92.880000
-92.000000
-91.720000
-90.950000
-91.290000
-91.020000
-90.990000
-91.060000
-90.810000
-90.530000
-90.260000
-89.990000
-89.820000
-89.600000
-89.260000
-89.270000
-89.150000
-88.680000
-88.330000
-88.870000
-88.480000
-88.750000
-88.330000
-88.660000
-89.000000
-89.220000
-89.190000
-89.520000
-89.400000
-89.480000
-89.800000
-89.460000
-88.920000
-88.260000
-87.700000
-87.310000
-87.160000
-87.780000
-87.900000
-87.560000
-87.560000
-87.680000
-88.220000
-88.100000
-88.590000
-88.320000
-87.850000
-87.560000
-87.280000
-87.260000
-86.320000
-85.350000
-85.160000
-85.710000
-84.830000
-84.670000
-84.900000
-84.920000
-85.080000
-85.010000
-85.470000
-85.390000
-84.700000
-84.870000
-85.360000
-85.360000
-85.960000
-86.320000
-87.050000
-87.250000
-87.620000
-87.370000
-87.090000
-87.430000
-87.260000
-87.510000
-87.210000
-87.980000
-88.320000
-88.590000
-88.700000
-88.830000
-88.620000
-88.190000
-88.310000
-88.680000
-87.920000
-88.180000
-88.850000
-88.740000
-88.190000
-87.890000
-87.610000
-87.690000
-88.060000
-88.360000
-88.730000
-88.100000
-88.120000
-88.130000
-88.030000
-88.520000
-88.410000
-88.900000
-88.530000
-88.440000
-88.630000
-88.890000
-89.470000
-89.190000
-89.190000
-89.340000
-89.510000
-89.660000
-89.740000
-89.660000
-89.510000
-89.090000
-89.290000
-89.170000
-89.670000
-89.260000
-89.440000
-88.980000
-88.610000
-87.960000
-88.330000
-87.660000
-87.510000
-87.460000
-87.490000
-87.770000
-88.030000
-88.340000
-88.560000
-88.210000
-88.360000
-88.240000
-87.870000
-88.750000
-88.500000
-88.380000
-88.130000
-88.130000
-88.130000
-88.010000
-87.800000
-88.010000
-88.780000
-88.660000
-88.960000
-89.540000
-88.870000
-88.750000
-89.370000
-89.290000
-89.560000
-89.710000
-89.710000
-89.710000
-89.960000
-90.320000
-90.340000
-90.190000
-89.940000
-89.250000
-89.180000
-88.760000
-88.750000
-88.370000
-88.370000
-88.470000
-88.480000
-88.750000
-88.810000
-88.430000
-88.980000
-89.130000
-89.220000
-89.220000
-88.560000
-88.410000
-88.680000
-89.380000
-89.370000
-89.360000
-89.510000
-89.510000
-88.850000
-88.790000
-88.910000
-88.710000
-88.870000
-88.490000
-87.720000
-87.420000
-86.930000
-87.520000
-87.230000
-86.620000
-86.320000
-86.440000
-86.190000
-85.890000
-86.260000
-86.840000
-86.350000
-85.690000
-85.600000
-85.210000
-84.810000
-84.320000
-84.020000
-83.640000
-83.260000
-83.630000
-83.220000
-84.110000
-83.770000
-83.400000
-82.980000
-82.970000
-82.630000
-82.330000
-82.420000
-82.520000
-82.390000
-82.100000
-82.060000
-81.990000
-81.480000
-80.810000
-80.210000
-79.980000
-79.600000
-79.570000
-79.080000
-78.590000
-78.350000
-77.680000
-77.790000
-77.450000
-77.240000
-76.830000
-76.590000
-76.490000
-76.200000
-75.670000
-75.590000
-75.100000
-75.210000
-74.360000
-74.380000
-73.530000
-73.390000
-73.190000
-72.720000
-72.280000
-71.960000
-72.060000
-71.440000
-70.720000
-70.870000
-70.540000
-69.940000
-70.230000
-69.820000
-69.520000
-68.390000
-68.090000
-67.370000
-66.670000
-66.200000
-65.590000
-65.090000
-65.150000
-65.260000
-64.480000
-64.250000
-63.840000
-63.940000
-63.240000
-62.390000
-61.980000
-61.280000
-60.680000
-60.690000
-59.880000
-59.950000
-59.870000
-59.450000
-59.680000
-59.680000
-59.380000
-59.080000
-58.780000
-58.420000
-58.270000
-58.340000
-57.980000
-57.680000
-56.710000
-56.590000
-55.930000
-55.430000
-54.580000
-54.630000
-55.090000
-54.440000
-54.270000
-53.970000
-53.610000
-53.070000
-53.080000
-52.840000
-51.470000
-51.180000
-50.690000
-50.330000
-48.690000
-48.560000
-48.080000
-48.120000
-48.310000
-48.100000
-48.160000
-47.680000
-48.100000
-47.920000
-47.370000
-47.010000
-47.120000
-46.760000
-46.540000
-46.440000
-45.970000
-45.860000
-45.500000
-45.500000
-45.210000
-44.500000
-43.990000
-43.780000
-43.750000
-43.230000
-42.750000
-43.300000
-43.210000
-42.320000
-42.280000
-41.940000
-42.140000
-42.180000
-42.630000
-42.430000
-42.030000
-41.840000
-41.430000
-41.070000
-40.930000
-40.590000
-40.830000
-40.590000
-40.220000
-40.220000
-39.660000
-39.180000
-39.180000
-39.790000
-39.410000
-39.520000
-39.900000
-39.650000
-39.290000
-39.300000
-39.400000
-38.800000
-38.730000
-38.500000
-38.310000
-38.270000
-38.270000
-38.270000
-38.070000
-38.070000
-38.030000
-37.800000
-37.680000
-37.310000
-36.720000
-37.100000
-36.950000
-36.950000
-36.950000
-37.440000
-38.100000
-38.750000
-38.220000
-37.740000
-37.780000
-38.010000
-38.160000
-37.640000
-37.920000
-37.760000
-37.760000
-37.370000
-36.860000
-36.640000
-36.940000
-36.940000
-37.440000
-37.740000
-37.260000
-37.360000
-37.760000
-37.650000
-37.260000
-37.220000
-38.730000
-38.730000
-38.990000
-38.590000
-38.260000
-37.850000
-37.490000
-36.700000
-36.200000
-35.890000
-35.980000
-35.970000
-35.930000
-35.930000
-35.490000
-35.070000
-35.470000
-35.280000
-35.280000
-35.190000
-35.330000
-35.330000
-35.630000
-35.470000
-35.010000
-34.970000
-35.010000
-34.980000
-35.120000
-35.270000
-35.010000
-34.750000
-35.310000
-35.340000
-34.750000
-34.810000
-35.220000
-34.830000
-34.880000
-35.300000
-35.350000
-35.240000
-34.890000
-34.610000
-34.530000
-34.830000
-34.820000
-34.250000
-34.550000
-33.480000
-34.280000
-34.340000
-34.380000
-33.470000
-33.890000
-33.950000
-33.910000
-33.530000
-33.950000
-33.610000
-33.540000
-33.370000
-33.790000
-34.030000
-32.860000
-33.160000
-32.970000
-32.610000
-32.220000
-32.250000
-31.210000
-31.050000
-30.650000
-30.170000
-30.130000
-29.780000
-29.280000
-28.550000
-28.970000
-29.270000
-29.200000
-28.850000
-28.910000
-29.360000
-29.090000
-28.740000
-28.810000
-28.840000
-28.630000
-28.890000
-28.490000
-28.810000
-28.200000
-28.250000
-27.570000
-27.590000
-27.550000
-27.690000
-27.630000
-27.690000
-27.390000
-27.010000
-26.920000
-27.340000
-27.490000
-27.630000
-27.780000
-27.940000
-27.770000
-27.630000
-26.380000
-26.400000
-26.000000
-26.390000
-26.170000
-26.170000
-25.740000
-25.520000
-25.430000
-26.110000
-25.890000
-25.050000
-24.920000
-25.020000
-24.790000
-25.030000
-24.960000
-24.110000
-22.760000
-22.880000
-22.790000
-22.460000
-21.560000
-21.380000
-21.920000
-21.320000
-20.530000
-20.300000
-19.510000
-19.130000
-18.660000
-18.700000
-18.230000
-18.460000
-18.210000
-17.880000
-18.280000
-18.430000
-18.410000
-19.210000
-18.960000
-18.250000
-17.710000
-17.730000
-17.060000
-16.920000
-16.380000
-15.400000
-15.140000
-15.110000
-14.530000
-14.200000
-14.170000
-13.390000
-14.590000
-13.220000
-13.040000
-13.640000
-13.690000
-14.360000
-14.820000
-14.610000
-14.500000
-14.590000
-14.460000
-14.240000
-14.490000
-14.290000
-13.540000
-12.900000
-12.750000
-12.520000
-12.120000
-11.430000
-11.540000
-11.250000
-11.030000
-11.380000
-11.730000
-11.880000
-11.620000
-11.080000
-10.510000
-11.080000
-11.050000
-10.540000
-10.320000
-10.110000
-9.770000
-9.420000
-9.020000
-8.790000
-8.380000
-8.210000
-7.720000
-7.770000
-7.650000
-7.730000
-7.690000
-7.550000
-8.420000
-8.820000
-8.250000
-7.560000
-7.400000
-7.270000
-6.580000
-6.510000
-6.750000
-5.510000
-5.990000
-6.440000
-6.240000
-6.640000
-6.620000
-5.930000
-6.370000
-6.320000
-5.980000
-5.840000
-5.580000
-6.210000
-6.590000
-6.310000
-3.380000
-3.950000
-4.150000
-4.100000
-4.560000
-3.550000
-3.550000
-3.490000
-3.150000
-2.120000
-2.130000
-2.330000
-2.440000
-2.680000
-0.490000
-0.020000
0.190000
0.270000
0.440000
0.620000
1.100000
1.740000
1.370000
0.490000
0.820000
0.530000
0.010000
0.100000
0.100000
-0.280000
0.330000
-1.120000
-1.560000
-0.850000
-0.940000
0.070000
