-115.000000
-71.000000
-59.666667
-72.500000
-86.000000
-87.000000
-90.857143
-88.625000
-83.666667
-82.500000
-83.000000
-85.666667
-85.000000
-79.428571
-79.466667
-80.812500
-83.823529
-84.111111
-83.315789
-86.050000
-85.619048
-85.818182
-86.869565
-88.166667
-88.040000
-89.115385
-88.592593
-88.250000
-88.896552
-89.333333
-88.612903
-88.875000
-89.212121
-88.705882
-89.771429
-88.500000
-87.513514
-86.605263
-86.897436
-87.225000
-88.048780
-87.690476
-86.744186
-87.113636
-86.822222
-83.500000
-83.170213
-83.479167
-84.122449
-84.440000
-84.078431
-84.269231
-84.207547
-84.759259
-85.109091
-84.696429
-85.228070
-84.982759
-84.694915
-83.600000
-84.114754
-84.548387
-84.698413
-84.984375
-84.615385
-85.030303
-85.761194
-85.529412
-85.318841
-85.742857
-85.408451
-86.166667
-86.493151
-86.513514
-86.066667
-84.723684
-84.662338
-84.333333
-84.531646
-84.200000
-84.382716
-84.500000
-84.240964
-84.297619
-83.858824
-84.337209
-84.264368
-83.840909
-83.876404
-84.400000
-84.967033
-85.163043
-85.354839
-84.691489
-84.957895
-84.625000
-84.536082
-84.418367
-84.080808
-83.980000
-83.980000
-85.180000
-85.520000
-84.520000
-84.020000
-84.490000
-84.230000
-84.760000
-85.040000
-85.600000
-85.310000
-84.940000
-84.900000
-85.940000
-85.980000
-84.780000
-84.460000
-84.860000
-84.360000
-84.130000
-84.770000
-85.230000
-84.850000
-84.240000
-84.270000
-84.220000
-84.100000
-83.950000
-84.180000
-83.940000
-84.570000
-84.710000
-84.810000
-85.410000
-85.000000
-85.670000
-85.870000
-85.840000
-85.630000
-86.070000
-85.740000
-85.850000
-86.080000
-86.200000
-85.970000
-87.340000
-87.500000
-86.900000
-85.910000
-85.180000
-85.750000
-86.220000
-86.210000
-85.250000
-83.850000
-84.300000
-83.960000
-83.910000
-84.570000
-85.690000
-84.950000
-84.570000
-84.830000
-84.670000
-84.240000
-84.330000
-83.610000
-84.050000
-84.370000
-83.500000
-83.770000
-82.980000
-82.570000
-82.150000
-81.570000
-82.090000
-81.800000
-82.160000
-81.040000
-80.740000
-80.220000
-80.320000
-80.700000
-81.250000
-81.800000
-81.850000
-82.340000
-82.860000
-82.370000
-82.210000
-81.520000
-81.310000
-81.280000
-81.790000
-81.700000
-82.230000
-82.110000
-82.520000
-82.750000
-83.120000
-82.110000
-81.290000
-81.150000
-82.240000
-82.280000
-81.220000
-81.060000
-80.370000
-80.800000
-80.180000
-80.630000
-80.180000
-79.900000
-79.230000
-79.700000
-80.320000
-80.120000
-79.400000
-80.170000
-79.920000
-78.390000
-77.530000
-77.240000
-77.630000
-77.960000
-77.890000
-77.980000
-77.990000
-77.310000
-77.550000
-77.490000
-76.650000
-76.320000
-74.960000
-75.000000
-74.280000
-74.440000
-74.460000
-73.810000
-73.380000
-73.490000
-73.860000
-73.460000
-72.820000
-73.350000
-73.480000
-73.620000
-74.240000
-75.200000
-75.640000
-74.450000
-73.760000
-73.990000
-74.850000
-75.760000
-75.240000
-74.770000
-74.720000
-74.390000
-73.690000
-73.810000
-73.360000
-73.160000
-73.500000
-73.510000
-72.850000
-73.140000
-73.010000
-73.190000
-73.550000
-73.780000
-73.730000
-73.920000
-73.900000
-74.900000
-75.200000
-75.470000
-75.230000
-76.510000
-76.470000
-76.840000
-76.280000
-76.040000
-75.380000
-75.040000
-74.750000
-73.770000
-73.490000
-74.120000
-74.390000
-73.790000
-73.900000
-73.570000
-73.640000
-73.790000
-73.500000
-73.990000
-73.630000
-73.570000
-73.610000
-74.820000
-74.980000
-74.570000
-73.950000
-73.690000
-74.380000
-74.280000
-74.700000
-74.600000
-74.750000
-73.600000
-74.180000
-74.450000
-75.130000
-74.080000
-74.210000
-73.800000
-73.940000
-73.320000
-73.420000
-74.650000
-74.920000
-75.080000
-74.930000
-74.380000
-73.990000
-73.800000
-74.050000
-73.230000
-73.330000
-73.390000
-74.240000
-74.310000
-74.850000
-75.120000
-75.140000
-74.530000
-74.620000
-75.510000
-75.070000
-74.850000
-74.130000
-74.270000
-73.760000
-73.600000
-73.230000
-73.390000
-72.270000
-72.020000
-72.670000
-72.990000
-72.430000
-72.210000
-72.300000
-73.070000
-72.990000
-73.120000
-73.170000
-72.300000
-71.630000
-71.850000
-71.980000
-71.340000
-71.360000
-71.930000
-71.630000
-71.530000
-70.860000
-70.700000
-70.310000
-70.340000
-70.140000
-70.210000
-70.240000
-69.730000
-69.030000
-69.120000
-69.650000
-68.880000
-69.480000
-69.140000
-69.790000
-69.020000
-68.570000
-68.100000
-67.090000
-68.270000
-68.340000
-67.760000
-67.350000
-67.260000
-67.060000
-67.490000
-68.000000
-67.510000
-67.020000
-66.880000
-67.220000
-66.220000
-66.330000
-65.820000
-65.760000
-66.590000
-66.920000
-66.710000
-66.350000
-65.500000
-64.960000
-64.560000
-64.790000
-65.380000
-65.590000
-65.790000
-65.610000
-65.970000
-66.020000
-66.840000
-67.270000
-67.840000
-68.200000
-68.150000
-67.680000
-67.930000
-68.330000
-68.610000
-67.460000
-66.910000
-66.890000
-68.230000
-67.760000
-66.870000
-66.580000
-66.140000
-66.390000
-65.710000
-66.630000
-66.880000
-67.310000
-65.990000
-66.130000
-66.200000
-66.210000
-66.550000
-67.370000
-66.940000
-67.020000
-67.040000
-67.870000
-66.780000
-66.730000
-66.160000
-66.730000
-66.090000
-64.730000
-63.800000
-63.710000
-63.790000
-64.060000
-65.010000
-65.420000
-64.700000
-65.050000
-65.740000
-65.380000
-65.260000
-66.120000
-65.410000
-65.130000
-64.370000
-65.010000
-64.310000
-64.680000
-64.510000
-64.690000
-65.370000
-66.190000
-65.680000
-65.360000
-65.750000
-64.900000
-65.510000
-65.070000
-65.600000
-66.260000
-65.680000
-66.800000
-64.970000
-63.850000
-64.750000
-64.410000
-65.470000
-65.560000
-65.240000
-64.680000
-63.870000
-64.230000
-63.630000
-62.160000
-63.600000
-62.630000
-62.880000
-63.130000
-61.910000
-61.380000
-62.110000
-62.870000
-63.760000
-62.930000
-63.480000
-63.460000
-62.970000
-62.490000
-62.910000
-63.020000
-62.960000
-63.500000
-61.710000
-61.350000
-60.090000
-59.050000
-58.390000
-57.980000
-57.830000
-57.630000
-57.020000
-58.670000
-58.830000
-58.820000
-58.150000
-58.550000
-58.610000
-58.970000
-59.620000
-60.030000
-60.640000
-60.010000
-59.870000
-59.970000
-60.950000
-61.170000
-61.270000
-60.430000
-60.890000
-59.640000
-59.570000
-59.900000
-60.050000
-60.000000
-61.180000
-60.200000
-60.610000
-60.440000
-60.530000
-62.070000
-61.750000
-62.020000
-61.830000
-61.140000
-60.700000
-60.970000
-61.520000
-61.870000
-61.810000
-61.960000
-61.860000
-60.490000
-60.280000
-61.570000
-61.780000
-61.220000
-61.550000
-61.960000
-62.140000
-61.900000
-60.530000
-60.640000
-58.130000
-57.420000
-56.980000
-56.630000
-55.400000
-55.360000
-54.830000
-53.690000
-55.520000
-55.240000
-56.270000
-56.150000
-56.100000
-54.550000
-54.620000
-54.790000
-55.130000
-55.210000
-56.780000
-57.010000
-57.740000
-59.030000
-57.790000
-57.140000
-56.920000
-57.120000
-58.010000
-58.410000
-58.330000
-57.270000
-57.180000
-58.610000
-57.870000
-57.560000
-58.130000
-57.380000
-56.750000
-56.800000
-56.990000
-55.870000
-56.400000
-56.830000
-58.050000
-58.050000
-57.890000
-57.910000
-57.520000
-57.940000
-58.950000
-58.310000
-58.920000
-58.770000
-59.070000
-58.800000
-59.530000
-59.770000
-59.300000
-58.970000
-59.040000
-58.110000
-57.600000
-57.610000
-58.260000
-58.520000
-58.250000
-59.210000
-59.130000
-59.320000
-58.580000
-58.370000
-58.060000
-58.170000
-57.870000
-58.250000
-58.450000
-58.670000
-58.490000
-57.180000
-58.070000
-58.460000
-58.390000
-59.260000
-59.330000
-59.360000
-59.520000
-59.100000
-58.120000
-57.880000
-57.080000
-58.400000
-59.670000
-57.920000
-57.530000
-56.910000
-56.270000
-56.080000
-55.380000
-55.710000
-56.330000
-56.600000
-58.930000
-59.350000
-58.650000
-59.090000
-59.850000
-59.910000
-60.270000
-61.530000
-61.430000
-61.690000
-61.190000
-62.800000
-61.440000
-61.850000
-60.800000
-60.920000
-60.520000
-60.790000
-60.470000
-59.980000
-59.870000
-59.860000
-60.670000
-61.270000
-60.620000
-60.810000
-61.130000
-61.400000
-61.010000
-60.530000
-59.740000
-59.900000
-60.250000
-60.310000
-60.500000
-61.220000
-60.600000
-60.500000
-60.040000
-61.050000
-61.830000
-60.390000
-60.680000
-61.320000
-60.960000
-61.430000
-60.770000
-60.010000
-59.470000
-59.910000
-60.030000
-60.740000
-60.570000
-60.030000
-58.470000
-57.820000
-57.800000
-57.740000
-58.000000
-58.310000
-59.860000
-58.620000
-58.320000
-56.890000
-57.140000
-56.920000
-55.660000
-57.010000
-58.320000
-58.320000
-58.740000
-58.090000
-57.200000
-57.100000
-57.600000
-57.930000
-59.010000
-60.110000
-59.230000
-59.080000
-58.790000
-57.640000
-57.680000
-56.920000
-55.890000
-56.190000
-55.980000
-55.200000
-56.880000
-55.790000
-55.690000
-55.740000
-56.740000
-57.520000
-57.690000
-56.610000
-55.880000
-56.400000
-56.970000
-55.800000
-56.690000
-57.110000
-58.900000
-58.570000
-59.280000
-59.340000
-60.410000
-60.650000
-59.370000
-59.110000
-59.930000
-60.230000
-61.520000
-62.360000
-62.070000
-61.320000
-61.930000
-61.540000
-61.190000
-62.020000
-61.880000
-61.090000
-60.040000
-60.960000
-62.160000
-61.690000
-61.320000
-60.910000
-61.390000
-62.610000
-62.630000
-62.850000
-63.340000
-63.220000
-63.480000
-64.350000
-65.690000
-65.850000
-66.330000
-66.100000
-66.310000
-67.750000
-67.500000
-67.700000
-67.820000
-68.200000
-69.570000
-68.680000
-68.990000
-68.820000
-67.480000
-67.310000
-67.660000
-67.300000
-67.650000
-67.980000
-67.500000
-67.610000
-67.300000
-66.980000
-65.770000
-66.870000
-66.630000
-67.900000
-67.710000
-68.410000
-69.720000
-69.820000
-68.740000
-68.710000
-68.430000
-69.420000
-71.080000
-71.580000
-70.680000
-69.450000
-69.400000
-68.290000
-69.160000
-69.700000
-69.410000
-70.230000
-70.680000
-72.210000
-73.930000
-74.100000
-75.410000
-76.720000
-76.460000
-76.130000
-75.320000
-76.780000
-76.830000
-76.340000
-77.110000
-78.700000
-80.590000
-80.760000
-80.190000
-80.970000
-81.060000
-79.770000
-79.500000
-80.860000
-80.520000
-80.860000
-80.640000
-79.650000
-80.920000
-81.520000
-81.480000
-81.450000
-81.670000
-81.170000
-80.820000
-81.890000
-81.910000
-82.290000
-82.170000
-80.670000
-81.150000
-80.770000
-82.560000
-82.820000
-82.830000
-82.730000
-83.130000
-83.840000
-83.840000
-83.900000
-85.540000
-84.320000
-83.010000
-82.730000
-82.670000
-82.200000
-81.880000
-81.890000
-81.200000
-81.850000
-82.340000
-82.290000
-82.490000
-82.760000
-84.190000
-84.590000
-85.010000
-86.660000
-86.710000
-86.700000
-88.180000
-88.290000
-88.550000
-89.510000
-90.950000
-91.000000
-92.360000
-92.470000
-92.790000
-94.450000
-95.670000
-95.850000
-96.080000
-96.350000
-96.810000
-97.130000
-96.910000
-96.890000
-98.450000
-99.020000
-99.040000
-98.960000
-98.590000
-97.240000
-98.350000
-98.230000
-97.600000
-98.730000
-98.890000
-98.370000
-100.120000
-100.040000
-99.990000
-99.380000
-99.040000
-98.990000
-99.030000
-98.830000
-98.680000
-100.150000
-101.060000
-101.100000
-101.050000
-102.150000
-102.180000
-101.820000
-101.310000
-100.490000
-100.730000
-101.170000
-101.200000
-102.900000
-102.690000
-102.490000
-102.090000
-102.410000
-101.810000
-102.360000
-102.210000
-102.230000
-102.710000
-101.900000
-101.680000
-102.420000
-103.910000
-103.660000
-102.920000
-102.430000
-102.200000
-103.920000
-103.730000
-104.580000
-102.910000
-102.100000
