-114.000000
-113.000000
-118.666667
-117.500000
-112.000000
-95.666667
-102.142857
-101.125000
-99.555556
-99.100000
-100.272727
-98.333333
-97.846154
-95.500000
-94.866667
-95.062500
-94.000000
-96.722222
-99.052632
-99.300000
-101.476190
-100.681818
-100.739130
-100.791667
-100.480000
-99.423077
-101.074074
-100.857143
-100.137931
-100.033333
-99.483871
-98.968750
-98.969697
-99.441176
-98.771429
-98.611111
-98.189189
-98.526316
-95.333333
-96.350000
-93.341463
-92.595238
-91.139535
-90.590909
-90.222222
-90.217391
-89.127660
-89.625000
-89.877551
-89.760000
-89.274510
-89.134615
-88.811321
-88.351852
-88.418182
-87.910714
-87.070175
-86.655172
-86.474576
-86.100000
-85.098361
-84.467742
-83.650794
-83.078125
-82.030769
-81.500000
-80.820896
-80.102941
-79.739130
-79.271429
-79.197183
-80.083333
-79.780822
-79.621622
-79.293333
-79.144737
-79.480519
-78.961538
-79.291139
-79.062500
-78.691358
-79.000000
-79.301205
-79.285714
-79.352941
-79.639535
-80.068966
-79.602273
-79.550562
-79.566667
-79.846154
-80.217391
-79.774194
-79.808511
-79.547368
-79.781250
-79.463918
-79.836735
-79.606061
-79.730000
-79.750000
-79.770000
-79.020000
-78.270000
-78.180000
-78.360000
-76.990000
-77.090000
-77.380000
-77.590000
-77.630000
-77.250000
-77.440000
-77.540000
-77.320000
-77.770000
-78.430000
-77.780000
-77.530000
-77.650000
-77.360000
-76.910000
-77.310000
-77.450000
-76.710000
-77.140000
-76.740000
-76.180000
-76.490000
-76.680000
-77.010000
-77.000000
-76.830000
-76.470000
-76.970000
-76.580000
-76.830000
-76.540000
-77.620000
-77.080000
-77.890000
-78.430000
-79.570000
-80.330000
-81.020000
-81.280000
-81.920000
-82.220000
-82.360000
-82.680000
-83.180000
-83.400000
-83.840000
-83.750000
-83.990000
-84.290000
-85.310000
-85.060000
-85.120000
-85.300000
-85.870000
-86.230000
-86.720000
-87.070000
-87.730000
-88.420000
-88.730000
-89.840000
-90.440000
-90.840000
-90.920000
-89.860000
-88.390000
-88.610000
-89.490000
-89.200000
-89.000000
-89.770000
-89.740000
-90.290000
-90.960000
-90.970000
-91.090000
-90.700000
-91.280000
-91.400000
-91.390000
-92.160000
-91.800000
-92.150000
-92.260000
-91.780000
-92.290000
-92.620000
-92.460000
-92.870000
-92.930000
-93.200000
-93.020000
-93.120000
-93.120000
-92.370000
-92.210000
-93.240000
-93.850000
-94.690000
-95.810000
-95.810000
-95.910000
-95.910000
-95.140000
-95.860000
-95.910000
-96.320000
-96.720000
-96.110000
-95.500000
-95.540000
-94.570000
-93.600000
-93.590000
-94.310000
-94.050000
-93.180000
-94.430000
-94.430000
-93.940000
-94.710000
-94.480000
-93.870000
-93.530000
-93.530000
-93.280000
-93.490000
-93.390000
-93.560000
-93.300000
-93.300000
-93.640000
-93.680000
-94.260000
-94.530000
-94.250000
-93.480000
-93.210000
-92.600000
-92.730000
-92.460000
-92.180000
-91.840000
-91.510000
-91.290000
-90.510000
-90.780000
-90.420000
-90.160000
-89.900000
-89.710000
-89.920000
-90.260000
-90.600000
-90.940000
-91.160000
-91.370000
-91.720000
-91.720000
-91.550000
-91.280000
-91.200000
-91.490000
-91.830000
-92.620000
-94.670000
-94.670000
-94.400000
-95.170000
-95.360000
-94.280000
-94.050000
-94.050000
-94.050000
-94.160000
-94.160000
-94.160000
-93.890000
-93.390000
-93.660000
-93.920000
-94.960000
-94.960000
-95.220000
-95.670000
-95.930000
-95.930000
-96.700000
-96.420000
-97.030000
-95.790000
-96.560000
-96.790000
-97.060000
-97.830000
-98.600000
-98.340000
-97.350000
-97.620000
-97.620000
-97.740000
-97.640000
-96.870000
-97.260000
-97.060000
-97.250000
-96.910000
-96.690000
-96.690000
-96.700000
-96.270000
-96.870000
-97.470000
-96.870000
-96.920000
-96.920000
-97.790000
-96.900000
-96.780000
-97.260000
-97.260000
-97.540000
-97.670000
-98.010000
-98.230000
-98.500000
-97.930000
-97.650000
-98.100000
-98.180000
-98.150000
-97.810000
-97.810000
-97.630000
-97.360000
-97.240000
-96.970000
-97.240000
-97.800000
-97.800000
-97.480000
-97.420000
-97.420000
-97.760000
-97.490000
-98.270000
-98.400000
-98.760000
-99.280000
-98.670000
-99.270000
-99.660000
-99.660000
-99.660000
-98.890000
-99.010000
-98.170000
-98.170000
-97.670000
-97.600000
-97.110000
-97.200000
-97.080000
-97.080000
-96.980000
-96.980000
-97.240000
-97.240000
-96.470000
-96.590000
-97.670000
-98.040000
-98.040000
-98.030000
-98.030000
-98.030000
-98.800000
-98.390000
-98.550000
-97.940000
-97.680000
-97.410000
-97.290000
-97.030000
-97.080000
-97.360000
-96.750000
-96.620000
-96.630000
-96.630000
-97.600000
-96.930000
-96.480000
-96.210000
-95.560000
-95.560000
-95.840000
-96.450000
-95.570000
-95.570000
-94.840000
-94.110000
-94.880000
-95.260000
-95.510000
-95.320000
-95.290000
-95.290000
-95.360000
-94.720000
-95.770000
-96.140000
-96.220000
-96.100000
-95.330000
-95.330000
-95.330000
-95.270000
-95.390000
-95.520000
-95.520000
-95.190000
-95.330000
-95.110000
-94.620000
-94.940000
-95.670000
-96.220000
-96.220000
-96.480000
-95.880000
-96.220000
-95.750000
-95.200000
-95.480000
-95.250000
-95.760000
-95.350000
-95.400000
-94.630000
-94.950000
-95.290000
-95.630000
-95.490000
-96.370000
-96.370000
-96.210000
-96.210000
-96.210000
-96.410000
-96.440000
-95.850000
-95.850000
-95.850000
-96.620000
-96.620000
-97.590000
-97.470000
-97.970000
-98.700000
-99.190000
-99.190000
-99.290000
-98.320000
-98.420000
-97.690000
-97.690000
-97.690000
-97.490000
-97.240000
-96.630000
-96.630000
-96.290000
-95.960000
-93.670000
-93.670000
-92.900000
-92.700000
-93.040000
-92.610000
-92.870000
-92.870000
-92.620000
-92.620000
-92.620000
-92.130000
-92.400000
-92.190000
-91.850000
-91.520000
-91.150000
-91.000000
-91.360000
-91.110000
-91.030000
-91.220000
-90.820000
-90.940000
-91.550000
-91.550000
-91.550000
-91.510000
-90.960000
-90.590000
-90.590000
-90.590000
-90.580000
-91.190000
-91.460000
-92.430000
-91.780000
-91.440000
-91.400000
-91.360000
-92.130000
-92.130000
-92.080000
-92.750000
-91.980000
-91.980000
-91.370000
-91.290000
-90.070000
-90.290000
-90.400000
-90.590000
-90.590000
-89.350000
-89.350000
-89.240000
-90.210000
-89.200000
-90.120000
-90.550000
-89.920000
-89.930000
-89.410000
-89.550000
-89.550000
-90.200000
-89.430000
-88.660000
-88.850000
-87.850000
-87.240000
-86.800000
-86.810000
-86.320000
-86.590000
-86.950000
-87.100000
-87.430000
-85.450000
-84.830000
-84.570000
-84.570000
-84.160000
-84.550000
-84.550000
-83.780000
-83.170000
-82.550000
-82.560000
-83.590000
-82.860000
-83.860000
-83.610000
-83.600000
-84.570000
-84.490000
-84.760000
-84.430000
-84.000000
-84.610000
-86.700000
-86.310000
-86.750000
-87.350000
-86.850000
-87.620000
-87.020000
-86.680000
-86.710000
-86.600000
-86.600000
-86.470000
-86.470000
-86.470000
-86.470000
-86.440000
-86.810000
-87.630000
-87.290000
-87.200000
-87.540000
-87.000000
-86.150000
-86.150000
-85.770000
-85.670000
-86.400000
-87.170000
-87.230000
-87.520000
-85.230000
-85.230000
-85.110000
-84.840000
-84.840000
-84.840000
-84.950000
-85.290000
-85.000000
-86.040000
-86.040000
-86.040000
-86.090000
-85.880000
-85.870000
-85.870000
-86.480000
-84.790000
-85.030000
-85.020000
-85.520000
-85.330000
-85.330000
-85.690000
-85.400000
-85.470000
-84.920000
-85.890000
-85.400000
-85.400000
-85.410000
-85.750000
-86.530000
-86.530000
-86.190000
-85.830000
-86.110000
-86.870000
-86.340000
-87.130000
-87.360000
-87.800000
-87.430000
-87.510000
-86.860000
-86.660000
-87.110000
-87.030000
-88.670000
-88.800000
-88.290000
-88.290000
-88.700000
-88.310000
-88.230000
-88.660000
-89.270000
-89.890000
-89.530000
-89.130000
-89.490000
-88.810000
-89.330000
-88.990000
-88.540000
-88.870000
-88.870000
-87.680000
-88.450000
-87.410000
-87.230000
-87.510000
-87.840000
-87.850000
-88.350000
-87.580000
-87.550000
-87.770000
-87.580000
-86.960000
-86.960000
-86.530000
-87.140000
-87.480000
-87.440000
-88.060000
-87.280000
-87.140000
-87.480000
-87.210000
-87.350000
-87.970000
-88.940000
-88.530000
-88.910000
-89.010000
-88.240000
-88.520000
-88.290000
-88.640000
-90.580000
-90.240000
-90.400000
-90.060000
-89.720000
-89.370000
-89.010000
-88.400000
-89.020000
-88.410000
-88.070000
-87.580000
-87.580000
-87.540000
-87.710000
-87.380000
-87.040000
-88.800000
-89.780000
-89.450000
-88.680000
-88.470000
-88.130000
-88.740000
-89.010000
-88.930000
-89.140000
-88.840000
-88.520000
-88.450000
-88.680000
-88.070000
-88.350000
-87.980000
-88.110000
-88.250000
-88.400000
-88.410000
-88.140000
-88.490000
-87.830000
-87.780000
-88.170000
-88.240000
-88.010000
-88.140000
-87.880000
-87.470000
-87.810000
-87.690000
-88.460000
-88.460000
-88.460000
-88.080000
-87.820000
-87.820000
-87.480000
-87.120000
-87.490000
-87.460000
-87.460000
-87.450000
-86.470000
-86.820000
-87.270000
-87.270000
-87.610000
-88.630000
-88.900000
-89.940000
-90.580000
-90.690000
-90.690000
-90.200000
-90.200000
-90.200000
-90.570000
-89.920000
-90.110000
-90.500000
-90.140000
-90.140000
-89.870000
-89.090000
-89.130000
-88.530000
-88.970000
-88.330000
-88.080000
-88.690000
-88.940000
-88.670000
-88.670000
-88.950000
-89.220000
-89.220000
-89.990000
-88.940000
-89.660000
-88.620000
-88.000000
-88.220000
-88.220000
-88.220000
-88.560000
-88.870000
-89.150000
-89.420000
-89.420000
-88.990000
-89.280000
-89.770000
-89.770000
-90.020000
-90.250000
-90.310000
-89.710000
-90.050000
-89.780000
-89.390000
-90.040000
-90.130000
-90.470000
-89.860000
-89.880000
-89.740000
-90.080000
-90.420000
-90.750000
-90.390000
-90.160000
-90.430000
-89.810000
-89.840000
-89.270000
-89.870000
-89.880000
-89.870000
-90.480000
-90.750000
-91.480000
-91.190000
-91.190000
-91.190000
-91.430000
-91.410000
-91.160000
-91.240000
-91.240000
-91.510000
-91.150000
-91.020000
-91.300000
-91.800000
-92.140000
-92.480000
-91.850000
-92.070000
-92.060000
-92.430000
-92.470000
-92.780000
-92.720000
-92.240000
-92.500000
-92.450000
-92.040000
-92.200000
-91.590000
-90.980000
-90.720000
-90.720000
-90.720000
-90.720000
-90.720000
-91.370000
-91.370000
-92.140000
-92.480000
-92.150000
-92.510000
-93.280000
-92.510000
-93.170000
-93.500000
-93.510000
-93.730000
-94.510000
-94.630000
-94.430000
-94.430000
-94.430000
-93.540000
-92.950000
-92.710000
-92.590000
-92.590000
-93.020000
-93.020000
-93.790000
-94.760000
-94.880000
-95.220000
-95.440000
-95.440000
-94.860000
-95.080000
-95.010000
-94.800000
-95.230000
-94.940000
-94.600000
-94.600000
-94.600000
-94.930000
-95.190000
-96.130000
-95.870000
-95.990000
-96.720000
-96.840000
-96.190000
-95.640000
-96.250000
-95.480000
-95.360000
-95.360000
-94.710000
-95.310000
-96.080000
-96.420000
-96.460000
-96.030000
-96.370000
-97.050000
-96.380000
-96.340000
-95.640000
-95.020000
-94.270000
-94.310000
-93.880000
-94.460000
-94.460000
-94.110000
-94.120000
-94.410000
-94.820000
-94.170000
-94.460000
-94.820000
-94.700000
-94.340000
-94.010000
-93.540000
-93.540000
-94.510000
-94.270000
-94.280000
-94.280000
-93.840000
-93.820000
-94.590000
-94.780000
-93.990000
-94.310000
-94.360000
-94.700000
-94.270000
-94.610000
-94.690000
-94.280000
-93.950000
-93.670000
-93.670000
-93.790000
-93.450000
-93.110000
-93.110000
-93.780000
-93.170000
-93.170000
-93.940000
-93.290000
-93.290000
-93.240000
-93.360000
-93.360000
-93.490000
