-94.000000
-112.500000
-111.333333
-112.500000
-108.000000
-97.333333
-97.285714
-93.125000
-89.555556
-93.100000
-89.636364
-83.833333
-75.615385
-72.285714
-72.600000
-72.250000
-72.588235
-73.166667
-71.842105
-73.350000
-73.857143
-75.727273
-77.260870
-79.083333
-78.440000
-79.846154
-78.296296
-78.142857
-77.827586
-77.733333
-79.096774
-78.125000
-78.787879
-77.558824
-77.000000
-76.472222
-76.405405
-75.789474
-76.179487
-75.875000
-76.146341
-76.476190
-76.023256
-75.704545
-74.955556
-75.586957
-76.404255
-76.562500
-76.326531
-76.260000
-76.039216
-76.173077
-76.320755
-76.740741
-76.309091
-76.089286
-77.245614
-77.189655
-77.372881
-77.183333
-77.901639
-77.403226
-77.793651
-77.453125
-78.369231
-77.590909
-78.149254
-78.014706
-78.260870
-78.114286
-78.577465
-79.055556
-78.301370
-78.756757
-78.293333
-77.947368
-77.415584
-77.217949
-77.683544
-78.512500
-79.185185
-78.987805
-78.265060
-77.952381
-78.152941
-78.581395
-79.356322
-79.488636
-78.764045
-79.133333
-79.087912
-78.956522
-79.634409
-79.457447
-80.115789
-80.041667
-80.092784
-80.346939
-79.838384
-80.190000
-79.530000
-79.050000
-78.410000
-78.100000
-78.350000
-78.150000
-77.930000
-77.620000
-77.580000
-77.450000
-78.020000
-78.400000
-79.310000
-79.640000
-79.690000
-79.290000
-79.180000
-79.080000
-79.200000
-78.880000
-78.620000
-78.040000
-77.400000
-77.590000
-78.120000
-77.370000
-77.800000
-78.210000
-78.330000
-78.310000
-78.120000
-78.330000
-77.900000
-78.550000
-78.890000
-78.660000
-79.340000
-79.620000
-79.590000
-79.550000
-79.190000
-78.660000
-78.700000
-78.890000
-78.290000
-77.710000
-76.780000
-76.400000
-76.590000
-76.850000
-76.930000
-77.200000
-75.960000
-75.580000
-75.730000
-75.800000
-75.370000
-75.310000
-75.010000
-74.700000
-74.070000
-73.930000
-73.660000
-73.760000
-73.030000
-73.530000
-73.800000
-73.320000
-72.590000
-72.020000
-72.120000
-71.160000
-71.600000
-71.640000
-72.010000
-72.240000
-73.280000
-73.160000
-72.100000
-71.540000
-70.890000
-70.760000
-71.350000
-71.510000
-71.720000
-71.170000
-70.510000
-70.200000
-71.100000
-70.870000
-71.050000
-70.880000
-70.620000
-69.850000
-69.260000
-69.790000
-69.400000
-69.580000
-70.710000
-69.750000
-70.040000
-69.080000
-69.620000
-68.960000
-68.000000
-68.960000
-69.370000
-69.740000
-70.050000
-69.500000
-69.540000
-70.130000
-69.530000
-69.420000
-69.000000
-70.040000
-70.530000
-70.140000
-70.550000
-70.550000
-70.580000
-71.440000
-72.400000
-72.430000
-71.670000
-72.040000
-72.390000
-72.660000
-71.610000
-71.630000
-72.040000
-72.700000
-73.290000
-73.740000
-73.600000
-74.410000
-74.420000
-74.710000
-74.830000
-75.390000
-75.200000
-76.250000
-75.960000
-76.580000
-78.190000
-78.660000
-79.880000
-80.840000
-81.160000
-80.380000
-80.970000
-81.030000
-82.860000
-83.670000
-84.430000
-85.150000
-85.590000
-85.970000
-86.800000
-87.460000
-88.340000
-89.170000
-89.850000
-90.610000
-91.400000
-91.740000
-91.480000
-92.430000
-93.640000
-94.960000
-95.180000
-96.440000
-97.180000
-96.500000
-97.110000
-97.470000
-96.740000
-97.660000
-99.010000
-99.560000
-100.040000
-100.700000
-101.350000
-102.110000
-102.110000
-102.670000
-103.300000
-104.130000
-104.510000
-105.050000
-105.550000
-106.480000
-106.750000
-108.250000
-108.850000
-109.010000
-109.980000
-110.180000
-110.190000
-111.420000
-112.300000
-113.860000
-114.230000
-115.330000
-116.300000
-116.530000
-116.530000
-116.990000
-117.530000
-118.390000
-118.660000
-118.910000
-120.260000
-121.180000
-122.140000
-122.260000
-122.350000
-123.310000
-123.730000
-124.460000
-125.290000
-125.290000
-125.300000
-125.030000
-125.990000
-126.670000
-126.940000
-126.950000
-128.620000
-128.980000
-128.990000
-129.070000
-129.340000
-129.030000
-129.410000
-129.680000
-129.410000
-129.740000
-130.160000
-130.420000
-131.520000
-131.530000
-132.370000
-132.100000
-132.100000
-132.600000
-132.600000
-132.340000
-132.440000
-133.590000
-133.530000
-133.790000
-133.720000
-133.750000
-133.740000
-133.730000
-133.730000
-134.100000
-134.150000
-134.570000
-134.540000
-134.820000
-134.830000
-134.840000
-134.770000
-135.090000
-135.090000
-135.360000
-135.290000
-135.290000
-135.120000
-135.090000
-135.100000
-136.050000
-135.920000
-136.210000
-136.690000
-136.700000
-136.700000
-136.700000
-136.700000
-136.970000
-136.960000
-136.940000
-137.220000
-137.500000
-137.520000
-137.380000
-137.380000
-137.240000
-137.260000
-137.270000
-137.200000
-137.100000
-136.830000
-136.840000
-136.840000
-136.570000
-136.560000
-136.570000
-136.550000
-136.550000
-136.620000
-136.760000
-137.030000
-137.030000
-137.300000
-137.500000
-137.480000
-137.410000
-137.410000
-137.350000
-137.370000
-137.370000
-137.440000
-137.450000
-137.460000
-137.520000
-137.450000
-137.180000
-136.900000
-136.720000
-136.440000
-136.440000
-136.510000
-136.490000
-136.490000
-136.490000
-136.490000
-136.810000
-136.810000
-136.540000
-136.270000
-136.540000
-136.810000
-136.540000
-136.540000
-136.540000
-136.550000
-136.560000
-136.570000
-136.600000
-136.870000
-136.970000
-136.800000
-136.800000
-136.790000
-137.060000
-137.240000
-137.310000
-137.480000
-137.500000
-137.570000
-137.550000
-137.550000
-137.490000
-137.490000
-137.490000
-137.460000
-137.460000
-137.460000
-137.450000
-137.440000
-137.170000
-137.240000
-137.240000
-137.510000
-137.510000
-137.580000
-137.310000
-137.480000
-137.240000
-137.240000
-136.970000
-136.840000
-136.870000
-137.140000
-136.870000
-136.600000
-136.600000
-136.600000
-136.330000
-136.070000
-135.810000
-135.800000
-135.800000
-135.780000
-135.650000
-135.380000
-135.520000
-135.230000
-135.210000
-135.280000
-135.450000
-135.720000
-135.720000
-135.710000
-135.980000
-135.980000
-135.980000
-135.980000
-135.710000
-135.440000
-135.170000
-134.900000
-134.630000
-134.630000
-134.690000
-134.720000
-134.520000
-133.170000
-132.970000
-132.950000
-132.680000
-132.360000
-132.080000
-132.240000
-132.310000
-132.380000
-132.380000
-132.640000
-132.550000
-132.810000
-132.810000
-132.540000
-132.540000
-132.540000
-132.540000
-132.530000
-131.840000
-131.840000
-131.420000
-131.690000
-131.420000
-131.420000
-131.690000
-131.960000
-131.950000
-131.630000
-131.620000
-131.610000
-131.580000
-131.310000
-131.480000
-131.380000
-131.110000
-131.110000
-130.840000
-130.830000
-130.830000
-130.560000
-130.280000
-130.280000
-130.010000
-130.010000
-130.080000
-130.070000
-130.070000
-130.070000
-130.070000
-130.070000
-129.140000
-129.140000
-129.410000
-129.410000
-129.410000
-129.140000
-128.870000
-128.870000
-128.450000
-128.450000
-128.450000
-127.840000
-127.510000
-127.170000
-126.560000
-125.950000
-125.610000
-125.270000
-124.660000
-124.320000
-123.980000
-123.640000
-123.600000
-122.990000
-122.370000
-121.760000
-121.420000
-121.080000
-120.470000
-120.130000
-119.530000
-118.600000
-117.990000
-117.380000
-116.770000
-116.370000
-116.370000
-116.370000
-116.370000
-116.370000
-116.640000
-116.910000
-117.180000
-117.450000
-117.720000
-117.720000
-117.730000
-117.730000
-118.000000
-119.350000
-119.620000
-119.300000
-119.570000
-119.880000
-120.150000
-120.150000
-120.150000
-119.880000
-120.150000
-120.160000
-120.430000
-120.440000
-120.710000
-120.980000
-120.980000
-120.980000
-120.980000
-120.990000
-121.680000
-121.670000
-122.330000
-122.330000
-122.600000
-122.030000
-121.130000
-120.860000
-120.870000
-121.190000
-121.200000
-121.210000
-121.210000
-121.470000
-121.470000
-121.730000
-122.000000
-122.010000
-122.280000
-122.270000
-122.270000
-122.540000
-122.810000
-122.810000
-123.080000
-123.080000
-123.080000
-123.090000
-123.090000
-123.080000
-123.080000
-123.080000
-124.000000
-124.000000
-123.730000
-123.730000
-123.110000
-123.030000
-123.130000
-123.130000
-123.470000
-122.970000
-122.890000
-123.490000
-123.470000
-124.080000
-124.690000
-125.270000
-125.260000
-125.520000
-125.660000
-125.920000
-126.260000
-126.700000
-127.010000
-127.590000
-128.200000
-128.810000
-129.420000
-130.030000
-130.640000
-131.240000
-131.850000
-132.770000
-132.360000
-132.940000
-133.200000
-133.380000
-132.720000
-131.670000
-130.430000
-130.220000
-129.870000
-128.850000
-128.850000
-128.850000
-128.840000
-128.840000
-126.530000
-124.130000
-124.130000
-124.130000
-123.010000
-122.980000
-122.630000
-122.290000
-121.940000
-121.600000
-121.250000
-121.170000
-120.820000
-120.470000
-120.240000
-119.890000
-119.540000
-119.190000
-118.840000
-118.490000
-118.140000
-117.600000
-117.370000
-116.910000
-116.940000
-116.470000
-116.470000
-116.570000
-117.260000
-117.300000
-116.950000
-116.600000
-116.250000
-115.900000
-115.670000
-115.460000
-115.240000
-114.900000
-114.550000
-114.320000
-113.970000
-113.630000
-113.280000
-112.930000
-112.580000
-112.230000
-111.880000
-111.650000
-111.620000
-111.590000
-111.560000
-111.300000
-110.670000
-110.320000
-109.220000
-108.990000
-109.040000
-108.820000
-109.090000
-109.210000
-109.150000
-108.800000
-108.800000
-108.950000
-109.070000
-108.850000
-109.120000
-108.770000
-108.420000
-108.100000
-108.370000
-108.370000
-108.440000
-108.440000
-108.480000
-108.420000
-107.690000
-107.490000
-107.060000
-106.830000
-106.480000
-106.250000
-105.900000
-105.680000
-104.570000
-104.360000
-105.150000
-104.830000
-104.830000
-104.710000
-105.140000
-105.840000
-106.860000
-106.840000
-106.960000
-107.750000
-107.400000
-107.050000
-106.660000
-106.310000
-108.270000
-110.320000
-109.920000
-109.570000
-110.290000
-110.290000
-110.290000
-110.290000
-110.290000
-110.410000
-110.530000
-110.660000
-110.660000
-110.780000
-110.540000
-110.490000
-110.440000
-110.440000
-110.320000
-110.320000
-110.030000
-110.220000
-110.100000
-110.220000
-109.920000
-109.640000
-109.290000
-109.410000
-109.270000
-109.270000
-109.390000
-109.510000
-109.510000
-109.510000
-109.270000
-109.140000
-108.780000
-108.910000
-108.910000
-108.790000
-108.790000
-108.790000
-108.790000
-108.790000
-108.740000
-108.740000
-108.690000
-108.570000
-108.250000
-107.930000
-107.130000
-107.050000
-107.330000
-107.330000
-108.090000
-107.920000
-107.010000
-106.830000
-106.830000
-106.710000
-106.590000
-106.590000
-106.720000
-106.720000
-106.600000
-106.480000
-106.480000
-106.480000
-106.480000
-106.480000
-106.480000
-106.480000
-106.480000
-106.480000
-106.250000
-106.040000
-106.330000
-106.210000
-106.170000
-105.820000
-105.820000
-105.700000
-105.700000
-105.580000
-106.340000
-106.210000
-106.090000
-106.090000
-106.090000
-106.090000
-105.970000
-105.970000
-105.840000
-105.280000
-105.270000
-105.150000
-105.150000
-105.150000
-105.200000
-105.200000
-105.080000
-105.080000
-105.130000
-105.130000
-105.180000
-105.170000
-105.170000
-105.170000
-105.170000
-105.050000
-104.700000
-104.570000
-104.570000
-104.150000
-104.270000
-104.440000
-104.490000
-104.370000
-104.490000
-104.500000
-104.880000
-103.760000
-103.760000
-103.880000
-103.830000
-104.350000
-104.350000
-104.470000
-104.240000
-104.120000
-103.880000
-103.760000
-103.760000
-103.760000
-103.760000
-103.760000
-103.990000
-103.860000
-103.860000
-103.860000
-103.860000
-103.860000
-103.860000
-103.840000
-103.960000
-104.040000
-104.270000
-104.070000
-104.070000
-104.070000
-104.220000
-104.220000
-103.440000
-103.440000
-103.440000
-103.490000
-104.150000
-104.200000
-104.200000
-104.200000
-104.200000
-104.200000
-104.070000
-104.070000
-104.080000
-104.170000
-103.990000
-104.060000
-104.060000
-104.060000
-104.060000
-104.060000
-104.110000
-104.110000
-104.220000
-104.310000
-104.400000
-104.400000
-104.520000
-104.750000
-104.750000
-104.750000
-104.750000
-104.750000
-104.750000
-104.750000
-104.750000
-104.750000
-104.750000
-104.750000
-104.750000
-104.750000
-104.750000
