-110.000000
-89.000000
-90.666667
-81.500000
-87.800000
-91.333333
-94.571429
-95.250000
-87.444444
-91.700000
-95.090909
-98.083333
-99.000000
-94.571429
-96.866667
-97.875000
-98.882353
-97.222222
-96.315789
-96.600000
-96.523810
-94.636364
-92.521739
-91.875000
-92.760000
-93.615385
-93.518519
-93.785714
-92.241379
-90.566667
-91.225806
-92.875000
-91.909091
-92.352941
-93.000000
-93.527778
-92.162162
-92.421053
-92.384615
-93.200000
-92.463415
-92.428571
-92.023256
-92.204545
-91.977778
-90.956522
-91.212766
-91.145833
-91.673469
-92.160000
-91.529412
-91.653846
-91.584906
-91.444444
-92.163636
-91.785714
-91.807018
-91.724138
-92.322034
-92.233333
-91.475410
-91.677419
-91.603175
-90.781250
-90.369231
-90.727273
-90.059701
-89.338235
-89.637681
-89.157143
-88.676056
-89.166667
-88.589041
-87.986486
-87.826667
-88.144737
-87.870130
-88.051282
-87.126582
-87.425000
-87.160494
-87.463415
-87.204819
-87.214286
-86.800000
-86.081395
-86.229885
-86.659091
-86.134831
-86.000000
-86.494505
-86.130435
-86.118280
-86.489362
-86.736842
-86.489583
-85.886598
-85.877551
-85.494949
-84.780000
-84.170000
-84.230000
-84.030000
-84.380000
-84.390000
-84.140000
-83.810000
-83.720000
-83.800000
-82.940000
-82.280000
-81.360000
-80.950000
-81.390000
-80.420000
-80.450000
-79.970000
-79.740000
-79.860000
-80.230000
-80.120000
-79.990000
-80.410000
-80.340000
-80.620000
-79.910000
-79.990000
-80.290000
-80.630000
-80.560000
-80.160000
-79.500000
-79.510000
-79.750000
-79.020000
-79.030000
-78.970000
-78.420000
-77.280000
-76.660000
-76.200000
-76.040000
-76.280000
-76.520000
-76.750000
-77.440000
-77.080000
-77.230000
-76.700000
-76.240000
-76.400000
-76.170000
-75.670000
-75.400000
-75.440000
-75.510000
-75.170000
-74.770000
-73.880000
-73.650000
-73.660000
-73.930000
-73.570000
-73.650000
-73.760000
-73.450000
-73.570000
-73.900000
-73.180000
-73.180000
-73.360000
-72.030000
-71.760000
-71.720000
-71.650000
-70.900000
-70.810000
-70.680000
-71.570000
-71.410000
-71.410000
-71.060000
-71.060000
-71.010000
-71.270000
-71.400000
-71.160000
-70.300000
-70.550000
-70.490000
-69.920000
-69.860000
-69.080000
-67.970000
-68.200000
-67.610000
-67.940000
-67.450000
-67.720000
-68.690000
-69.150000
-69.160000
-69.420000
-68.240000
-67.740000
-67.480000
-67.350000
-66.310000
-66.550000
-66.880000
-66.270000
-67.080000
-66.880000
-66.780000
-67.830000
-66.270000
-66.170000
-66.180000
-66.290000
-66.230000
-66.120000
-66.570000
-66.390000
-65.380000
-64.430000
-64.360000
-64.120000
-63.620000
-63.020000
-63.150000
-63.090000
-62.960000
-62.750000
-62.280000
-62.440000
-61.700000
-62.180000
-62.090000
-63.070000
-61.930000
-62.020000
-61.820000
-61.480000
-60.750000
-60.530000
-60.240000
-60.210000
-60.330000
-60.060000
-59.720000
-60.280000
-60.210000
-61.250000
-60.960000
-59.850000
-59.160000
-58.600000
-59.290000
-58.610000
-59.280000
-59.330000
-58.300000
-58.360000
-58.460000
-58.700000
-57.950000
-58.510000
-58.350000
-58.470000
-58.870000
-58.970000
-60.510000
-60.990000
-61.580000
-61.460000
-61.920000
-61.980000
-62.200000
-62.260000
-62.420000
-62.330000
-61.270000
-61.170000
-61.220000
-60.430000
-60.280000
-60.680000
-60.980000
-60.720000
-60.720000
-61.030000
-61.660000
-61.850000
-61.240000
-60.300000
-59.710000
-59.430000
-59.740000
-59.320000
-58.800000
-59.010000
-58.700000
-58.080000
-59.170000
-58.680000
-58.080000
-58.370000
-59.510000
-59.660000
-59.720000
-60.570000
-59.940000
-60.130000
-59.780000
-59.190000
-59.630000
-59.260000
-59.300000
-58.830000
-56.820000
-57.060000
-56.240000
-55.020000
-56.100000
-56.410000
-57.010000
-56.200000
-56.300000
-55.450000
-54.430000
-54.560000
-55.030000
-54.640000
-54.020000
-54.110000
-53.660000
-52.830000
-52.490000
-52.860000
-53.430000
-53.210000
-53.340000
-53.340000
-52.610000
-52.900000
-52.760000
-52.890000
-52.520000
-52.830000
-53.060000
-52.740000
-52.840000
-52.540000
-53.040000
-52.980000
-54.010000
-53.520000
-53.140000
-54.560000
-53.730000
-53.610000
-53.370000
-53.470000
-52.840000
-51.550000
-51.290000
-51.270000
-51.470000
-51.340000
-50.830000
-50.780000
-50.320000
-50.420000
-50.550000
-50.120000
-50.070000
-49.340000
-48.250000
-46.960000
-46.970000
-47.520000
-47.620000
-47.410000
-46.350000
-46.390000
-45.480000
-44.140000
-44.240000
-43.990000
-44.090000
-42.860000
-41.590000
-41.040000
-41.350000
-40.670000
-42.000000
-42.170000
-42.280000
-42.730000
-41.350000
-40.210000
-38.870000
-38.760000
-39.160000
-38.810000
-39.490000
-38.210000
-37.980000
-36.130000
-34.820000
-32.940000
-31.480000
-31.670000
-30.290000
-30.010000
-29.880000
-29.710000
-28.190000
-27.650000
-28.240000
-27.290000
-27.150000
-27.580000
-26.830000
-26.350000
-24.140000
-24.000000
-23.110000
-23.440000
-22.960000
-21.160000
-18.870000
-17.610000
-18.150000
-17.500000
-16.320000
-15.060000
-14.010000
-13.390000
-12.090000
-11.960000
-11.910000
-10.470000
-11.470000
-9.230000
-7.500000
-5.490000
-3.690000
-3.790000
-3.870000
-1.860000
-1.660000
0.480000
2.270000
2.640000
3.740000
3.260000
5.320000
7.100000
7.080000
8.600000
9.760000
9.850000
9.770000
10.590000
11.650000
13.460000
15.250000
14.840000
14.280000
15.950000
18.060000
20.080000
22.440000
23.370000
23.370000
24.520000
26.380000
27.430000
27.770000
30.020000
30.730000
30.300000
29.340000
30.390000
30.950000
32.000000
32.740000
33.540000
35.230000
36.290000
35.340000
35.950000
36.770000
35.700000
37.370000
38.770000
38.770000
38.770000
38.990000
40.030000
40.260000
41.770000
43.990000
44.810000
46.710000
48.290000
48.540000
46.870000
47.520000
45.730000
45.970000
47.860000
46.060000
47.130000
48.050000
46.850000
45.910000
45.040000
44.180000
43.670000
44.710000
45.190000
46.230000
45.370000
43.120000
41.870000
40.950000
41.050000
38.870000
36.740000
34.720000
33.710000
34.700000
33.940000
31.850000
30.020000
28.160000
27.810000
27.140000
26.260000
26.120000
24.440000
25.690000
23.420000
21.620000
21.070000
20.960000
22.870000
22.750000
22.320000
21.950000
20.100000
18.310000
17.620000
18.770000
17.780000
15.720000
16.080000
15.460000
15.470000
13.420000
12.990000
13.700000
11.800000
9.710000
8.010000
6.450000
6.800000
7.030000
5.440000
5.120000
2.750000
0.730000
-0.740000
-0.740000
-2.700000
-5.340000
-5.350000
-3.450000
-5.120000
-6.400000
-6.740000
-6.790000
-7.350000
-9.530000
-9.380000
-8.770000
-8.860000
-10.590000
-12.650000
-12.690000
-14.410000
-16.250000
-14.250000
-15.980000
-17.650000
-16.190000
-16.110000
-17.870000
-18.970000
-20.540000
-22.730000
-24.170000
-24.500000
-24.020000
-25.220000
-25.390000
-25.630000
-27.370000
-27.290000
-27.900000
-29.830000
-29.580000
-30.570000
-30.960000
-30.550000
-31.750000
-31.680000
-31.630000
-31.640000
-33.550000
-34.030000
-35.580000
-34.500000
-34.020000
-33.500000
-31.550000
-32.670000
-32.330000
-32.040000
-31.920000
-31.720000
-32.900000
-32.660000
-32.040000
-30.930000
-29.960000
-29.640000
-30.630000
-30.680000
-30.630000
-30.340000
-31.610000
-31.160000
-30.930000
-32.160000
-33.530000
-35.570000
-35.210000
-36.330000
-36.390000
-36.370000
-35.870000
-36.190000
-37.000000
-36.720000
-36.990000
-38.490000
-37.810000
-39.640000
-39.440000
-38.850000
-40.670000
-40.460000
-40.140000
-39.670000
-38.700000
-37.950000
-36.650000
-36.770000
-38.110000
-37.250000
-36.050000
-36.190000
-34.630000
-33.580000
-32.230000
-33.880000
-35.530000
-35.690000
-36.010000
-35.060000
-35.050000
-36.330000
-36.210000
-38.420000
-38.670000
-40.150000
-39.880000
-37.340000
-37.460000
-37.460000
-37.120000
-37.920000
-37.860000
-37.630000
-39.090000
-39.230000
-39.010000
-39.460000
-39.800000
-38.530000
-37.790000
-39.010000
-40.410000
-40.780000
-40.780000
-39.680000
-40.150000
-39.930000
-41.230000
-41.070000
-40.120000
-40.240000
-41.640000
-40.370000
-38.900000
-37.740000
-36.690000
-35.810000
-35.860000
-35.500000
-35.650000
-36.350000
-35.490000
-34.740000
-36.480000
-35.430000
-35.140000
-35.040000
-33.970000
-35.230000
-33.640000
-32.320000
-31.750000
-32.810000
-32.710000
-31.760000
-32.170000
-32.050000
-32.050000
-30.570000
-30.280000
-29.260000
-29.240000
-28.280000
-27.050000
-26.870000
-26.120000
-26.360000
-25.880000
-24.750000
-24.150000
-23.110000
-24.050000
-24.040000
-23.610000
-23.750000
-23.830000
-23.650000
-23.540000
-23.640000
-21.730000
-20.280000
-20.450000
-18.650000
-18.300000
-17.730000
-17.120000
-15.640000
-14.220000
-14.290000
-13.810000
-12.100000
-11.780000
-11.330000
-11.110000
-11.340000
-9.810000
-9.870000
-8.290000
-7.250000
-5.660000
-4.180000
-2.370000
-2.050000
-1.360000
0.430000
1.640000
1.050000
2.760000
4.470000
5.610000
5.960000
7.630000
9.540000
11.200000
12.810000
14.110000
15.910000
17.460000
18.010000
18.250000
19.860000
20.200000
20.870000
22.350000
22.690000
24.430000
25.680000
27.800000
29.440000
29.790000
31.100000
33.140000
33.950000
34.380000
35.410000
35.850000
36.170000
38.260000
37.660000
39.110000
39.390000
38.550000
37.710000
39.330000
39.670000
40.990000
41.670000
40.580000
41.860000
40.600000
40.590000
41.520000
43.080000
42.030000
40.910000
42.530000
42.750000
42.350000
42.130000
42.140000
41.030000
42.340000
42.920000
42.960000
44.460000
43.760000
45.540000
47.330000
47.670000
48.610000
49.160000
50.550000
52.360000
53.850000
55.840000
57.020000
58.220000
58.050000
59.340000
57.760000
56.060000
57.650000
57.260000
57.260000
56.270000
54.640000
53.600000
53.490000
53.000000
51.320000
51.440000
51.330000
51.810000
51.180000
52.610000
52.700000
53.080000
52.990000
53.010000
51.860000
52.220000
50.310000
51.820000
52.070000
51.570000
50.680000
48.760000
47.090000
46.970000
47.210000
47.600000
47.590000
46.880000
47.260000
46.110000
46.000000
44.350000
44.790000
44.800000
45.510000
45.090000
45.200000
45.340000
45.340000
45.450000
45.950000
45.960000
45.510000
46.210000
46.810000
45.530000
45.050000
45.050000
46.570000
46.090000
46.290000
46.500000
46.110000
46.920000
47.020000
48.180000
49.580000
51.460000
51.630000
50.820000
49.520000
50.560000
52.400000
52.920000
53.030000
51.860000
49.670000
49.310000
49.630000
50.060000
50.040000
49.620000
49.820000
48.780000
49.940000
50.220000
49.060000
47.820000
47.780000
46.500000
47.740000
48.000000
46.360000
46.610000
44.440000
42.750000
43.040000
41.580000
41.100000
40.510000
39.470000
38.280000
38.810000
37.120000
37.000000
36.900000
35.750000
34.500000
33.350000
34.350000
33.930000
34.970000
33.280000
35.240000
35.510000
33.990000
34.310000
34.060000
35.290000
33.590000
33.510000
33.620000
31.910000
31.470000
31.630000
29.830000
29.630000
28.400000
27.140000
25.640000
24.750000
24.420000
24.310000
24.910000
23.470000
21.580000
21.130000
20.210000
18.800000
18.810000
17.890000
