-50.000000
-79.500000
-70.666667
-75.500000
-79.600000
-78.166667
-73.714286
-74.625000
-73.111111
-75.000000
-80.000000
-84.250000
-86.307692
-87.214286
-90.066667
-89.312500
-90.705882
-91.055556
-91.105263
-92.850000
-92.857143
-92.636364
-93.391304
-92.250000
-90.960000
-91.384615
-87.074074
-86.392857
-87.551724
-86.500000
-85.387097
-86.093750
-85.666667
-84.764706
-85.400000
-84.611111
-85.270270
-86.500000
-86.948718
-87.375000
-86.853659
-86.928571
-87.511628
-86.931818
-87.044444
-87.565217
-87.723404
-87.062500
-87.979592
-88.520000
-88.137255
-89.000000
-88.264151
-88.759259
-88.654545
-88.285714
-88.578947
-89.172414
-89.610169
-89.316667
-89.868852
-89.709677
-89.428571
-88.437500
-88.661538
-88.742424
-88.522388
-88.882353
-88.565217
-88.928571
-89.154930
-88.486111
-88.493151
-88.027027
-87.840000
-88.421053
-88.454545
-88.256410
-88.000000
-87.712500
-88.259259
-88.634146
-88.783133
-88.428571
-88.117647
-88.034884
-87.804598
-88.068182
-87.910112
-88.166667
-88.637363
-89.010870
-88.677419
-89.138298
-88.757895
-89.031250
-88.876289
-88.622449
-88.454545
-88.610000
-89.090000
-89.440000
-89.920000
-89.970000
-89.910000
-89.710000
-89.910000
-90.250000
-90.620000
-90.150000
-89.660000
-88.070000
-88.050000
-88.270000
-87.630000
-88.280000
-88.370000
-88.510000
-88.700000
-88.570000
-88.650000
-89.160000
-88.950000
-88.760000
-89.310000
-89.730000
-91.030000
-91.390000
-91.060000
-91.040000
-91.080000
-91.160000
-91.250000
-91.830000
-91.400000
-91.950000
-91.950000
-91.580000
-90.690000
-90.060000
-89.960000
-90.560000
-90.510000
-90.890000
-90.600000
-90.470000
-89.710000
-89.890000
-89.450000
-89.150000
-89.580000
-89.040000
-89.950000
-89.910000
-89.890000
-89.960000
-89.830000
-89.800000
-89.390000
-89.800000
-89.500000
-89.570000
-89.420000
-89.750000
-89.680000
-89.590000
-89.730000
-89.690000
-89.630000
-89.240000
-89.300000
-90.200000
-90.460000
-91.070000
-91.460000
-90.600000
-90.780000
-90.570000
-90.730000
-90.910000
-89.810000
-89.510000
-89.620000
-90.370000
-90.640000
-90.200000
-90.300000
-89.810000
-89.950000
-89.470000
-89.270000
-89.080000
-88.290000
-87.570000
-87.820000
-87.590000
-87.380000
-87.740000
-87.650000
-86.920000
-86.920000
-86.520000
-86.030000
-85.930000
-86.460000
-87.190000
-87.470000
-87.750000
-87.540000
-87.760000
-87.970000
-89.020000
-88.710000
-88.870000
-88.650000
-88.620000
-88.330000
-88.590000
-87.740000
-87.180000
-87.160000
-86.370000
-85.960000
-86.490000
-86.130000
-85.810000
-85.850000
-85.570000
-85.370000
-85.530000
-85.960000
-85.110000
-84.890000
-84.180000
-83.980000
-83.330000
-82.410000
-81.820000
-82.350000
-82.120000
-82.430000
-81.680000
-81.080000
-80.680000
-81.050000
-81.390000
-82.420000
-82.300000
-82.500000
-82.500000
-82.270000
-82.490000
-81.310000
-80.450000
-80.540000
-80.820000
-80.670000
-80.110000
-80.000000
-79.240000
-78.890000
-78.970000
-79.200000
-80.030000
-79.780000
-79.720000
-80.120000
-79.860000
-80.220000
-80.400000
-79.850000
-79.290000
-78.920000
-78.570000
-78.290000
-79.150000
-78.800000
-79.250000
-79.110000
-78.550000
-78.820000
-78.400000
-77.760000
-77.570000
-76.990000
-77.180000
-77.430000
-77.220000
-77.040000
-76.520000
-75.710000
-75.760000
-76.520000
-77.360000
-77.490000
-77.180000
-77.610000
-77.390000
-77.540000
-78.240000
-78.260000
-77.690000
-77.760000
-78.060000
-77.120000
-76.510000
-76.390000
-75.700000
-75.490000
-75.100000
-74.920000
-75.580000
-76.220000
-75.270000
-75.760000
-75.230000
-74.260000
-73.300000
-73.670000
-73.800000
-73.670000
-73.580000
-73.520000
-72.920000
-73.010000
-72.460000
-71.030000
-70.740000
-70.810000
-71.150000
-71.300000
-71.490000
-71.630000
-72.020000
-71.950000
-71.690000
-71.900000
-72.440000
-72.380000
-73.120000
-72.490000
-72.730000
-72.840000
-73.010000
-72.850000
-71.900000
-71.150000
-71.130000
-71.100000
-71.370000
-71.290000
-70.720000
-70.850000
-71.200000
-70.790000
-70.050000
-69.410000
-69.270000
-69.490000
-69.520000
-69.040000
-68.780000
-68.710000
-68.130000
-68.000000
-68.110000
-67.290000
-66.840000
-66.340000
-66.110000
-66.360000
-66.810000
-66.780000
-66.990000
-66.350000
-66.430000
-66.570000
-66.740000
-66.440000
-67.610000
-67.420000
-67.590000
-67.660000
-66.980000
-67.140000
-67.580000
-67.190000
-67.180000
-67.410000
-68.030000
-68.350000
-67.900000
-68.460000
-68.500000
-68.160000
-68.280000
-67.700000
-67.260000
-67.720000
-67.600000
-67.920000
-67.810000
-68.260000
-67.490000
-67.720000
-67.660000
-67.990000
-68.180000
-68.550000
-69.390000
-69.240000
-68.510000
-67.050000
-67.390000
-67.050000
-66.980000
-68.070000
-68.050000
-67.410000
-67.280000
-67.250000
-67.740000
-67.080000
-67.040000
-67.010000
-67.390000
-68.230000
-68.550000
-69.120000
-68.360000
-68.050000
-67.860000
-67.600000
-67.440000
-67.320000
-68.240000
-68.620000
-68.130000
-68.090000
-68.290000
-68.980000
-68.630000
-68.930000
-68.630000
-68.560000
-68.580000
-68.690000
-68.620000
-67.340000
-66.460000
-66.050000
-66.190000
-65.800000
-64.990000
-65.820000
-66.040000
-67.020000
-67.980000
-67.420000
-67.150000
-68.290000
-68.170000
-68.000000
-67.480000
-67.900000
-67.580000
-67.220000
-67.740000
-68.360000
-67.790000
-66.930000
-65.110000
-65.310000
-64.790000
-66.010000
-65.180000
-65.340000
-65.400000
-64.590000
-63.590000
-63.820000
-63.590000
-63.520000
-63.950000
-64.770000
-65.200000
-64.530000
-65.570000
-65.310000
-65.270000
-65.610000
-65.640000
-64.740000
-62.850000
-62.830000
-63.510000
-63.360000
-63.580000
-63.040000
-63.290000
-62.550000
-63.090000
-62.160000
-62.620000
-62.810000
-62.540000
-62.730000
-62.460000
-61.460000
-61.100000
-61.080000
-61.310000
-61.220000
-61.340000
-61.040000
-61.400000
-60.430000
-60.310000
-60.860000
-61.720000
-61.130000
-61.130000
-62.020000
-62.420000
-62.340000
-62.810000
-62.840000
-62.620000
-61.300000
-61.560000
-61.930000
-62.310000
-62.010000
-61.630000
-61.260000
-60.960000
-60.770000
-61.270000
-60.340000
-59.650000
-58.900000
-58.010000
-56.570000
-57.040000
-56.740000
-57.170000
-57.380000
-57.080000
-56.970000
-57.370000
-57.290000
-56.390000
-56.180000
-57.200000
-56.450000
-56.020000
-55.680000
-54.620000
-55.450000
-54.970000
-53.880000
-54.460000
-55.360000
-56.490000
-55.920000
-55.820000
-56.030000
-55.970000
-55.880000
-55.680000
-56.110000
-56.930000
-56.900000
-57.840000
-56.990000
-57.100000
-56.740000
-56.050000
-57.710000
-57.350000
-56.790000
-57.060000
-57.340000
-56.730000
-56.110000
-55.230000
-54.910000
-54.680000
-54.830000
-54.710000
-54.360000
-54.420000
-55.090000
-55.890000
-56.760000
-56.110000
-56.820000
-57.690000
-56.860000
-55.500000
-56.350000
-55.930000
-56.390000
-55.690000
-55.680000
-56.810000
-55.220000
-55.240000
-55.490000
-55.970000
-56.460000
-56.470000
-57.610000
-57.310000
-57.300000
-57.340000
-58.090000
-58.690000
-58.130000
-57.900000
-57.880000
-57.810000
-58.160000
-57.680000
-56.910000
-55.670000
-56.030000
-55.550000
-55.320000
-56.200000
-55.670000
-54.730000
-55.240000
-55.550000
-55.760000
-55.500000
-55.510000
-55.930000
-56.820000
-57.100000
-57.580000
-58.470000
-59.030000
-58.190000
-58.730000
-58.380000
-58.370000
-59.030000
-59.860000
-58.990000
-59.350000
-59.980000
-61.360000
-61.660000
-61.980000
-63.370000
-63.320000
-64.040000
-64.070000
-64.180000
-64.110000
-63.540000
-62.300000
-61.960000
-62.260000
-62.360000
-63.520000
-63.430000
-63.580000
-64.090000
-64.280000
-63.730000
-64.150000
-63.820000
-64.660000
-65.410000
-65.370000
-65.740000
-65.260000
-65.550000
-66.700000
-67.220000
-66.830000
-67.250000
-65.960000
-65.200000
-66.230000
-65.840000
-65.730000
-64.790000
-63.820000
-62.920000
-62.120000
-60.740000
-59.610000
-59.950000
-59.310000
-58.880000
-58.610000
-58.900000
-58.320000
-58.550000
-58.660000
-59.680000
-59.240000
-58.810000
-58.300000
-57.280000
-56.880000
-56.790000
-56.740000
-56.550000
-56.220000
-57.090000
-57.590000
-57.810000
-57.560000
-57.370000
-57.720000
-57.300000
-58.340000
-58.170000
-57.740000
-58.930000
-59.010000
-60.190000
-60.560000
-61.640000
-62.650000
-62.440000
-62.450000
-63.810000
-63.760000
-63.180000
-62.850000
-63.100000
-63.780000
-63.450000
-64.360000
-63.290000
-63.310000
-62.980000
-64.230000
-63.990000
-63.930000
-63.970000
-64.430000
-64.650000
-64.400000
-64.530000
-63.490000
-63.580000
-63.120000
-62.690000
-62.910000
-62.600000
-63.040000
-61.570000
-61.470000
-62.820000
-63.510000
-64.120000
-65.050000
-63.580000
-63.530000
-63.460000
-62.430000
-62.730000
-62.730000
-61.820000
-62.360000
-63.430000
-63.280000
-61.950000
-61.290000
-59.640000
-59.680000
-58.450000
-58.720000
-59.460000
-59.360000
-59.270000
-58.980000
-58.710000
-60.680000
-61.990000
-61.080000
-61.420000
-60.350000
-60.250000
-60.380000
-61.650000
-62.020000
-63.800000
-64.540000
-64.550000
-65.360000
-64.130000
-65.640000
-65.570000
-65.480000
-65.760000
-65.780000
-65.300000
-66.060000
-64.950000
-66.510000
-67.890000
-69.220000
-69.060000
-68.630000
-68.920000
-69.010000
-68.670000
-69.000000
-67.580000
-67.680000
-67.580000
-67.010000
-66.440000
-66.290000
-66.110000
-66.860000
-65.960000
-65.760000
-64.730000
-63.950000
-63.790000
-63.920000
-63.720000
-64.180000
-64.100000
-64.940000
-66.240000
-67.290000
-66.560000
-66.220000
-66.230000
-65.890000
-67.490000
-66.450000
-66.220000
-65.900000
-66.960000
-67.120000
-67.870000
-66.630000
-66.670000
-67.110000
-68.240000
-69.400000
-70.150000
-70.660000
-71.090000
-70.660000
-70.070000
-69.190000
-70.650000
-70.610000
-69.790000
-70.130000
-69.180000
-68.380000
-69.790000
-69.520000
-69.410000
-68.610000
-68.820000
-68.820000
-70.330000
-70.250000
-70.300000
-70.050000
-71.610000
-72.310000
-73.640000
-74.070000
-74.650000
-73.610000
-73.600000
-72.660000
-70.750000
-70.750000
-70.300000
-70.060000
-69.890000
-71.230000
-71.020000
-72.220000
-73.800000
-74.300000
-73.880000
-74.480000
-74.840000
-74.920000
-73.450000
-73.450000
-74.170000
-72.590000
-73.240000
-73.590000
-73.610000
-73.730000
-72.810000
-72.720000
-72.910000
-73.110000
-72.570000
-72.910000
-71.910000
-72.280000
-71.920000
-71.530000
-71.530000
-70.810000
-71.920000
-72.430000
-72.960000
-73.840000
-75.070000
-73.930000
-74.280000
-73.040000
-73.480000
-74.530000
-73.560000
-73.800000
-73.900000
-73.950000
-74.050000
-74.020000
-74.000000
-73.220000
-73.080000
-72.680000
-73.780000
-74.280000
-74.690000
-74.690000
-74.640000
-75.930000
-76.960000
-76.740000
-75.700000
-75.780000
-75.940000
-75.810000
-75.770000
-76.020000
-75.830000
-74.900000
-74.880000
-74.850000
-75.090000
-75.760000
-75.190000
-75.860000
-75.940000
-76.040000
-76.940000
-77.260000
-78.340000
-79.420000
-79.440000
-80.040000
-80.830000
-82.610000
-82.240000
-81.770000
-82.160000
-82.560000
-82.800000
-82.710000
-82.330000
-81.690000
-81.790000
-81.690000
-82.590000
-83.920000
-83.930000
-85.270000
-87.500000
-88.850000
-90.280000
-90.600000
-90.990000
-90.770000
-91.260000
-91.840000
-91.840000
-92.400000
-92.670000
-92.780000
-92.830000
-92.920000
-93.910000
-93.620000
-94.280000
-95.900000
-96.180000
