-69.000000
-83.000000
-82.333333
-82.750000
-88.600000
-86.833333
-83.714286
-87.250000
-72.777778
-76.000000
-75.818182
-76.833333
-77.153846
-76.714286
-78.333333
-79.937500
-83.058824
-84.500000
-84.631579
-85.850000
-85.428571
-85.454545
-86.260870
-84.958333
-86.200000
-86.346154
-87.481481
-88.357143
-89.103448
-88.133333
-88.580645
-88.937500
-86.030303
-85.441176
-85.685714
-86.194444
-84.702703
-84.631579
-84.820513
-84.300000
-83.414634
-83.357143
-84.744186
-85.386364
-85.377778
-85.891304
-85.851064
-86.437500
-87.000000
-84.840000
-85.098039
-85.288462
-84.792453
-84.481481
-84.545455
-84.785714
-84.842105
-84.724138
-83.864407
-84.550000
-84.967213
-85.403226
-84.317460
-83.921875
-84.230769
-83.818182
-83.253731
-82.588235
-82.449275
-82.385714
-82.126761
-82.013889
-82.479452
-82.405405
-82.280000
-81.315789
-81.246753
-81.115385
-81.025316
-80.962500
-81.271605
-81.634146
-81.566265
-81.714286
-82.070588
-81.395349
-81.781609
-82.102273
-82.584270
-83.011111
-82.318681
-82.923913
-83.043011
-82.659574
-81.768421
-81.260417
-80.865979
-81.163265
-81.252525
-80.690000
-81.260000
-81.410000
-81.090000
-80.960000
-80.950000
-80.640000
-81.310000
-80.740000
-82.170000
-81.680000
-81.430000
-80.730000
-80.440000
-80.400000
-80.020000
-80.080000
-80.020000
-79.980000
-79.930000
-79.370000
-79.360000
-79.120000
-78.800000
-78.630000
-77.620000
-77.670000
-77.610000
-77.420000
-77.750000
-78.130000
-76.840000
-77.270000
-78.770000
-79.540000
-79.420000
-79.120000
-80.030000
-80.210000
-80.280000
-80.360000
-80.550000
-80.620000
-80.290000
-80.160000
-79.500000
-79.040000
-79.040000
-78.580000
-78.480000
-78.580000
-78.760000
-78.430000
-78.420000
-78.740000
-78.560000
-78.360000
-78.540000
-78.370000
-78.580000
-77.630000
-77.580000
-77.610000
-78.460000
-78.970000
-77.990000
-78.570000
-79.540000
-79.760000
-80.030000
-79.500000
-79.200000
-79.510000
-79.340000
-79.590000
-79.250000
-79.930000
-79.460000
-78.520000
-79.100000
-79.050000
-78.170000
-77.050000
-76.790000
-75.850000
-74.840000
-75.400000
-74.420000
-73.930000
-72.140000
-71.290000
-71.590000
-70.380000
-69.430000
-69.360000
-70.730000
-71.560000
-72.330000
-71.930000
-72.160000
-72.930000
-72.500000
-72.310000
-72.650000
-72.210000
-71.660000
-71.650000
-71.320000
-71.200000
-70.970000
-71.220000
-70.900000
-71.270000
-71.660000
-71.260000
-71.310000
-71.200000
-70.180000
-70.550000
-70.360000
-70.980000
-70.300000
-70.490000
-69.970000
-70.250000
-70.630000
-70.000000
-69.180000
-68.490000
-67.570000
-66.290000
-67.020000
-65.880000
-65.150000
-64.600000
-64.590000
-64.970000
-64.420000
-64.670000
-64.000000
-63.700000
-64.110000
-63.200000
-63.030000
-62.770000
-63.020000
-62.170000
-61.600000
-60.830000
-60.190000
-59.840000
-59.450000
-58.970000
-58.500000
-58.230000
-58.280000
-57.700000
-57.750000
-58.190000
-58.140000
-58.510000
-58.610000
-57.570000
-57.440000
-56.500000
-57.080000
-56.090000
-55.850000
-56.370000
-55.840000
-56.510000
-57.270000
-57.050000
-56.020000
-55.160000
-55.440000
-55.820000
-56.170000
-56.480000
-54.740000
-55.280000
-55.750000
-55.470000
-55.420000
-56.220000
-55.710000
-54.700000
-55.140000
-55.300000
-56.330000
-56.500000
-56.970000
-57.930000
-58.950000
-59.600000
-58.400000
-56.650000
-55.420000
-55.490000
-55.300000
-55.280000
-54.750000
-53.640000
-53.810000
-54.700000
-55.070000
-55.470000
-54.020000
-54.700000
-54.790000
-55.010000
-55.480000
-54.690000
-53.770000
-54.140000
-54.230000
-54.240000
-55.320000
-54.950000
-55.370000
-55.070000
-55.520000
-55.770000
-55.940000
-56.320000
-56.840000
-57.360000
-58.110000
-58.960000
-59.370000
-60.240000
-59.510000
-59.800000
-60.150000
-59.830000
-60.180000
-58.940000
-59.270000
-57.990000
-58.400000
-58.400000
-57.670000
-58.750000
-58.720000
-59.150000
-59.730000
-60.560000
-60.550000
-60.710000
-61.420000
-61.950000
-61.220000
-61.490000
-62.320000
-61.230000
-60.980000
-61.800000
-60.720000
-60.160000
-60.160000
-60.330000
-60.240000
-61.290000
-61.010000
-62.010000
-62.530000
-63.420000
-62.150000
-61.190000
-61.430000
-60.730000
-60.850000
-60.730000
-61.230000
-61.030000
-61.400000
-60.100000
-59.810000
-60.770000
-61.190000
-60.910000
-61.420000
-62.870000
-61.960000
-62.320000
-63.770000
-65.020000
-64.950000
-64.610000
-63.880000
-64.390000
-63.410000
-63.130000
-62.670000
-60.330000
-61.340000
-62.660000
-63.850000
-64.130000
-63.700000
-63.160000
-64.020000
-65.250000
-64.860000
-64.740000
-64.980000
-64.780000
-66.300000
-65.760000
-65.830000
-65.960000
-65.810000
-66.540000
-67.710000
-68.230000
-68.500000
-68.660000
-68.490000
-68.600000
-68.600000
-68.910000
-68.470000
-68.860000
-69.650000
-69.770000
-69.000000
-69.330000
-68.900000
-67.630000
-66.350000
-66.830000
-68.260000
-68.180000
-67.100000
-67.700000
-67.390000
-67.210000
-66.290000
-67.360000
-67.680000
-68.310000
-68.200000
-68.090000
-68.620000
-68.500000
-68.420000
-68.970000
-69.760000
-70.850000
-70.230000
-71.210000
-72.220000
-72.970000
-73.080000
-73.830000
-74.380000
-74.520000
-75.650000
-76.320000
-76.650000
-77.060000
-77.040000
-77.040000
-77.480000
-77.480000
-77.360000
-77.470000
-78.710000
-79.600000
-80.050000
-80.990000
-80.930000
-81.380000
-82.070000
-83.270000
-83.400000
-84.040000
-84.850000
-84.970000
-86.020000
-86.210000
-85.990000
-86.140000
-87.650000
-87.540000
-87.540000
-87.660000
-87.950000
-88.460000
-89.860000
-89.980000
-91.150000
-91.460000
-92.070000
-94.520000
-93.230000
-93.440000
-93.430000
-93.210000
-93.640000
-94.120000
-94.120000
-93.880000
-93.990000
-93.780000
-93.270000
-93.440000
-92.990000
-93.580000
-93.260000
-92.920000
-93.280000
-93.340000
-92.790000
-92.440000
-91.950000
-91.450000
-90.950000
-90.340000
-90.080000
-89.530000
-89.990000
-89.580000
-89.580000
-89.210000
-89.720000
-89.100000
-89.040000
-90.050000
-90.960000
-90.460000
-89.850000
-89.900000
-90.480000
-90.110000
-89.810000
-90.710000
-91.240000
-90.810000
-90.790000
-90.570000
-90.880000
-90.490000
-89.610000
-89.110000
-88.720000
-88.110000
-87.610000
-87.000000
-87.060000
-86.560000
-86.060000
-85.450000
-84.950000
-85.110000
-84.610000
-84.000000
-83.390000
-82.780000
-82.500000
-81.800000
-81.310000
-81.060000
-80.920000
-80.310000
-79.820000
-79.570000
-79.320000
-79.180000
-78.930000
-78.320000
-78.070000
-77.460000
-77.220000
-76.610000
-75.990000
-76.050000
-75.440000
-74.830000
-74.690000
-74.960000
-75.450000
-74.690000
-74.190000
-74.050000
-73.910000
-73.660000
-73.730000
-73.700000
-73.450000
-73.200000
-72.950000
-72.280000
-72.030000
-71.780000
-72.810000
-72.770000
-72.100000
-71.970000
-71.940000
-71.670000
-71.410000
-71.510000
-71.700000
-71.780000
-71.730000
-71.470000
-71.760000
-71.500000
-71.800000
-71.890000
-71.950000
-71.410000
-71.710000
-71.800000
-72.160000
-72.410000
-72.790000
-73.140000
-73.250000
-73.540000
-73.900000
-73.770000
-73.510000
-73.390000
-73.500000
-73.660000
-73.720000
-73.440000
-73.800000
-73.640000
-73.580000
-73.600000
-73.720000
-73.420000
-73.770000
-73.660000
-73.960000
-73.990000
-73.450000
-73.110000
-73.050000
-73.300000
-73.240000
-73.180000
-73.280000
-73.280000
-73.630000
-73.560000
-73.920000
-74.280000
-73.380000
-73.320000
-73.430000
-73.780000
-73.930000
-74.060000
-74.190000
-74.290000
-74.440000
-74.280000
-74.410000
-74.220000
-74.000000
-74.260000
-74.200000
-73.780000
-73.680000
-73.340000
-72.960000
-72.900000
-72.670000
-72.810000
-72.580000
-72.710000
-72.830000
-71.410000
-71.250000
-71.270000
-70.850000
-69.990000
-69.070000
-69.090000
-69.220000
-67.870000
-67.530000
-67.150000
-66.300000
-65.970000
-65.750000
-65.420000
-64.720000
-64.900000
-64.370000
-64.250000
-63.830000
-63.420000
-63.510000
-62.710000
-61.620000
-60.130000
-59.150000
-57.180000
-55.120000
-54.010000
-51.080000
-50.390000
-49.870000
-49.040000
-47.280000
-45.260000
-44.550000
-43.320000
-42.480000
-41.770000
-39.460000
-38.710000
-37.490000
-36.490000
-35.780000
-35.170000
-34.620000
-34.860000
-34.250000
-33.870000
-33.160000
-32.640000
-32.320000
-30.940000
-30.250000
-30.050000
-29.350000
-28.910000
-26.850000
-26.550000
-26.040000
-25.660000
-23.750000
-23.090000
-21.290000
-20.770000
-20.500000
-19.240000
-19.040000
-18.430000
-17.970000
-17.600000
-16.690000
-16.400000
-15.780000
-12.610000
-12.860000
-10.050000
-9.570000
-8.860000
-8.350000
-5.290000
-4.580000
-2.930000
-2.520000
-2.520000
-2.030000
0.960000
3.010000
3.720000
4.310000
4.660000
5.350000
6.770000
7.110000
7.700000
8.440000
8.940000
9.520000
10.010000
10.410000
10.930000
11.460000
12.050000
12.680000
13.120000
13.410000
13.970000
14.750000
15.070000
15.410000
16.060000
16.170000
18.810000
19.110000
20.860000
21.630000
23.660000
23.820000
24.510000
26.420000
27.080000
27.500000
28.660000
28.370000
27.450000
27.380000
26.390000
25.250000
24.260000
21.960000
21.450000
22.260000
21.140000
20.300000
19.090000
21.420000
20.210000
21.630000
21.730000
20.380000
20.640000
21.940000
23.380000
24.090000
25.770000
27.650000
28.450000
28.410000
28.440000
28.650000
28.660000
28.870000
28.350000
29.880000
29.960000
29.890000
30.010000
28.480000
28.630000
28.880000
28.810000
29.060000
30.820000
29.600000
29.470000
29.600000
29.000000
29.110000
28.890000
30.450000
30.530000
32.920000
33.010000
34.680000
32.440000
32.330000
31.440000
31.610000
34.140000
34.180000
32.710000
32.580000
31.800000
32.050000
33.940000
34.330000
32.120000
30.860000
30.850000
30.750000
30.760000
31.510000
30.080000
30.350000
31.520000
31.460000
33.110000
33.230000
33.580000
33.270000
33.180000
32.730000
32.130000
33.290000
33.480000
33.760000
34.400000
34.330000
33.140000
33.240000
33.020000
33.710000
31.080000
31.670000
30.600000
30.140000
28.640000
28.920000
29.120000
27.770000
26.890000
28.790000
27.580000
27.620000
27.710000
27.800000
27.780000
29.410000
31.820000
31.980000
32.480000
33.590000
36.190000
36.050000
36.330000
33.650000
34.630000
33.360000
34.970000
35.020000
34.250000
32.950000
31.140000
30.690000
29.030000
29.120000
29.040000
30.320000
31.040000
30.440000
30.430000
29.930000
29.350000
27.350000
26.640000
26.700000
26.660000
26.890000
26.930000
27.110000
28.850000
26.890000
25.160000
24.640000
24.650000
24.040000
24.090000
24.610000
24.630000
24.840000
26.400000
24.140000
23.970000
23.370000
25.770000
25.770000
24.070000
25.440000
24.640000
24.940000
24.170000
23.720000
23.510000
22.990000
21.360000
20.600000
20.270000
19.470000
18.870000
18.700000
18.380000
17.690000
17.710000
17.710000
17.800000
18.660000
17.550000
16.820000
15.950000
16.670000
14.660000
16.550000
16.380000
14.520000
13.750000
14.010000
12.820000
12.520000
12.390000
13.940000
13.870000
13.150000
15.300000
16.590000
16.360000
16.000000
16.260000
17.660000
19.020000
20.400000
22.760000
20.450000
20.580000
22.170000
22.190000
