-46.000000
-74.000000
-86.000000
-74.250000
-76.400000
-80.333333
-81.571429
-76.625000
-77.888889
-77.600000
-78.181818
-79.666667
-75.000000
-79.857143
-77.933333
-77.250000
-81.235294
-84.666667
-82.157895
-83.100000
-82.047619
-81.045455
-83.782609
-82.458333
-81.720000
-81.076923
-83.370370
-85.464286
-86.551724
-85.300000
-83.161290
-82.562500
-81.212121
-83.058824
-84.771429
-86.388889
-87.918919
-89.342105
-90.717949
-92.025000
-93.268293
-93.571429
-94.093023
-94.568182
-94.133333
-94.608696
-95.638298
-95.958333
-96.897959
-95.500000
-94.392157
-94.711538
-94.056604
-94.074074
-94.472727
-93.482143
-94.350877
-94.413793
-93.271186
-92.033333
-91.262295
-90.096774
-88.888889
-88.109375
-87.200000
-86.469697
-85.462687
-84.926471
-85.507246
-84.442857
-83.394366
-82.541667
-81.205479
-80.770270
-79.946667
-80.526316
-80.350649
-80.653846
-79.772152
-79.912500
-79.407407
-79.707317
-80.144578
-79.988095
-79.623529
-78.616279
-77.931034
-77.159091
-77.573034
-77.811111
-77.934066
-77.326087
-76.731183
-74.234043
-74.547368
-73.968750
-73.432990
-72.908163
-72.363636
-71.830000
-71.640000
-70.810000
-70.870000
-70.820000
-71.130000
-71.290000
-71.450000
-72.190000
-72.470000
-72.880000
-73.200000
-73.400000
-74.260000
-73.880000
-74.530000
-74.900000
-74.590000
-74.290000
-75.050000
-75.170000
-75.450000
-75.990000
-75.680000
-76.250000
-76.750000
-77.240000
-76.940000
-76.470000
-76.480000
-77.030000
-77.870000
-78.220000
-78.830000
-78.270000
-77.880000
-77.440000
-77.140000
-76.860000
-76.570000
-76.180000
-75.690000
-75.760000
-75.740000
-75.720000
-76.150000
-76.170000
-75.700000
-75.630000
-75.290000
-75.880000
-76.530000
-76.380000
-76.640000
-76.650000
-75.480000
-75.640000
-74.310000
-74.200000
-74.600000
-75.370000
-75.880000
-76.550000
-77.450000
-77.920000
-78.490000
-78.960000
-79.630000
-80.000000
-79.620000
-80.390000
-81.170000
-81.830000
-82.870000
-83.270000
-83.960000
-83.600000
-83.810000
-82.840000
-83.610000
-83.580000
-84.080000
-84.120000
-83.740000
-84.420000
-84.710000
-85.670000
-86.260000
-86.940000
-86.570000
-86.360000
-86.250000
-86.820000
-87.390000
-89.760000
-89.390000
-89.870000
-89.720000
-90.170000
-89.710000
-89.590000
-89.390000
-89.120000
-88.630000
-88.360000
-87.270000
-86.180000
-85.200000
-84.110000
-83.020000
-82.640000
-81.550000
-80.460000
-79.480000
-79.220000
-78.810000
-78.810000
-77.750000
-76.700000
-75.750000
-74.800000
-74.580000
-74.330000
-73.270000
-73.070000
-72.810000
-71.750000
-70.700000
-69.500000
-69.190000
-69.020000
-69.030000
-68.480000
-68.160000
-67.360000
-67.070000
-66.450000
-65.190000
-64.150000
-63.890000
-63.730000
-63.680000
-63.440000
-63.190000
-62.950000
-61.840000
-60.740000
-60.820000
-59.860000
-58.860000
-57.640000
-57.270000
-56.180000
-55.710000
-55.570000
-55.930000
-55.970000
-55.940000
-55.620000
-55.420000
-55.340000
-54.770000
-53.540000
-52.980000
-52.200000
-51.890000
-51.780000
-51.590000
-50.810000
-50.020000
-49.400000
-48.600000
-48.390000
-48.540000
-48.400000
-48.270000
-47.980000
-47.920000
-48.670000
-48.430000
-48.300000
-48.000000
-47.510000
-47.620000
-46.420000
-46.520000
-46.520000
-46.530000
-46.230000
-46.010000
-46.120000
-46.230000
-45.520000
-45.620000
-45.220000
-44.860000
-44.860000
-45.280000
-45.160000
-46.470000
-46.260000
-46.940000
-47.570000
-47.490000
-47.970000
-48.450000
-49.050000
-49.570000
-50.050000
-50.470000
-50.240000
-50.670000
-50.680000
-51.160000
-50.960000
-51.250000
-50.600000
-51.070000
-51.740000
-52.430000
-53.120000
-53.120000
-52.780000
-52.460000
-52.120000
-50.990000
-51.460000
-52.420000
-52.420000
-51.420000
-51.140000
-50.590000
-49.900000
-49.780000
-50.360000
-49.810000
-50.040000
-50.920000
-51.320000
-50.830000
-50.330000
-49.670000
-49.020000
-48.060000
-44.810000
-45.240000
-45.600000
-44.890000
-44.540000
-44.800000
-45.610000
-45.130000
-45.550000
-45.730000
-45.700000
-45.430000
-43.990000
-44.520000
-45.400000
-45.410000
-44.950000
-45.350000
-45.800000
-45.710000
-46.180000
-46.420000
-46.350000
-46.470000
-47.280000
-47.680000
-48.660000
-48.600000
-48.820000
-48.670000
-48.790000
-48.930000
-49.100000
-48.300000
-48.430000
-48.920000
-49.200000
-49.600000
-49.900000
-49.880000
-50.600000
-50.210000
-50.190000
-50.160000
-49.870000
-48.910000
-48.890000
-48.190000
-48.080000
-47.640000
-48.200000
-48.370000
-48.130000
-47.510000
-48.100000
-47.510000
-47.990000
-47.730000
-47.270000
-47.820000
-47.760000
-47.700000
-47.350000
-46.860000
-46.340000
-46.150000
-44.790000
-45.160000
-45.390000
-45.160000
-44.470000
-43.620000
-43.390000
-42.830000
-41.980000
-39.600000
-38.730000
-38.620000
-38.390000
-38.960000
-38.800000
-39.370000
-38.750000
-38.140000
-38.950000
-39.500000
-39.430000
-39.280000
-40.010000
-40.600000
-40.330000
-40.250000
-39.660000
-37.590000
-37.380000
-37.020000
-36.960000
-37.290000
-36.640000
-37.040000
-39.940000
-39.550000
-39.490000
-39.640000
-39.860000
-39.110000
-39.170000
-39.570000
-39.620000
-39.330000
-38.970000
-39.920000
-41.260000
-41.030000
-39.590000
-39.300000
-38.920000
-38.220000
-38.340000
-38.440000
-38.160000
-36.000000
-34.360000
-33.630000
-33.080000
-32.530000
-31.400000
-31.370000
-30.970000
-30.460000
-29.520000
-29.120000
-28.940000
-28.960000
-28.330000
-25.920000
-24.920000
-24.000000
-23.700000
-23.120000
-22.580000
-22.220000
-21.690000
-20.850000
-19.110000
-19.510000
-19.020000
-19.150000
-19.230000
-18.720000
-17.680000
-17.540000
-17.380000
-17.650000
-16.900000
-16.790000
-16.940000
-16.420000
-16.430000
-15.390000
-14.240000
-13.800000
-13.410000
-13.470000
-12.710000
-13.670000
-14.970000
-14.200000
-14.580000
-14.220000
-14.550000
-14.520000
-14.970000
-14.840000
-14.090000
-15.560000
-15.830000
-15.760000
-15.710000
-15.330000
-14.800000
-14.540000
-14.880000
-14.460000
-14.170000
-14.090000
-13.790000
-10.800000
-10.640000
-10.750000
-10.680000
-10.900000
-10.790000
-10.780000
-10.030000
-10.020000
-10.020000
-9.770000
-10.500000
-8.580000
-8.530000
-8.840000
-8.780000
-9.540000
-9.930000
-10.250000
-9.930000
-9.450000
-8.150000
-8.760000
-8.490000
-7.380000
-7.250000
-7.140000
-7.360000
-7.270000
-7.660000
-7.650000
-8.450000
-6.830000
-7.430000
-9.670000
-10.790000
-11.620000
-11.550000
-12.010000
-12.240000
-12.350000
-11.830000
-11.610000
-11.670000
-11.340000
-11.080000
-10.890000
-11.440000
-12.880000
-13.070000
-12.790000
-12.160000
-11.960000
-10.850000
-10.670000
-10.400000
-10.550000
-12.180000
-12.540000
-12.320000
-12.340000
-12.320000
-12.700000
-13.140000
-12.890000
-13.760000
-14.250000
-14.750000
-14.460000
-14.130000
-14.540000
-15.130000
-15.000000
-15.820000
-15.630000
-15.790000
-15.950000
-17.000000
-16.150000
-16.150000
-16.260000
-14.220000
-14.160000
-12.890000
-13.070000
-12.800000
-11.780000
-12.970000
-11.980000
-10.810000
-10.280000
-10.090000
-10.090000
-10.660000
-9.130000
-9.250000
-9.310000
-9.910000
-10.200000
-10.320000
-13.020000
-12.640000
-11.290000
-11.040000
-10.910000
-11.110000
-12.780000
-14.130000
-14.150000
-13.840000
-13.490000
-13.260000
-15.740000
-16.140000
-16.060000
-15.750000
-14.410000
-14.060000
-14.180000
-13.850000
-13.700000
-14.860000
-14.040000
-14.750000
-14.940000
-15.470000
-15.160000
-14.980000
-15.750000
-15.670000
-15.930000
-15.270000
-15.780000
-13.830000
-12.930000
-13.220000
-12.360000
-12.980000
-12.930000
-13.480000
-13.470000
-13.600000
-13.600000
-13.680000
-13.520000
-12.680000
-12.820000
-12.820000
-12.760000
-12.530000
-12.790000
-12.900000
-11.960000
-11.480000
-12.400000
-12.290000
-12.380000
-12.750000
-12.480000
-12.190000
-12.720000
-13.250000
-12.600000
-12.590000
-13.390000
-12.320000
-12.580000
-11.800000
-11.910000
-12.020000
-11.640000
-11.510000
-11.510000
-12.130000
-12.430000
-12.680000
-11.810000
-12.030000
-12.180000
-12.040000
-12.390000
-13.360000
-14.240000
-15.260000
-14.950000
-14.640000
-16.690000
-16.690000
-17.800000
-19.040000
-18.130000
-18.210000
-18.170000
-17.610000
-19.860000
-19.810000
-19.410000
-18.950000
-18.350000
-17.960000
-18.070000
-18.080000
-18.720000
-19.140000
-19.380000
-19.820000
-20.040000
-19.100000
-18.960000
-17.820000
-18.200000
-18.300000
-17.900000
-17.620000
-17.440000
-17.330000
-17.370000
-17.490000
-17.620000
-17.670000
-17.770000
-17.080000
-16.990000
-16.610000
-16.590000
-15.600000
-15.810000
-15.790000
-15.080000
-14.830000
-14.560000
-14.670000
-15.390000
-16.400000
-16.330000
-13.370000
-13.410000
-12.860000
-12.860000
-12.080000
-12.010000
-11.860000
-11.560000
-11.650000
-12.210000
-12.960000
-12.980000
-12.130000
-12.020000
-12.110000
-12.360000
-12.380000
-12.230000
-12.120000
-10.090000
-10.580000
-10.430000
-9.940000
-10.400000
-10.660000
-8.850000
-8.050000
-8.140000
-7.630000
-6.540000
-6.380000
-5.400000
-5.100000
-5.100000
-4.890000
-4.880000
-4.230000
-4.160000
-3.280000
-3.460000
-3.020000
-2.910000
-2.710000
-1.950000
-2.030000
-1.300000
-0.780000
0.240000
0.390000
1.770000
2.420000
3.510000
3.810000
4.120000
4.550000
3.440000
3.720000
3.860000
4.110000
3.680000
4.070000
3.710000
4.250000
4.520000
4.500000
4.750000
4.900000
5.420000
6.080000
6.540000
7.310000
9.750000
9.610000
9.500000
8.530000
8.860000
9.110000
9.840000
10.650000
10.900000
10.760000
10.790000
10.870000
11.170000
13.670000
13.770000
13.520000
13.960000
14.560000
14.800000
16.430000
16.800000
16.950000
18.650000
18.500000
18.440000
18.970000
17.720000
17.740000
17.730000
15.360000
15.340000
15.850000
16.280000
15.700000
15.110000
15.070000
15.170000
15.530000
16.250000
16.740000
16.820000
16.970000
17.110000
17.130000
17.000000
16.660000
16.660000
15.480000
14.420000
15.030000
15.220000
15.340000
15.450000
15.630000
15.550000
15.410000
15.370000
15.170000
15.100000
15.140000
15.200000
15.160000
15.380000
15.710000
17.490000
17.560000
17.660000
17.550000
18.000000
17.990000
17.490000
17.870000
17.830000
18.500000
18.580000
17.840000
19.260000
19.120000
17.900000
17.320000
17.320000
17.500000
16.840000
16.900000
17.220000
17.110000
16.890000
16.640000
17.790000
17.740000
17.900000
17.920000
17.840000
17.950000
18.000000
18.000000
18.010000
18.940000
19.000000
18.750000
17.080000
17.370000
17.500000
17.430000
17.600000
17.710000
17.760000
17.660000
17.710000
19.110000
19.160000
19.330000
19.120000
16.720000
16.670000
16.470000
15.900000
15.680000
15.520000
14.030000
13.810000
13.840000
12.240000
12.460000
12.620000
13.020000
14.510000
14.520000
14.370000
14.320000
14.590000
14.520000
14.600000
16.150000
16.930000
17.120000
17.120000
17.150000
17.100000
16.890000
17.280000
18.830000
18.880000
18.790000
19.360000
19.960000
18.920000
18.860000
18.960000
18.930000
18.790000
19.630000
20.150000
20.100000
20.300000
20.370000
20.130000
20.290000
20.190000
20.050000
19.810000
19.720000
19.750000
19.890000
