-59.000000
-42.500000
-67.000000
-78.000000
-85.000000
-75.333333
-76.428571
-79.875000
-82.222222
-71.700000
-78.454545
-75.000000
-74.923077
-76.928571
-70.333333
-71.687500
-71.294118
-71.444444
-73.105263
-74.100000
-74.142857
-75.863636
-75.956522
-76.958333
-76.360000
-77.846154
-79.148148
-75.535714
-74.896552
-75.266667
-74.483871
-76.500000
-75.666667
-75.176471
-73.600000
-73.194444
-73.351351
-73.315789
-73.000000
-72.350000
-72.243902
-72.166667
-72.279070
-71.750000
-71.266667
-72.913043
-73.127660
-73.770833
-74.204082
-73.500000
-73.058824
-73.211538
-70.943396
-70.148148
-70.963636
-71.142857
-71.929825
-72.482759
-73.152542
-73.300000
-73.442623
-72.290323
-72.444444
-72.281250
-71.200000
-70.909091
-71.000000
-69.985294
-69.507246
-68.400000
-67.464789
-67.666667
-67.095890
-66.702703
-65.866667
-63.907895
-63.727273
-63.628205
-63.303797
-62.987500
-61.703704
-59.853659
-60.096386
-60.369048
-60.505882
-61.151163
-60.471264
-60.215909
-58.269663
-56.366667
-54.505495
-53.108696
-53.430108
-53.734043
-53.926316
-54.218750
-54.474227
-54.755102
-54.828283
-54.900000
-54.690000
-53.530000
-51.240000
-50.750000
-50.340000
-50.450000
-50.770000
-48.600000
-47.970000
-48.920000
-47.960000
-47.610000
-47.790000
-47.140000
-47.740000
-45.920000
-45.890000
-43.250000
-42.940000
-42.630000
-42.140000
-41.040000
-39.220000
-36.260000
-36.260000
-33.220000
-32.650000
-33.990000
-34.580000
-33.480000
-34.230000
-34.050000
-33.140000
-32.270000
-31.480000
-30.770000
-30.310000
-30.710000
-31.460000
-30.730000
-30.970000
-31.400000
-31.840000
-31.640000
-31.700000
-30.620000
-30.080000
-28.530000
-28.500000
-26.990000
-25.590000
-23.650000
-25.040000
-25.680000
-23.400000
-21.380000
-17.960000
-17.840000
-15.180000
-15.140000
-15.240000
-16.140000
-14.230000
-14.530000
-12.760000
-13.390000
-11.580000
-12.720000
-13.270000
-14.040000
-15.140000
-12.860000
-13.520000
-13.280000
-11.380000
-11.180000
-9.410000
-9.770000
-8.980000
-9.120000
-8.640000
-10.460000
-10.580000
-8.570000
-6.960000
-4.090000
-4.990000
-3.710000
-5.810000
-7.720000
-9.630000
-11.290000
-11.380000
-11.480000
-9.520000
-9.620000
-9.330000
-9.430000
-9.730000
-7.890000
-5.840000
-7.520000
-9.570000
-9.870000
-10.070000
-10.610000
-10.380000
-10.470000
-9.740000
-10.450000
-10.870000
-9.780000
-9.980000
-8.640000
-9.180000
-10.860000
-10.740000
-11.470000
-7.010000
-4.750000
-3.320000
-3.800000
-5.520000
-7.020000
-7.320000
-10.130000
-8.330000
-7.990000
-7.190000
-6.340000
-6.000000
-5.610000
-5.570000
-6.770000
-5.780000
-6.820000
-5.380000
-3.230000
-2.990000
-2.220000
-0.220000
-0.020000
2.360000
1.730000
1.370000
0.840000
0.210000
0.870000
0.870000
0.780000
-0.930000
-2.880000
-2.780000
-0.980000
-2.930000
-5.260000
-8.340000
-6.970000
-9.330000
-9.370000
-9.270000
-9.170000
-11.080000
-11.080000
-11.870000
-11.640000
-13.600000
-11.210000
-11.210000
-11.440000
-9.290000
-11.670000
-9.080000
-9.860000
-9.560000
-7.590000
-6.820000
-6.720000
-7.810000
-8.200000
-7.290000
-7.280000
-4.690000
-4.670000
-6.480000
-9.110000
-7.770000
-7.470000
-5.370000
-2.700000
-0.190000
1.860000
4.330000
7.190000
8.100000
10.380000
12.960000
13.060000
13.160000
11.120000
10.460000
13.190000
15.770000
18.490000
20.540000
23.050000
23.050000
23.100000
24.430000
24.940000
27.720000
28.040000
30.890000
31.520000
33.900000
36.120000
38.040000
36.830000
34.800000
34.740000
35.560000
37.450000
41.900000
43.840000
46.380000
48.540000
49.080000
51.680000
53.670000
53.600000
56.930000
59.040000
60.400000
63.090000
63.140000
65.340000
65.610000
65.660000
67.740000
67.820000
67.950000
70.090000
70.270000
72.940000
75.710000
77.740000
79.950000
79.830000
81.380000
81.480000
83.050000
85.410000
86.860000
87.100000
88.920000
90.780000
92.830000
94.050000
96.000000
98.530000
100.700000
103.170000
105.070000
107.060000
107.590000
109.410000
111.320000
111.180000
112.510000
113.960000
115.500000
118.010000
117.340000
118.900000
118.240000
116.970000
115.460000
118.220000
119.680000
122.140000
119.230000
121.030000
119.760000
118.780000
120.700000
122.620000
123.200000
123.320000
123.600000
122.840000
121.840000
121.780000
121.460000
120.520000
119.490000
118.900000
118.410000
121.510000
123.450000
125.380000
125.590000
124.780000
125.040000
124.350000
125.120000
124.420000
126.270000
125.810000
125.140000
127.170000
126.930000
126.980000
126.120000
125.710000
123.730000
122.920000
121.330000
123.260000
122.070000
120.910000
120.010000
120.720000
118.060000
116.890000
116.380000
116.100000
115.420000
115.000000
114.500000
114.110000
112.830000
113.580000
112.890000
112.010000
110.910000
110.530000
110.050000
110.740000
110.810000
110.730000
109.840000
109.850000
109.900000
108.570000
107.900000
108.470000
108.210000
108.520000
108.520000
108.130000
107.910000
108.080000
106.640000
106.960000
106.960000
108.080000
107.980000
107.550000
106.610000
105.800000
105.690000
105.410000
105.460000
106.040000
105.560000
103.850000
103.990000
103.800000
104.190000
103.620000
102.530000
103.680000
103.780000
103.770000
103.510000
102.960000
102.730000
102.630000
102.810000
102.940000
105.900000
106.840000
107.440000
108.250000
108.620000
108.650000
108.190000
108.430000
108.150000
108.050000
108.070000
108.130000
108.590000
108.640000
109.890000
110.120000
109.660000
108.380000
109.320000
109.170000
109.100000
109.040000
109.070000
109.100000
108.580000
108.000000
108.930000
109.540000
110.200000
110.510000
111.050000
111.520000
111.760000
112.450000
114.980000
115.490000
117.100000
116.650000
117.720000
121.110000
121.770000
120.810000
121.370000
121.810000
123.080000
123.710000
124.550000
125.140000
125.720000
126.790000
126.800000
125.790000
127.470000
128.130000
129.620000
130.220000
131.570000
132.940000
133.710000
134.570000
135.620000
136.000000
136.490000
137.970000
138.440000
138.240000
138.770000
138.490000
139.610000
141.340000
142.800000
142.740000
143.950000
144.200000
144.640000
144.120000
145.430000
145.680000
148.380000
149.400000
152.010000
153.080000
153.640000
154.870000
155.030000
157.620000
158.020000
158.960000
159.960000
161.990000
162.860000
163.350000
164.070000
164.590000
167.820000
168.720000
170.010000
170.130000
170.520000
170.080000
170.470000
171.460000
172.160000
173.020000
173.370000
175.000000
176.330000
176.270000
174.430000
175.280000
176.390000
176.390000
177.540000
181.450000
180.770000
184.000000
184.200000
187.400000
187.270000
187.910000
186.820000
187.620000
188.580000
187.630000
188.010000
189.180000
189.520000
190.070000
189.550000
189.930000
189.310000
189.490000
190.040000
190.050000
190.930000
191.770000
192.210000
192.830000
193.470000
192.070000
192.360000
192.560000
193.340000
193.650000
192.650000
191.950000
191.010000
190.400000
190.010000
189.280000
190.100000
191.000000
190.010000
191.010000
190.980000
190.690000
191.770000
188.020000
187.270000
187.650000
188.270000
188.030000
187.320000
186.650000
187.090000
186.500000
186.240000
188.000000
187.920000
187.530000
188.280000
188.530000
190.040000
190.210000
189.940000
189.980000
189.840000
190.260000
190.290000
190.490000
188.570000
188.000000
187.200000
186.940000
186.990000
187.060000
186.360000
185.290000
187.600000
186.610000
186.800000
184.780000
185.890000
185.930000
182.370000
181.360000
181.550000
181.610000
182.240000
183.940000
182.820000
181.900000
182.180000
182.020000
182.150000
181.460000
181.280000
182.660000
184.750000
184.370000
184.360000
183.890000
183.200000
179.710000
179.470000
176.890000
179.710000
177.460000
176.720000
176.650000
179.700000
179.920000
178.980000
180.810000
180.900000
180.610000
180.350000
180.610000
180.350000
179.940000
180.110000
178.940000
177.290000
176.330000
174.210000
173.980000
173.390000
173.160000
172.170000
171.990000
172.840000
173.200000
173.650000
174.700000
174.860000
175.090000
176.460000
177.250000
177.780000
177.910000
177.070000
176.630000
174.800000
174.070000
173.950000
175.740000
174.060000
175.800000
175.170000
174.740000
174.700000
174.270000
175.930000
177.020000
176.860000
177.900000
179.160000
177.450000
177.070000
176.930000
177.960000
175.940000
174.000000
174.530000
175.220000
175.140000
174.470000
173.540000
172.840000
172.370000
171.850000
171.900000
172.420000
172.180000
173.310000
174.290000
176.540000
177.310000
174.870000
175.830000
175.210000
175.890000
174.890000
175.550000
178.380000
180.550000
181.330000
178.790000
178.660000
179.100000
177.460000
179.480000
178.510000
178.440000
178.050000
178.030000
178.250000
174.850000
175.470000
175.380000
175.420000
176.550000
177.270000
178.610000
178.960000
179.050000
176.860000
175.970000
176.180000
176.600000
175.370000
177.000000
176.250000
177.970000
178.090000
178.780000
179.630000
179.440000
179.760000
181.150000
182.420000
183.290000
184.340000
186.400000
187.270000
186.760000
188.220000
189.180000
189.790000
188.670000
189.440000
189.560000
190.460000
189.250000
189.620000
190.610000
189.960000
189.170000
190.000000
190.250000
192.320000
192.470000
194.100000
195.760000
193.850000
192.780000
193.020000
193.550000
196.270000
197.670000
197.740000
199.010000
197.610000
196.750000
196.100000
196.700000
196.200000
197.000000
197.370000
197.680000
195.550000
197.880000
199.450000
199.150000
198.900000
199.980000
201.370000
202.060000
201.030000
202.730000
202.840000
204.090000
204.700000
205.680000
207.420000
207.070000
207.210000
207.310000
209.860000
209.880000
209.440000
209.330000
210.950000
210.930000
209.220000
207.410000
206.850000
210.560000
211.320000
209.480000
211.850000
209.330000
210.620000
210.670000
211.290000
211.110000
210.640000
213.070000
212.490000
212.780000
212.780000
210.420000
211.680000
210.050000
209.640000
210.260000
210.030000
210.780000
213.440000
213.260000
213.230000
213.890000
214.460000
212.790000
212.400000
212.300000
211.840000
211.660000
212.630000
211.940000
211.170000
211.280000
213.060000
211.520000
211.340000
213.000000
213.980000
213.160000
212.770000
213.760000
212.260000
212.510000
212.120000
215.150000
215.500000
215.260000
215.010000
214.760000
216.080000
216.770000
214.970000
215.540000
215.310000
213.660000
217.700000
217.070000
217.700000
218.900000
217.690000
217.560000
217.420000
216.920000
217.300000
216.860000
217.720000
214.880000
214.550000
215.810000
216.980000
218.690000
219.910000
218.850000
219.020000
219.970000
222.710000
221.430000
220.130000
221.620000
221.530000
219.970000
220.260000
218.940000
218.350000
216.110000
213.840000
214.880000
212.950000
214.270000
212.290000
212.250000
214.680000
214.810000
213.310000
212.720000
211.830000
211.880000
212.950000
212.700000
212.240000
212.990000
213.260000
213.200000
212.940000
213.540000
210.350000
211.820000
211.820000
212.260000
213.960000
215.980000
215.900000
218.190000
216.630000
219.070000
216.870000
215.740000
216.440000
216.110000
214.760000
214.350000
