-103
-139
-82
-72
-104
-132
-62
-66
-120
-132
-28
-52
-58
-93
-86
-68
-105
-82
-36
-91
-115
-115
-92
-121
-90
-87
-24
-39
-129
-59
-92
-144
-65
-65
-74
-59
-77
-70
-87
-89
-100
-104
-58
-67
-51
-93
-25
-95
-137
-57
-144
-108
-143
-52
-14
-117
-135
-47
-62
-112
-74
-60
-38
-41
-88
-28
-89
-129
-74
-59
-53
-31
-142
-76
-37
-70
-131
-44
-11
-76
-140
-66
-96
-84
-57
-61
-67
-116
-139
-27
-112
-48
-75
-104
-14
-111
-100
-142
-57
-46
-83
-99
-74
-67
-94
-57
-77
-95
-50
-55
-56
-95
-30
-51
-104
-37
-58
-57
-78
-75
-37
-112
-56
-85
-144
-52
-32
-100
-65
-24
-70
-81
35
-68
-19
-28
-12
-20
-56
-77
-51
-58
-68
-88
-49
-38
-115
-73
-63
-95
-60
-143
-150
-129
-58
-112
-47
-33
-65
-143
-90
-39
-9
-58
-58
-83
-38
-58
-67
-65
-21
-75
-43
-94
-47
-49
-82
-67
9
-64
-75
-88
-88
2
-76
-47
-51
22
29
-74
-55
-105
-74
-75
-55
-47
-37
-91
-24
-75
-66
-16
-64
-15
-85
-7
-104
-53
-75
-114
2
-85
36
-64
-38
-76
-75
-75
-75
-50
-29
-104
-79
-19
-68
-75
-68
-115
-76
-8
-47
29
1
-21
-65
-83
-65
-67
-139
-115
-74
-65
-8
-65
-49
-75
-75
-143
-115
-64
-18
-64
-75
-31
-78
-75
0
-75
-62
-20
-145
-54
-38
-64
-64
-75
-56
-74
-25
-75
-117
-12
-75
-76
-119
-7
-75
-75
44
36
-75
15
-111
-47
25
-121
-94
-3
3
-114
-115
-115
-7
-64
-36
-114
3
-110
-8
11
-38
-67
12
40
-31
-28
-54
-115
-75
-47
-75
-64
-99
-75
-19
-72
3
-65
-75
-111
-77
-111
-111
-116
-28
-126
-111
-100
-69
-104
-116
-116
-111
-104
-83
3
-116
-67
-116
-116
-134
-124
-89
-111
-131
-102
-120
-89
-112
-111
-114
-116
-121
-104
-8
-115
-116
-116
-115
-32
-8
-115
-111
-111
-142
-141
-95
-116
-116
-116
-116
-116
-116
-19
-19
-19
-67
-55
-55
-55
-55
-19
-8
-19
-19
-116
-116
-116
-95
-116
-116
-116
-116
-19
-49
-116
-114
-116
-49
-49
-116
-116
-116
-104
-49
-95
-113
-89
-116
-114
-49
-116
-114
-49
-114
-104
-89
-89
-89
-89
-135
-116
-95
-95
-104
-116
-135
-114
-113
-114
-104
-115
-114
-115
-113
-114
-116
-95
-114
-113
-114
-114
-114
-95
-114
-95
-116
-113
-89
-104
-114
-89
-89
-89
-104
-93
-89
-89
-89
-89
-113
-114
-113
-113
-89
-87
-87
-87
-87
-89
-89
-116
-113
-95
-87
-87
-87
-116
-89
-87
-104
-89
-87
-87
-87
-87
-112
-89
-79
-87
-87
-87
-87
-87
-116
-87
-87
-87
-87
-87
-87
-87
-104
-87
-87
-87
-87
-79
-87
-115
-87
-104
-116
-116
-87
-79
-116
-116
-115
-115
-87
-104
-89
-89
-104
-87
-87
-87
-87
-87
-89
-87
-79
-87
-89
-104
-87
-89
-87
-89
-89
-89
-89
-89
-89
-89
-89
-89
-89
-107
-108
-108
-79
-116
-115
-115
-89
-89
-89
-89
-116
-116
-89
-116
-89
-116
-115
-89
-89
-116
-89
-89
-108
-115
-115
-115
-116
-107
-77
-116
-79
-69
-89
-89
-116
-89
-115
-116
-108
-116
-116
-115
-108
-108
-116
-115
-116
-79
-79
-79
-116
-116
-116
-116
-115
-116
-116
-116
-125
-95
-108
-79
-79
-108
-79
-77
-77
-79
-95
-95
-108
-115
-115
-115
-115
-115
-116
-116
-116
-116
-116
-79
-101
-101
-79
-79
-108
-102
-77
-77
-90
-121
-108
-77
-107
-108
-108
-79
-79
-79
-77
-79
-79
-79
-108
-79
-108
-108
-108
-79
-85
-79
-104
-116
-79
-115
-79
-108
-79
-115
-79
-79
-108
-115
-108
-107
-79
-85
-77
-115
-115
-115
-115
-116
-116
-96
-116
-79
-108
-108
-108
-108
-79
-79
-79
-79
-85
-116
-115
-116
-116
-108
-116
-115
-75
-79
-116
-79
-108
-108
-108
-79
-108
-85
-120
-108
-108
-108
-116
-79
-139
-108
-79
-85
-108
-85
-108
-108
-108
-108
-108
-108
-108
-108
-108
-108
-108
-108
-108
-83
-84
-84
-84
-75
-75
-108
-108
-108
-108
-108
-84
-84
-55
-83
-55
-108
-6
-108
-108
-6
-108
-108
-108
-75
-84
-84
-84
-55
-55
-55
-4
-55
5
-89
-55
-46
-79
-79
-55
-6
-56
-104
-85
-75
-84
-84
-84
-79
-79
-79
-79
-7
-7
-79
-6
-6
-6
-79
-102
-48
-39
-7
-87
-27
-27
-6
-55
-27
-38
-6
-67
-79
-88
-88
-88
-48
-84
-49
-84
-68
-27
-6
-51
-6
-28
-6
-55
-104
-34
-34
-85
-88
-47
-88
-28
-7
-29
25
-41
-39
-89
-71
-39
-38
-7
-7
-7
-39
-39
-18
-7
-35
17
-49
-55
2
-29
-8
25
74
-38
-38
-38
-19
-19
200
-8
-18
-7
-7
-91
-43
-29
-7
-108
-39
-53
-104
-105
-8
-8
-7
-45
26
-83
-2
-39
-39
-18
-39
-7
-8
-18
-34
-39
-8
25
-6
-47
-39
25
-121
-91
-90
-39
-19
-39
-70
-54
-79
-8
-8
-8
-39
-39
25
122
-57
25
-29
-29
25
25
25
-29
-39
-43
2
-43
25
25
-39
-55
-55
-18
-8
-8
-38
25
25
14
-29
-39
2
25
25
-19
-39
25
2
25
-55
-43
25
-39
-19
25
-53
-39
-22
25
25
26
-25
-3
-8
-8
-39
25
-29
25
-8
-29
-19
-39
14
25
25
-29
-29
-8
25
25
25
25
25
-19
25
25
25
25
25
25
1
25
14
-8
13
25
25
