-46
-102
-110
-39
-85
-100
-89
-42
-88
-75
-84
-96
-19
-143
-51
-67
-145
-143
-37
-101
-61
-60
-144
-52
-64
-65
-143
-142
-117
-49
-19
-64
-38
-144
-143
-143
-143
-142
-143
-143
-143
-106
-116
-115
-75
-116
-143
-111
-142
-27
-39
-111
-60
-95
-116
-39
-143
-98
-27
-19
-45
-19
-14
-39
-29
-39
-19
-49
-125
-11
-10
-22
15
-49
-19
-124
-67
-104
-11
-91
-39
-104
-116
-67
-49
7
-19
-10
-114
-99
-89
-22
-22
158
-104
-19
-22
-22
-19
-19
-27
-19
-116
-34
-116
-116
-105
-116
-116
-116
-116
-116
-105
-105
-116
-104
-114
-113
-113
-113
-89
-114
-113
-109
-114
-114
-113
-95
-118
-104
-103
-99
-99
-88
-104
-99
-113
-114
-114
-104
-94
-113
-114
-113
-118
-118
-96
-104
-108
-86
-104
-96
-86
-96
1
-55
-10
-87
-67
-96
-96
-86
-104
-86
-86
-86
-86
-86
-87
-88
-88
-88
-89
-89
-88
-88
-88
-7
-88
-88
-89
-108
-78
-135
-78
-89
-78
-78
-77
-78
-78
-79
-79
-79
-67
-67
-7
-67
27
-7
-7
8
-67
-7
-7
-7
-7
-7
-7
-78
-7
-7
-7
-79
-75
-104
-8
-8
-18
-18
-67
-89
-7
-89
-88
-8
-8
25
-87
-87
-104
-44
-67
-8
-75
-37
13
-10
-88
-88
-89
-89
-89
-89
-7
-8
-104
-8
-8
36
-67
13
-39
-82
-35
-59
-7
-55
-47
-88
-39
37
-48
-8
-55
-75
-67
-8
-8
-26
-8
-67
-104
-75
-75
-59
-82
-82
-64
-75
-59
-59
-89
-15
-88
-89
-79
-48
-55
-89
-89
-8
-89
-39
-31
-67
-49
-55
-104
14
-75
-55
-59
-55
-55
-67
-59
-55
-49
-55
-50
-8
-55
-59
-104
-39
-55
-75
-87
-87
-67
-55
25
-55
25
-55
-104
25
13
-59
-49
25
-55
-66
-20
-60
-75
-50
-39
-38
-23
-24
7
236
-50
-44
-33
27
-34
-45
-19
-29
-57
-79
-8
85
-60
-143
-48
-42
-79
-8
-39
-55
-79
-68
-79
-89
-48
-124
-2
-89
-89
-87
-89
-76
-2
-95
-113
-103
-99
-89
-87
-87
-49
-87
-76
-19
41
-87
-19
3
-45
-95
-48
-43
13
-114
-45
-34
-49
-9
-114
-49
-49
-32
-10
-3
-30
81
-87
-31
-32
10
-19
-16
1
10
151
0
-56
-32
-32
-39
-32
7
-43
-56
-42
-52
-34
-48
-114
-39
-12
-1
132
-29
-3
-32
-56
41
-33
-54
-11
-38
-48
5
41
-51
-59
-34
-28
-43
-103
-49
-37
1
-19
-4
-9
-20
-49
-27
137
96
-6
-34
7
-11
1
-49
-38
7
-49
-58
-4
-32
128
-3
-7
-59
-29
-33
-13
-34
8
155
1
-38
-32
-5
6
9
-34
-27
-14
-39
-34
-49
3
-10
-10
66
-5
7
-16
73
-126
-49
-10
-69
4
-23
-16
-61
14
85
4
-27
-49
-27
6
14
-6
-27
-1
-27
-34
-22
265
-32
-125
-32
-34
10
133
46
-2
-32
-31
-32
159
-49
-42
-32
-124
-34
9
-19
-11
96
-89
-16
8
-36
-26
-21
-10
-43
-8
-100
113
-87
-87
-16
-89
-27
-39
-34
-10
3
-16
1
-16
-32
15
-87
-16
-22
21
4
-9
78
5
-7
-7
-8
-35
-16
-34
-3
-32
-35
-9
-114
-63
-89
-5
-16
-38
-69
3
-16
14
-9
-32
-32
-41
-49
-21
135
10
104
-34
-34
116
-34
103
90
4
-8
6
-43
147
-39
-7
-87
-63
-34
-5
6
10
-7
-21
-10
-34
-89
-4
-1
4
-9
-89
-89
-34
-1
10
1
-3
14
4
-20
-7
-87
-11
-89
5
-3
-87
-35
-34
-34
62
108
3
-45
-3
-89
-34
-89
-9
-10
-16
-7
0
52
1
-87
-10
1
-5
-7
85
126
-87
4
-16
-45
-8
13
-87
-56
33
-34
-89
-7
-89
-11
-16
-27
0
-56
3
-78
-16
-34
55
-54
-56
-35
-56
38
-78
2
-3
-3
-89
-34
-8
-34
95
-16
10
13
-78
-34
33
-41
-3
5
-16
5
-54
-49
-45
-54
-56
5
10
113
-34
-19
-49
-61
-16
10
6
-11
-16
9
-6
49
2
-49
-9
10
-16
-1
-16
-10
-7
-45
-10
7
10
251
-7
-34
-34
-11
-2
5
14
-16
-56
-23
-1
-2
1
-8
-30
-9
100
137
116
-45
-1
4
-54
-13
94
24
24
17
20
9
9
19
-16
-6
1
9
10
10
-34
10
66
-34
20
-43
17
90
24
17
135
62
20
-4
23
9
-16
12
24
38
-121
5
-3
13
24
3
9
20
-2
17
1
23
188
-9
-1
16
-1
6
24
20
9
-4
9
-3
14
259
4
24
46
11
15
173
21
14
154
-25
-13
8
-135
9
9
14
-9
17
9
-69
-61
1
24
20
16
26
7
13
15
-6
-43
-43
100
19
10
16
18
16
-43
5
86
10
20
-3
13
13
15
15
6
27
179
16
20
-1
11
9
16
4
16
24
25
16
166
3
13
4
20
14
-43
15
16
1
2
13
-6
0
13
15
16
14
14
20
-1
110
7
-2
21
20
12
9
16
17
29
10
14
136
14
14
-7
19
-1
4
-11
-11
-1
24
-1
17
-6
-3
3
48
14
10
-6
9
18
10
17
86
17
20
24
23
11
5
46
168
20
-15
14
17
-4
13
20
13
4
100
9
0
106
17
-4
13
3
-1
-9
6
9
41
