-101
-71
-76
-59
-79
-104
-113
-102
-83
-144
-111
-57
-50
-59
-64
-14
-82
-101
-31
-103
-26
-78
-84
-103
-102
94
-39
-65
-93
-103
-109
-93
-104
-122
-66
-95
-72
-103
-76
-115
-75
-106
-74
-62
-58
-84
-71
-33
-104
-105
-84
-93
-73
-103
-83
-105
-91
-105
-68
-114
-69
-53
-80
-53
-95
-104
-52
-62
-49
-102
-16
-27
-25
25
-105
-52
-104
-73
-53
-75
2
-85
-75
-11
-11
-105
-116
-116
3
-116
40
-46
-142
-141
-142
-120
-69
-142
-68
-142
-101
-142
-143
-111
-94
-116
-59
-143
-144
-135
-116
-116
-135
-19
-115
-75
-115
-120
-110
-29
-114
-115
-119
-95
-49
-115
-19
-55
-104
-115
-115
-95
-111
-113
-111
-113
-95
-19
-116
-104
-19
-19
-114
-109
-111
-111
-116
-95
-104
-116
-19
-19
-113
-111
-111
-116
-19
-11
-119
-98
-11
1
-10
-48
-143
-96
-59
-82
-143
-111
-108
-101
-96
40
-105
-105
-111
-116
-75
-116
-116
-116
-29
-49
-104
-7
-143
-142
-97
-109
-116
-115
-10
-86
-85
-49
-78
-116
-116
-98
-96
-55
2
-87
-49
-39
-44
-86
-86
-49
-75
-104
-86
-77
-91
-104
-87
-7
-111
-87
-87
-98
-7
-115
-104
-116
-135
-116
-116
-116
-116
-49
-116
-95
-115
-115
-43
-55
-116
-7
-116
-116
-66
-9
-7
-99
-67
-77
-49
-85
-115
-55
-84
-116
-99
-55
-115
-104
-115
-115
-95
-104
-116
-115
-104
-55
-67
-145
-115
-116
-116
-9
-116
-104
-56
-75
-115
-115
-115
-115
-115
-9
-91
-55
-103
-67
-54
-54
-22
-20
-54
-55
-82
-9
-116
-115
-55
-104
-115
103
-91
-115
-115
-77
-89
-43
-54
-141
-88
-143
-143
-140
-140
-54
-82
-115
-115
-55
-82
-54
-55
-54
-20
-55
-54
-91
-91
-55
-54
-66
-82
-20
-66
-48
-115
-116
-48
-55
-55
-18
-116
-9
-115
-116
-115
-9
-9
-110
-9
-116
-9
-115
-55
-91
-9
-115
-116
-9
-73
-67
-55
-66
-55
-91
-104
-66
-55
-66
-55
-49
-116
-115
-99
-116
-116
-115
-115
-115
-91
-82
-116
-55
-116
-66
-9
-55
-104
-67
-103
-34
-91
-103
-66
-73
-104
2
-104
-9
-9
-9
-9
-116
-116
-9
-9
-116
-116
-104
-116
-115
-9
-108
-108
-104
-99
-9
-99
-116
-116
-9
-7
-116
-116
-9
-9
-9
-9
-9
-9
-108
-9
-29
-118
-73
-104
-104
-91
-82
-60
-67
-104
-82
-104
-9
-29
-104
-108
-115
-108
-108
-47
-115
1
-116
-115
-115
-115
-9
1
-9
-116
1
1
-48
-43
-73
-73
-39
-43
-108
1
-116
-99
-108
-29
1
-108
-108
-29
1
-108
1
-108
-108
-108
-108
-108
-121
-108
-29
-108
-108
-21
1
-108
-108
-108
-108
-108
-108
-104
-42
-108
-108
-108
-108
-108
-29
-108
-99
-108
-108
-108
-43
-116
-115
-116
-115
-43
-115
-116
-116
1
-108
-103
-119
-108
-108
-108
-108
-108
-108
-108
-108
-108
-108
-108
-108
-108
-73
-116
-108
-116
-116
-108
-108
-108
-108
-108
-108
-108
-108
-108
-108
-108
-108
-108
-108
-108
-108
-29
-108
-108
-108
-108
-108
-96
-107
-108
-108
-108
-108
-96
-108
-108
-108
-108
-96
-108
-116
-108
-108
-108
-108
-108
-108
-108
-108
-108
-108
-108
-108
-108
-108
-108
-108
-108
-108
-108
-96
-108
-108
-108
-29
-108
-108
-108
-108
-116
-108
-73
-115
-116
-115
-80
-116
-115
-115
-115
-116
-115
-115
-108
-108
-108
-108
-131
-96
-108
-108
-108
-108
-108
-96
-108
-108
-108
-108
-108
-108
-108
-108
-108
-108
-108
-108
-108
-108
-108
-108
-108
-96
-108
-139
-108
-108
-108
-108
-108
-108
-108
-108
-108
-108
-108
-108
-108
-96
-108
-108
-108
-108
-108
-108
-108
-97
-108
-108
-116
-115
-115
-108
-96
-108
-108
-108
-108
-96
-108
-108
-108
-108
-108
-108
-108
-108
-108
-108
-108
-96
-108
-111
-96
-108
-60
-108
-108
-108
-108
-113
-108
-108
-108
-108
-108
-108
-108
-108
-108
-108
-108
-108
-108
-108
-108
-108
-108
-108
-108
-108
-108
-108
-108
-108
-108
-108
-108
-108
-108
-108
-108
-108
-108
-108
-113
-113
-108
-108
-108
-108
-108
-108
-96
-108
-108
-109
-108
-108
-108
-108
-108
-108
-108
-113
-113
-113
-113
-113
-108
-108
-108
-108
-113
-108
-108
-108
-108
-96
-108
-108
-108
-108
-108
-131
-96
-113
-108
-29
-113
-113
-108
-108
-108
-108
-108
-108
-113
-113
-108
-108
-112
-112
-84
-29
-108
-112
-113
-108
-108
-108
-108
-113
-108
-108
-108
-46
-108
-108
-113
-112
-112
-108
-108
-108
-108
-108
-108
-108
-108
-108
-108
-113
-108
-96
-108
-108
-96
-52
-108
-108
-108
-66
-109
-108
-108
-36
-84
-113
-112
-80
-108
-112
-108
-96
-96
-109
-108
-104
-108
-113
-113
-108
-108
-97
-108
-108
-113
-113
-108
-83
-84
-29
-113
-112
-112
-112
-113
-84
-29
-108
-29
-108
-108
-83
-83
-83
-82
-112
-83
-83
-82
-83
-108
-108
-108
-108
-108
-108
-57
-113
-87
-29
-87
12
-84
-84
-104
-87
-84
-29
-19
-84
-84
-83
-131
-120
-56
-108
-21
-108
-29
-56
-108
-108
-29
-29
-108
-29
-111
-67
-29
-29
-29
-84
-84
-84
-29
22
-29
-29
-108
19
-108
-108
-108
-29
-108
-108
-108
-29
-108
-108
-29
-19
51
-29
-29
-108
-11
-9
-84
-29
-83
-46
-51
-29
-108
-108
-29
-39
-59
-87
-21
-84
-46
-39
-105
-77
-108
-108
-84
-83
-84
-59
-84
-108
-84
-29
-39
-77
-108
-108
19
1
-84
-39
-108
-105
-29
-108
