-115
-27
-37
-111
-140
-92
-114
-73
-44
-72
-88
-115
-77
-7
-80
-101
-132
-89
-69
-138
-77
-90
-110
-118
-85
-116
-75
-79
-107
-102
-67
-97
-100
-72
-126
-44
-52
-53
-98
-100
-121
-73
-47
-103
-74
66
-68
-98
-115
-100
-66
-94
-81
-114
-104
-62
-115
-71
-68
-19
-115
-111
-94
-103
-61
-112
-134
-70
-71
-115
-62
-140
-110
-88
-53
16
-80
-59
-100
-58
-99
-94
-63
-89
-47
-125
-78
-47
-87
-131
-136
-103
-103
-23
-110
-53
-76
-73
-51
-74
-115
-147
-71
-11
-90
-139
-88
-126
-72
-128
-59
-78
-73
-111
-84
19
-100
-129
-19
-115
-141
-136
-72
-57
-88
-111
-63
-64
-130
-78
-130
-111
-110
-132
-85
-111
-72
-50
-77
-144
-88
-84
-70
-115
-51
-71
-84
-38
-16
-27
-123
-141
-80
-18
36
-107
-81
-66
-134
-131
-41
-73
-120
-87
-18
-121
-62
-114
-103
-28
-89
-61
-69
-46
5
-36
-51
-95
12
-28
-47
-104
-101
-144
-102
-130
-127
-99
-38
-115
-67
-82
-100
-74
-101
-106
-64
-114
-74
-111
-14
-65
-57
-120
-94
-33
-72
-57
-115
-66
-104
-33
-45
-44
-131
-43
-80
-57
-96
-90
12
-50
-43
-96
-121
-104
-72
-65
-62
-102
-124
-27
-77
4
-89
-39
-88
-52
-12
-101
-99
-121
-30
-51
-104
-84
-98
-100
-112
-71
-4
-72
-103
-104
-55
-55
-34
-61
-101
-61
-53
-28
-100
-121
-19
-55
-91
-101
-121
-64
-112
-56
-88
-44
-95
-66
-78
-71
-116
-24
-84
-48
-77
-78
-68
-101
-29
-71
-101
-142
-7
-93
-67
-81
-116
-77
-113
-78
-68
-115
-135
-81
-16
-58
-68
-102
-62
-99
-105
-81
11
-91
-72
-112
-26
-56
-39
-71
-34
-100
-111
-77
-59
-81
-66
-65
-53
-90
20
-112
-130
-112
-84
-50
-116
-41
-27
-61
-101
-57
-77
-49
-44
0
-88
-47
-114
12
-87
-136
-36
-16
-81
-113
-132
-47
-47
-66
-14
6
-75
-41
-36
-123
-76
-25
-81
-34
-105
-25
-115
-36
-95
-47
-44
4
-87
-124
-39
-84
-50
-113
0
-33
-21
0
-147
-78
-43
-101
2
-73
-110
-132
-67
-28
-99
-112
32
-126
-84
-75
-99
-91
-47
-66
23
-45
-65
-104
-48
-112
-92
-94
-62
-61
-121
-114
-91
-136
-106
-30
-84
-121
-94
50
2
-88
-114
-65
-41
-83
-40
-75
-48
-133
-52
-104
31
-71
-84
-50
-78
-82
-45
-55
-116
-71
22
-131
21
-73
-17
23
-39
-38
-55
-93
-109
-35
-3
-76
-105
-87
-64
-111
-10
-6
-29
-89
-45
-73
-78
-65
-112
-78
-36
-92
-78
1
-111
-69
-53
-99
37
-112
36
34
-133
-67
-104
-82
-78
-76
14
-64
-39
35
-112
-29
-109
-100
23
-38
-120
-142
-66
38
-120
-102
1
-64
-134
-105
-56
-115
58
-78
35
-32
-40
11
-69
-101
-33
-115
-14
-87
-47
-105
-47
-119
-105
-116
-109
-70
-38
-114
-67
-93
-94
34
-124
43
-38
-88
-131
-66
-96
-33
-20
-56
-26
-131
-7
-65
-36
-24
-65
-62
-58
-111
-99
-102
-54
26
11
-135
-50
-33
-78
-114
-96
-41
25
-89
215
-21
-34
36
12
-65
0
15
-146
-84
-67
46
-128
88
-111
-99
-112
-84
-143
-87
-112
-94
12
36
-87
-120
-66
-78
-112
-36
-57
-105
-46
-71
-56
11
-71
-110
-75
-3
5
-121
-87
-32
-24
9
-30
-143
-134
-51
-75
-72
-77
-78
-120
-143
-58
-83
-116
23
13
-115
-132
-119
-67
-62
-116
24
36
-67
-100
-77
-66
-71
-40
-78
-8
0
-96
-104
-29
-111
-72
-65
-74
-69
-1
-78
26
-106
-116
40
-11
29
-14
-95
-26
-74
-37
-116
-18
-63
36
-8
-64
-71
-36
-111
-136
-110
-17
-115
8
47
-6
-111
-72
-111
-111
-38
-101
-93
-69
-24
-22
-139
-98
-105
-73
12
22
-121
-81
-77
-75
-61
-9
-100
-29
-104
-73
23
-116
-96
12
-38
36
-67
-80
-95
-87
-143
-60
-24
36
-78
-56
-77
-142
-8
-142
9
-102
24
-92
-40
10
-111
-95
-67
-142
-12
23
-61
-90
-111
-116
-110
-8
-89
0
4
-76
11
29
-99
20
0
-142
3
-106
35
-111
-49
-31
13
47
-126
-94
1
-107
-105
-143
25
-135
-77
-143
-135
-8
-84
-99
-145
-121
-37
23
-36
-133
-72
-76
-121
-87
-14
36
-116
-142
-92
-61
-64
-121
-110
20
-143
-130
-65
-101
-148
-143
-116
-77
-81
-94
-121
-91
-116
0
-76
-101
22
-111
-78
47
-126
-95
12
1
-111
-8
-88
-111
24
-21
-101
-78
-103
-73
-110
-121
-121
13
-64
-114
-111
-143
-111
0
12
-111
1
-95
-143
29
-78
-121
-142
-143
-116
-111
-131
-116
36
-25
-111
-116
0
-108
-146
-142
-143
-37
-77
-116
24
-116
-111
-101
-111
-121
-36
-135
-144
-95
-142
-143
13
58
-143
-135
-110
-64
29
-135
24
-143
-142
-143
-82
-101
-135
-121
-116
-144
-21
1
-37
-95
-101
-111
-117
-8
-146
-143
-116
-111
-143
-143
-116
-143
-143
-116
-77
-101
-137
-121
-84
-143
-116
-144
-99
-143
-142
-143
-119
-101
-130
-119
-142
-99
-119
-143
-121
-116
-103
-106
24
-111
24
-48
-112
-111
-91
-146
-70
-116
-81
-109
-111
-115
-111
-101
-111
-116
-115
-111
-110
-111
-110
-91
-61
-61
-121
-119
-146
-95
-91
-61
-143
-61
-91
-120
-146
-143
-61
-121
-61
-91
-118
-61
-61
-41
-143
-116
-61
24
-61
