-118
-96
-116
-19
-101
-109
-63
-40
-84
-59
-69
-68
-115
-12
-96
-85
-72
-96
-47
-58
-77
-95
-74
-113
-30
-87
-143
-48
-64
-119
-34
-115
-120
-75
-101
-90
-85
-144
-142
-58
-68
-71
-81
-135
-120
-142
-143
-81
-4
-75
-75
-104
-27
-116
-143
-116
-39
-39
-78
-143
-116
-39
-27
-116
-39
-39
-116
-116
-144
-143
-143
-115
-111
-39
-116
-39
-115
-115
-39
-39
-39
-39
-19
-19
-116
-49
-19
-19
-19
-19
-19
-55
-19
-19
-115
-19
-19
-33
-19
-19
-8
-19
-19
-30
-19
-19
-19
54
-75
-68
-111
-23
-115
-28
-67
-55
50
-105
-55
-67
-32
-116
-55
-67
-56
-55
-26
-105
-55
-30
-134
-116
-75
-29
-11
-123
-55
-49
-49
-116
-105
-116
-116
-49
-116
-114
1
1
64
-55
-55
-55
-7
-104
-75
-95
-102
-7
-110
-122
-110
-7
-55
-123
-105
-115
-135
-105
-123
-121
-121
-49
-116
-67
-115
-51
-43
-93
-75
-55
-55
-55
-20
-75
-43
-85
-37
-55
-7
-67
-55
-55
-55
-55
-114
-110
-122
-28
-132
-110
-110
-104
1
-43
-95
14
-55
-55
-55
-55
-110
-55
-55
-104
-7
-7
-111
-97
-36
-7
25
-7
-7
-7
-55
-55
-55
-55
-7
-7
-95
-55
-95
-72
-55
-28
-116
-27
-25
-55
-26
-11
-32
-21
-95
-32
-72
-11
-95
-85
-115
-85
-95
-58
-8
-32
-83
-95
-72
-72
-72
-23
-72
-95
-72
-85
-72
-72
-95
-83
-72
-15
-27
-16
-72
-95
-105
-49
-85
-95
-72
-95
-83
-72
-85
-95
-116
-72
-72
-116
-95
-105
-75
-75
-75
-75
-75
-95
-95
-116
-38
-116
-116
-49
-83
-116
-95
-94
-115
-115
-116
-115
-123
-49
-95
-116
-75
-95
-75
-9
-115
-67
-80
-49
-50
-115
-95
-95
-83
-82
-84
-67
-126
-55
-67
-75
14
-95
-38
-75
-95
-71
-95
-75
-95
-61
-34
-84
-85
-75
-85
-94
-132
-95
-95
-85
-75
-86
-34
-19
-75
-75
-19
-93
-95
-95
-85
-75
-75
-85
-95
-17
-85
-74
71
-61
-75
-74
-75
-85
-17
-74
-73
-73
-73
-73
-73
-85
-75
-73
-25
-73
-75
-74
-106
-75
-74
-74
-74
-74
-73
-74
-73
-89
-6
-6
-6
-64
-75
-75
-115
-75
-6
-27
-75
-75
-15
-6
-6
-110
-28
-60
-73
-17
-19
-36
-60
-58
-31
-28
-66
-19
-26
13
-32
-28
-24
-26
88
-29
-19
-26
-21
-60
-60
-61
-19
-6
-29
-28
-113
-36
-14
79
-25
-62
17
-93
-60
-70
-60
-8
11
-73
-81
-103
-61
-16
-18
-71
-73
-60
-71
-61
-82
-60
-48
-61
-73
-60
-60
-62
-72
-62
-60
-72
-26
-59
-63
-73
-16
-73
-81
-71
-82
-17
-49
-71
-71
-60
-73
-16
-72
-18
-62
4
-34
-67
-71
-95
-10
-16
-19
16
107
-63
-16
5
-7
-33
-5
-5
-5
-5
-5
-5
-55
-55
-14
-25
-19
-25
-53
-55
-30
-67
-71
-64
-90
6
-24
-71
-50
-19
-72
-79
-71
-32
-43
59
-55
-25
-54
-15
-19
-28
76
-24
-19
122
-29
-6
96
-32
140
-18
-15
-15
-20
-32
-18
-44
-43
-69
-27
-60
-43
-43
-43
-26
-43
-43
-60
-27
104
-18
-17
-32
5
-6
-6
-83
-6
110
-18
68
-27
-45
118
-69
-17
-19
-18
-1
-44
-18
-18
-18
-30
-18
130
-17
-17
-15
-44
-44
-18
-44
-52
-43
-26
-26
-28
-43
-43
-26
-60
-19
-19
-19
-37
-60
-45
-61
-27
-61
-19
-43
-43
-19
-44
-43
-43
-19
-17
-17
-13
-113
-19
-19
-43
-19
-19
-19
-20
-34
-71
-19
-19
-27
2
10
-27
2
-27
-19
-19
-59
-27
-7
-44
-19
-19
-43
-43
-19
-14
-43
110
-44
-45
-22
-19
-19
-43
-71
107
-43
146
-19
-43
-60
-35
-43
-43
-49
-43
-43
-43
-13
-43
-43
-19
-43
-43
20
14
-43
-7
-43
-43
-19
-26
-18
-17
-43
-93
-60
-43
-43
-19
-50
-19
-43
-60
-19
-27
-43
-64
-41
-27
-41
63
-27
63
-29
-66
-43
-43
-43
-60
-62
-19
-43
113
-43
-60
-43
-19
-43
-43
160
-44
-42
-18
-36
-2
-43
-43
-43
-43
-64
-39
116
-19
-43
-24
-43
86
162
153
-19
115
-43
-16
-64
301
-43
-43
-60
164
159
-54
-43
165
-11
-64
-43
-13
-18
-1
66
-49
-49
-18
-44
-2
25
-13
25
-43
-37
-60
-53
-8
13
-14
121
105
53
-39
45
5
-43
35
-17
-8
137
-18
189
-50
-43
-24
146
-26
-14
-14
211
112
138
129
112
-115
-5
-44
42
-37
41
-43
221
-28
160
123
16
-1
-23
24
-49
8
1
-29
-37
-5
25
-23
-13
128
-31
-49
12
-43
-19
-36
26
-83
107
109
-100
-8
-54
117
22
18
-110
125
-73
-31
20
71
4
-46
-41
-7
120
139
-43
13
-19
-15
-53
-3
112
-5
-29
12
21
16
-12
11
27
14
20
20
9
46
7
4
69
122
-9
-39
-20
-15
15
98
-10
-25
5
11
141
16
119
5
9
-4
105
-24
-17
3
-16
92
4
-27
-14
-69
9
151
-25
24
135
13
-8
55
163
3
-5
-29
15
4
135
5
-19
24
4
24
5
174
106
25
19
25
24
23
14
4
106
18
-7
106
21
21
14
143
113
14
-12
-27
-4
7
-9
4
11
11
20
7
11
6
13
104
15
14
16
49
-5
3
-6
0
-32
13
94
