-83
-63
-80
-52
-103
-108
-90
-120
-113
-66
-98
-120
-28
-16
-102
-140
-60
-132
-45
-140
-80
-114
-70
-91
-76
-90
-80
-63
-92
-112
-98
-102
-141
-112
-65
-100
-115
-105
-94
-51
-113
-129
-132
-42
-102
-134
-88
-95
-102
-67
-114
-134
-99
-55
-65
-102
-102
-135
-115
-72
-114
-93
-122
-111
-112
-84
-54
-143
-37
-74
-70
-79
-97
-99
-35
-123
-99
-101
-60
-77
-105
-79
-143
-23
-120
-99
-88
-78
-37
-82
-91
-100
-76
-41
-103
-84
-120
-104
-82
-99
-145
-94
-16
-32
-82
-137
-144
-64
-113
-99
-92
-97
-90
-92
-53
-108
-128
-79
-105
-84
-114
-92
-69
-112
-71
-109
-42
-79
-55
-88
-69
-64
-84
4
-145
-49
-54
-131
-108
-99
-121
-55
-100
-28
-111
-61
-98
-75
-62
-83
-102
-18
-106
-76
-70
-3
-102
-60
-74
-18
-92
-91
-74
-43
-103
-20
-140
-80
-80
-84
-108
-90
-128
-101
-111
-78
-140
-115
-47
-101
-113
-112
-53
-104
-109
-130
-126
-71
-39
0
-102
-111
-133
-95
-27
-95
-66
-105
-59
-121
-77
-21
-88
-120
-114
-27
-26
-111
-32
-85
-114
-120
-75
-65
-77
-129
-124
-83
-84
-112
-77
-71
-123
-66
-60
-37
-67
-131
-66
-36
18
-105
-46
-94
-26
12
-105
-30
-121
-95
-110
-80
-98
-45
-15
-38
35
-91
-95
-135
-52
-23
-109
-88
-72
-6
-81
-53
-66
-105
-54
-23
-131
-98
-104
-99
-41
-93
-99
-93
-46
-92
-65
-94
-138
67
-90
-64
-90
-34
-51
-110
-139
-107
-115
-29
-100
-143
-78
-72
-112
-100
-104
-125
-34
-71
-119
-89
-114
-78
-70
-100
-28
-47
-78
-112
-69
-134
-93
-81
-88
-38
-36
-75
-52
-126
-49
-114
-88
-48
-35
-99
-86
-46
-85
3
-61
-100
-99
-121
-72
-111
-39
-67
-37
-115
-116
-51
-62
-67
-65
-94
-99
-121
-111
-120
-79
-84
-66
-126
-125
-142
-44
-30
-52
-82
-36
-88
-105
-66
-112
-135
-45
-131
-49
-113
-90
-27
-67
-70
-105
-76
-33
-33
-16
-132
-142
-116
-38
-61
-123
-4
-93
-76
-116
-47
-138
-88
-86
-65
-91
-68
-71
-110
-91
-32
-79
-132
-44
-45
-89
-34
-56
-146
-61
-105
-103
-93
-10
-112
-69
-89
-112
-79
-58
-72
-93
5
-90
-131
-102
-94
-32
-62
-84
-43
-123
-112
-87
-138
-145
-5
-89
-83
-59
-46
-56
-87
-27
-6
-113
-112
-36
-110
-134
-17
-95
-84
-73
-83
-105
-75
-86
-102
-76
-94
-95
-117
-47
32
-75
-78
-11
-82
-40
-90
-49
-102
-118
13
-141
-134
-66
-51
-39
-48
-65
-105
-90
-100
-99
-114
-112
-29
-130
-110
-71
-38
-100
-100
-21
-101
-58
-92
-99
-40
-38
-107
-111
-56
-57
-74
-102
-88
-45
-65
-80
-67
-77
-61
-45
-8
-63
-91
36
-111
-30
-131
-83
-66
-114
-57
-89
-120
-113
-87
-63
-58
-37
-103
-18
-15
-55
-26
-53
-73
11
-88
-84
-67
-46
-73
-104
-52
-13
-57
-72
-89
-136
-140
-66
-100
-57
-91
-44
-72
34
-99
-71
-122
-102
-99
-95
-113
-104
-47
-94
-112
-78
-115
-99
-76
-119
-64
-38
-78
-138
-49
-136
-93
-145
26
-11
7
-58
-91
-32
-74
-66
-71
-121
-83
-65
-37
-65
-130
-52
-116
-126
-104
-81
-37
-54
-136
-91
-110
-56
-28
-2
-95
-131
-65
-57
-104
-76
-71
-86
-36
-101
-50
-73
-57
-123
-125
-65
-41
11
-100
184
-72
47
-94
-104
-39
-117
-145
-18
-42
-52
-45
-77
-141
-98
-61
-25
-83
-99
-40
-57
-20
-16
-88
-60
-31
-67
-102
-64
-36
-79
-15
12
27
-114
-63
-56
-53
-1
-38
-104
-113
-107
-85
-128
-94
-46
-101
-98
-81
-67
-109
-87
-124
-116
-61
-79
-49
-68
-95
-114
-59
-84
-49
-115
-144
-105
-100
-115
-137
-60
-101
-35
-43
-56
-17
-131
-16
-67
-81
-85
-103
-123
-84
-99
-132
-58
-123
-37
-87
-85
-51
-45
106
-145
-48
36
-46
-115
-114
-71
-100
-146
-47
-99
-145
-3
-131
-61
-95
-94
-145
1
-9
-23
-56
-100
-106
-71
-75
-53
-71
-17
-73
-60
-19
-102
-80
-100
-52
-11
-115
-50
-115
-69
-95
-2
-72
-61
-93
-92
-90
-31
-105
-100
-142
-30
-69
-112
-72
-21
-64
-112
-105
-89
-15
-115
-115
-94
-5
-35
-112
-110
-111
-28
-94
-54
-56
-38
-111
-20
-113
-59
-88
-101
4
-75
31
-123
-90
62
-47
12
-35
-16
-22
-133
-124
23
-104
-28
-15
-110
-120
-3
-90
-81
-141
1
-99
-51
-22
-56
-56
-37
-88
-77
-37
-76
-88
12
-66
173
-105
-75
-50
-112
-82
1
-93
-14
-46
-109
-75
-41
-34
-39
-136
-88
-116
-73
31
-65
-132
-89
-37
-72
-29
-36
-33
-91
-109
-100
-25
-116
-19
-105
-20
-45
-29
-105
-112
-68
-48
-146
-47
-113
-46
-71
-81
-105
-101
-54
-66
-68
-126
-38
-58
11
13
-38
24
-114
9
-68
-73
-51
11
-134
-134
-33
54
-112
-48
-30
-49
-32
-74
-112
-105
-48
-7
-49
-7
-94
-75
-65
-115
-103
-84
-20
-78
-81
-57
-77
-96
-8
35
-85
-78
-67
-51
-82
-8
-68
50
-145
-47
-38
3
-146
-73
42
23
-100
-60
-74
25
-101
-123
-111
-112
-112
-124
-106
-59
-88
-40
-19
-32
-73
-93
-72
-40
-66
-101
-48
-120
-89
-40
-144
-63
-38
-73
-100
-67
-37
-101
-62
-58
-18
-130
-143
-64
-47
-87
-104
-60
-30
-9
-46
-94
