-109
-117
-103
-78
-109
-108
-101
-93
-100
-93
-92
-110
-81
-108
-101
-107
-126
-94
-57
-59
-78
-46
-115
-70
-111
-114
-143
-65
-40
-115
-115
-109
-121
-111
-110
-98
-94
-93
-96
-14
-93
-115
-49
-82
-84
-33
-79
-96
-99
-91
-144
-114
-132
-109
-13
-89
-62
-94
-114
-50
-103
-93
-27
-27
-74
-39
-106
-62
-140
-40
-70
-110
-116
-100
-38
-36
38
-114
-142
-5
-87
-104
-45
-36
-81
-108
-114
-114
-48
-46
-64
-27
-91
-64
-71
-62
-143
-88
-35
-88
-58
-79
-101
-67
-55
-116
-88
-108
-55
-85
-84
-113
-115
-50
-44
-95
-99
-93
10
-55
-91
-81
-71
-120
-50
-48
-89
-115
-116
-20
-96
-75
-94
-80
-68
-113
-64
-77
-115
-39
-78
-100
-95
-94
-87
-115
-83
-85
-48
2
-56
-95
-7
-58
-90
-99
-7
-61
-71
-34
-100
-55
-143
-30
26
-24
-51
-33
-1
-105
-115
-13
-30
-115
-114
-70
33
10
-90
-70
-79
-20
-90
-104
-102
-55
-99
-78
-66
-54
-95
-66
-95
-49
-38
-101
-105
-52
-79
-91
-79
-104
-95
-82
-90
-38
-116
-94
36
-39
2
-103
-56
-105
-93
-116
-94
-37
-115
-23
-115
21
-81
-49
-104
-49
-49
-91
-90
-104
-39
-39
-78
-102
-104
-61
-91
-116
-104
-84
-116
-104
-106
-116
-80
-49
-116
-116
-105
-64
-116
-116
-81
-59
-143
-104
-81
-116
-114
-116
-115
-115
-116
-93
-116
-105
-116
-95
-105
-116
-116
-116
-49
-105
-116
-116
-116
-116
-116
-105
-116
-116
-64
-116
-116
-146
-115
-105
-116
-106
-116
-116
-100
-116
-104
-116
-106
-123
-95
-104
-116
-116
-104
-116
-116
-104
-116
-116
-104
-115
-95
-143
-116
-104
-67
-101
-116
-105
-116
-116
-105
-116
-75
-92
-116
-64
-116
-121
-95
-94
-63
-105
-66
-55
-126
-105
-93
-91
-116
-114
-115
-115
-113
-113
-88
-46
-64
-121
-116
-78
-84
-84
-84
-67
-66
-78
-55
-106
-55
-66
-67
-78
-66
-66
-116
-89
-89
-79
-104
-135
-104
-115
-91
-55
-55
-94
-66
-55
-124
-78
-78
-79
-91
-91
-119
-104
-95
-89
-91
-78
-91
-87
-32
-55
-55
-55
-88
-87
-104
-67
-79
-104
-64
-91
-104
-104
-88
-87
-104
-89
-87
-89
-104
-64
-55
-55
-91
-79
-79
-32
-56
-113
-79
-55
-64
-91
-55
-67
-55
-79
-55
-55
-55
-55
-54
-78
-51
-54
-55
-55
-50
-95
-55
-115
-55
-64
-115
-77
-55
-75
-91
-55
-50
-51
-50
-91
-54
-54
-55
-88
-55
-67
-67
-67
-54
-54
-55
-90
-43
-51
-54
-64
-75
-55
-64
-104
-75
-75
-43
-67
-75
-79
-67
-90
-55
-66
-55
-55
-66
-55
-55
-55
-43
-91
-54
-39
-50
-116
-39
-55
-44
-79
-54
-85
-55
-79
-91
-55
-79
-55
-91
-43
-54
-55
-81
-55
-91
-90
-55
-55
-91
-19
-64
-19
-54
-43
-116
-43
-43
-54
-51
-64
-95
-39
-85
-55
-55
-55
-91
-104
-91
-79
-91
-55
-55
-55
-55
-55
-54
-55
-85
-39
-104
-43
-66
-54
-39
-116
-43
-85
-39
-39
-54
-39
-39
-115
-39
-85
-39
-43
-55
-54
-79
-55
-55
-55
-43
-85
-39
-39
-48
-39
-59
-91
-54
20
-90
-55
-90
17
-59
-91
-91
-51
-54
-49
-91
-90
-54
-54
-43
-55
-55
-67
-50
-95
-104
-71
25
-79
-54
71
-78
-76
-55
-43
-79
-51
-90
-51
-51
-49
-69
-1
-39
-39
-9
-54
-51
-39
-39
-39
-46
-69
-115
-39
-60
-29
-79
-58
-104
-91
-104
-27
-10
-104
-55
-39
-39
-39
-39
-50
-50
-39
-39
-39
-39
-39
-19
-39
-19
-34
-76
-93
-34
-82
129
-43
-39
-19
-32
-108
-77
-94
-32
71
-54
-44
-75
9
38
-58
-34
-15
144
-39
-39
-39
-29
-39
-39
8
-43
-40
13
-55
-39
-19
-19
-59
-39
-39
-71
-38
-15
118
-19
-26
-3
-3
118
-22
-48
82
-45
-67
-35
-3
-3
-27
142
-38
-19
-44
-27
-65
-39
-19
-24
118
140
-44
-3
-38
-44
118
-26
-15
118
83
-85
-55
-67
94
-33
-57
118
118
-26
-46
-104
118
-35
-67
-26
-3
-43
-27
-13
129
82
83
83
118
-55
-69
83
-45
-67
118
82
-55
-55
-56
118
118
-15
-55
-57
-55
-55
-55
83
94
83
-55
-107
118
118
118
83
-33
-55
-67
83
94
-45
-67
82
82
118
-45
83
118
118
118
129
-67
-55
-67
-67
-15
-3
118
83
94
-67
83
94
118
-3
82
94
83
106
106
-55
94
94
94
93
-67
-67
95
95
83
82
94
94
83
94
83
83
93
94
94
-45
-55
95
-55
-67
94
94
105
83
106
107
107
107
-55
95
95
106
95
106
107
-55
-114
83
106
106
-114
-55
-56
107
107
105
107
95
-82
-67
107
-55
-55
107
107
107
107
107
-55
107
-55
-82
-79
-55
-67
-55
-67
107
107
107
-55
-55
-55
94
106
-55
-56
107
106
107
-38
107
107
-55
-55
-55
-55
-55
-55
-55
107
21
-55
106
107
106
107
94
82
106
95
106
-67
-56
-55
-55
-55
-55
107
83
82
94
106
107
107
-55
-55
107
21
-55
-67
-55
-55
-55
107
106
95
-55
107
118
-86
-55
107
106
106
107
106
94
106
95
118
95
106
106
106
107
107
107
94
107
95
106
106
-55
-56
-55
-55
95
95
-55
107
95
107
107
107
-55
-55
107
-55
