-115
-135
-67
-66
-56
-78
-105
-46
-103
-110
-89
-119
-39
-46
-91
-116
-46
-112
-104
-68
-84
-116
-68
-115
-44
-54
-116
-71
-68
-113
-114
-83
-121
-109
-75
-122
-98
-111
-111
-67
-63
-51
-82
-114
-64
-113
-54
-101
-63
-23
-112
-99
-121
-48
-112
-115
-24
-96
-104
-27
-56
-64
-113
-86
-86
-86
-142
-98
17
-92
-75
-143
-38
-77
-104
-46
-27
-91
-89
-113
-113
-48
-95
-115
-108
-94
-77
-67
-58
-30
-75
-84
-132
-24
-119
-35
-53
-93
-101
-136
-110
-112
-27
-47
-26
-116
-59
-81
-30
-78
-53
-72
-73
-105
-18
-73
-75
-106
-77
-90
-89
-41
-59
-73
-19
-76
-57
-105
-44
-45
-52
-85
-38
-22
-100
-31
6
-59
-62
-91
-90
-47
-44
-73
-48
-64
-110
-38
-142
-100
-70
-87
-48
-95
-144
-65
-102
-50
-35
-47
-70
-37
-46
-23
-30
-57
-145
-140
-62
-99
-71
-11
-115
9
-112
-37
-44
-118
-56
-117
-143
-28
-115
4
-57
-59
-40
-57
-120
-68
-111
-25
-6
-78
-95
-76
30
-115
-53
-99
-51
-86
-115
-88
-145
-53
-99
-8
-57
-122
-78
1
-57
-64
-115
-73
-15
-39
-133
-75
-76
-100
-64
-64
-46
3
-61
-115
-94
-49
-112
-68
-132
-11
-53
-56
-28
-75
-94
-114
-64
-115
-57
-133
-53
-88
-27
-69
-99
-103
-65
-59
-11
1
-25
-104
13
-74
26
-64
-77
-37
-74
2
-41
-85
-113
-84
-6
-64
-71
-94
-38
-65
-27
-54
-16
-47
-27
-75
-115
-92
-58
11
-65
-12
-65
-23
-67
-18
-43
-39
-64
-65
-3
-18
-75
-85
-12
-57
-38
-95
-58
-58
-67
-53
-84
-75
-58
-105
-66
-100
-74
-99
-53
-33
-68
-44
-84
-53
-50
-115
-12
-56
-78
-142
0
-76
-65
-54
-58
44
14
-115
-51
-8
-27
24
-26
2
-68
-58
-35
-19
-65
-106
-15
-75
-2
-75
-75
-64
-65
-62
-33
-63
-3
156
-44
3
-17
-104
-75
-19
-64
-93
-32
-8
54
-64
-28
-7
35
-134
25
-72
-61
-116
-104
-6
-76
-116
-52
25
-64
-29
-112
-115
-43
31
-104
36
-35
44
-43
-89
-104
-19
-75
36
-75
-8
-85
0
-22
36
-31
-67
-64
-115
-11
-64
-75
-8
-38
-61
-55
-27
-44
-55
-64
-8
-78
-105
-28
-45
-65
-116
1
-22
-133
81
-116
-48
-75
25
89
-116
-89
-116
-116
-105
-94
-25
-116
-11
-75
-35
-64
-105
-78
-2
12
-105
-49
-2
-21
-105
11
-8
-19
-11
-17
-15
-105
-116
74
-116
-104
-116
-116
85
-59
-104
-116
-116
-49
-104
-8
-116
-32
-61
-104
-116
-116
-116
-105
-121
-91
-64
-104
-116
-116
-116
-94
-117
-116
-116
-105
-105
-116
-105
-116
7
-55
-116
-49
-116
-8
-116
-116
-116
-94
-104
-116
-104
-116
-121
-116
-116
-116
-116
-116
-112
94
-116
-19
-19
-116
-116
-116
-116
-116
-116
-116
-116
-116
-116
-116
-116
-116
-116
-116
-104
-55
-49
-51
-116
-105
-116
-116
-116
-116
-117
-116
-116
-105
-116
-116
-116
-116
-116
-115
-116
-115
-116
-116
-115
-116
-115
-115
-116
-116
-105
-116
-116
-116
-116
-116
-116
-116
-116
-116
-116
-116
-116
-116
-125
-116
-116
-116
-116
-116
-115
-116
-116
-116
-116
-115
-116
-116
-116
-116
-116
-116
-115
-115
-116
-134
-116
-115
-116
-115
-115
-116
-116
-116
-116
-116
-116
-115
-115
-116
-116
-116
-116
-116
-116
-116
-116
-116
-116
-116
-115
-115
-116
-116
-120
-116
-116
-89
-117
-97
-114
-120
-116
-116
-116
-116
-116
-116
-116
-116
-116
-116
-121
-115
-114
-96
-110
-114
-119
-115
-116
-116
-116
-116
-116
-116
-115
-116
-116
-116
-116
-116
-116
-115
-116
-116
-116
-116
-116
-116
-116
-110
-78
-83
-116
-116
-116
-116
-116
-116
-116
-115
-116
-115
-115
-115
-116
-116
-115
-115
-115
-116
-116
-115
-115
-116
-115
-115
-116
-115
-116
-116
-116
-116
-116
-78
-96
-116
-116
-116
-115
-116
-116
-116
-116
-121
-83
-116
-105
-83
-108
-108
-78
-83
-116
-83
-116
-2
-109
-108
-108
-108
-85
-113
-108
-88
-78
-78
-81
-116
-116
-116
-95
-116
-115
-120
-116
-115
-116
-115
-116
-95
-114
-82
-116
-78
-78
-110
-78
-108
-108
9
-108
-108
-96
-108
-109
-84
-86
-78
-78
-82
-82
-113
-116
-116
-115
-115
-115
-82
-82
-102
-115
-115
-115
-115
-95
-57
-110
-84
-116
-116
-108
-78
-99
-90
-108
-82
-85
-109
-78
-82
-82
-82
-113
-115
-114
-115
-116
-104
-115
-115
-115
-115
-115
-115
-117
-78
-115
-115
-115
-116
-115
-115
-117
-116
-115
-115
-99
-108
-108
-108
-82
-82
-110
-116
-9
-108
-60
-115
-103
-108
-108
-82
-82
-108
-108
-108
-108
-108
-108
-117
-116
-115
-116
-115
-115
-55
-9
-96
-108
-108
-82
-78
-117
-115
-115
-115
-79
-115
-115
-116
-115
-115
-115
-108
-99
-108
-116
-79
-108
-108
-108
-108
-108
-108
-108
-108
-89
-62
-116
-116
-115
-115
-115
-108
-108
-108
-108
-108
-108
-116
-73
-78
-108
-78
-116
-108
-108
-108
-108
-108
-82
-82
-112
-82
-82
-9
-99
-108
-108
-108
-115
-9
-75
-108
-96
-108
-113
-82
-113
-105
-62
-116
-73
-108
-108
-108
-108
-108
-73
-107
-75
-115
-115
-115
-115
-115
-73
-105
-108
-73
-119
-77
-119
-105
-88
-75
-75
-99
-99
-84
-108
-108
-104
-108
-108
-108
-108
-121
-108
-73
-121
-75
-97
-108
-108
-108
-113
-108
-97
-77
-83
-75
-83
-83
-86
