-227.3149231122095
-268.26365156563503
-549.5960191116881
-253.53508715360752
-170.04914138410146
-201.0881095557378
-247.24313470799032
-219.50376321660752
-109.82812258756547
-97.72074635730013
-186.3538988598396
-258.1977338410588
7.768059073137437
-131.14825639320327
-470.3184288089012
-93.59546064973662
-468.90935150629826
-441.572593786731
-142.3926711421916
-358.3933948374633
-305.87780307502646
-63.51997421645085
-180.92962284018068
-85.6515623627343
-257.46908727787155
-75.97344478380774
-363.6660428338205
-145.53541140516054
-311.2762247060417
-229.24707651978105
-178.37617171155364
9.78264638499661
-110.09400244168668
-168.71238778819946
-282.75651021997976
-93.85423503749404
-97.16155057246907
-186.325420174489
-28.192628957387726
-142.1383816580797
-236.32186280719725
-96.56037096580994
-106.70465316250196
-43.161206390413255
-53.81208907283681
-201.24693488751475
-50.740546908399395
-25.99266066435942
-315.86263484039216
