-499.4367624532854
-198.11269209678062
-569.0495272327646
-238.93950588772668
-57.740975640449975
-392.3684998208446
-166.97192270171797
-94.91829448230243
-72.19045905079253
-234.0751259131612
-132.64596464135758
-36.75391636313148
-186.0930391041051
-82.28821325631814
-325.71932251424573
-266.6576057378227
-272.24114339399694
-342.28797190137163
-259.9167202069086
-176.1495362525838
-114.35300972941614
-72.6027446943801
-198.63985908342266
-218.16979910052652
-137.8072999134838
-155.97312723083763
-337.3455704962462
-117.90499037681603
-101.15325594695047
-184.91555814485304
-126.35470231144916
-21.92661818122201
-242.23935994193147
-143.55497461837442
-45.59672091087414
-69.28148855538176
-77.56340170278534
-137.54196339981326
-307.11380012911866
-225.35689292474302
-211.97480491463418
-45.402696838179075
-204.61174001235054
-176.7485850940556
-49.95026071779312
-267.23738415160614
-156.0970639477778
-175.00666539922503
-132.82008320209707
-222.53532121606665
-209.48848318242992
-142.16404438482866
-65.50940081195611
-177.1799564468162
-156.54557528015928
-118.26968318059275
-249.1702200537225
-240.33774732577845
-255.30030310219837
-68.39922132068429
-135.33947649849466
-74.98401430545354
-336.8035952481838
-87.62144968592533
-222.98900260324436
-111.44541571599981
-69.18687864778387
11.077795519545418
-89.96396629790453
-317.1574630406
-171.46725463102885
-289.8207671260431
-61.76791378360866
-114.52152803506497
-19.897553080739414
-175.26728181966024
-88.44486022160214
-32.15887096258349
-45.90849408363982
-181.49692437302105
-76.01689277434357
-145.5822204237487
-24.394309019373154
-46.20376978521264
-122.76626454588603
-297.99188553118813
-229.96308050471413
-72.65532322290473
-42.85378086201028
-35.587358947929445
-52.697259368199894
-67.80497995335779
-70.99225345613867
-49.07717346452237
-69.40140194769462
9.437974439670782
-83.63730035933412
-58.580708807993304
-264.3677572941473
-43.33453789582265
-174.75039271513606
-122.96176234197506
-1.061260186474641
-87.45945439286857
-65.62210621465813
-133.79691723716797
-41.00116595816347
-130.27168813716844
-65.44115340754419
-129.97804134052654
-50.51310659489897
-52.221635701473325
-84.52379291974715
-100.24866130135328
-18.12080458762442
-176.44211667980682
-117.52280245028278
-136.94008930571297
9.91243771727703
-68.9993999209202
-64.69865871579017
13.07476233628283
-23.43097816361447
-45.8428352318645
-67.18312116487716
-78.90352776949229
-127.95550863968633
-50.03559660668096
-123.84681291273444
-169.49423651618096
-39.32741832311291
-64.66259232367068
-22.82276962825233
-40.346678180074704
-59.64268123759367
-79.74632898219669
-31.697861868145736
-83.66189701364047
-14.686222613569143
-4.899388612937514
-41.518488667190695
-125.97035179050553
-77.22402498113354
-24.341583203228737
-82.50995162464021
-154.61965268460042
-38.755382203570115
-54.04306326644798
-58.55219782202164
-78.51672838731997
-92.32185098462637
-16.892650721230424
-109.87371721798142
-91.74092893271833
-161.1486917585837
-63.17162557511192
-139.91665363818475
-69.4078495912969
-92.7196287253485
-114.29250093135458
-83.09033596829929
-72.31929650890329
-21.008177924189866
-62.2404840302383
-62.650639196925326
-28.14904766410001
16.90690074924953
-114.557644960714
-76.1237450054756
-35.68353165169111
-86.14493273887945
-110.44903487490045
-158.67454759416233
-176.61663716239158
-32.02398037997263
-91.13812270448179
-61.44391265745513
-69.69741622985819
-68.66621336142637
-130.1247910259789
-93.13004962457471
9.739973407381996
13.826888935532239
-56.46309741601956
-49.88454774914085
-17.805484067014447
-40.35810619133112
-76.25024078611847
-79.86104687843623
-34.92977873247956
23.273147384970983
-252.48818939499802
-24.13893277436766
-34.07845113276129
-3.6118485223193915
-37.04468524461544
-36.26757645077964
-87.73483183494102
-97.23646353548003
-35.988936324715226
-104.8074386465637
-15.95984534126481
-75.7841965859633
-0.2674042052211405
-72.8487068077978
-68.0960277390603
-18.7121667340966
-39.292501301098405
23.329843155208096
-60.352027511529755
-110.14276858393866
-98.53866003113967
-67.43942070929296
-33.339612345984264
-11.138364213270378
-68.33277024041647
-166.16207371432387
-34.41817794453786
-39.86727392653053
11.032636530626561
-48.72333833753101
-92.93166603762114
-170.0930545312767
-12.086416330488987
-73.94709517524646
-24.706303796037204
-41.59159387370781
-32.470723330556055
-106.31373746820223
-41.69088766554754
-43.38841899410443
-48.05351528720057
-40.573544913222435
-14.421296993487033
-95.27759926083212
17.058538615502044
-81.30312527126635
12.614257917400195
-47.77572174462991
-64.1883737513119
-36.839765501256146
-63.448659117183816
-18.291998968077408
-74.21611630764616
-1.9996737287956279
-102.4800272054792
-60.91162405451176
-51.28815434659718
-72.69172573859792
-20.738099954054675
-63.63742343483123
-53.48153645070818
-64.85800706984153
-75.7348420394463
-80.02995660089873
-15.352723694092262
-92.13799462628612
-13.129057684393743
-235.94438189802875
-75.01170304562785
22.252701988961533
-107.15221697359677
-78.89327862518462
-32.37589835234907
-25.26551937528231
-24.64430250396056
-55.96445671916226
-43.928917207084396
-59.24738134896823
-91.84017476902066
-41.615973289888636
-190.56605308591392
-62.76577360013182
-33.12025592605097
-35.04737963443206
-12.57362575270838
-24.889648510101125
-39.56139568148386
-193.83103474672725
-46.55089277141957
-213.95390155967777
-28.387558587890126
-37.05833112934138
-48.82645399340414
-66.34226401706019
1.71402064389315
-81.4919447874407
-247.5346635486776
-108.01705910760693
3.787686745872321
-23.707002993128384
-106.41018458519403
-74.44221198842183
-57.4003572012282
3.6325780369842136
-62.8097757927842
-63.80883043370843
-25.56744189489561
-45.37202481132259
-28.138556047087278
-64.3517277294417
-27.19544954068799
9.644142418140888
-193.66066839351163
-49.57548099064433
-69.11004261781179
-76.23270933278104
-86.99558196233869
-76.1981316354704
-66.82576434356187
-84.67421524814165
-172.99636212660516
-71.45753070916632
-48.67127676705577
-32.02749225089845
-47.72089363047003
-34.37400222839584
-83.49007704443873
-65.28127229329901
6.016000512690681
-58.49958008940263
-15.113068724694585
-38.86180651186753
-84.12249099585013
-8.479854348823281
-19.945271359294452
-42.88686755998876
-19.30230587421339
-61.77878317714244
-51.87810028040303
-209.3379982483761
-24.47741911495268
-135.15826066317388
-48.36882194810648
-47.919504774348326
-25.394062298441995
-42.53948502923778
-18.342927964791485
-33.43060388549296
-46.314083614381474
-85.14172327409908
-74.82119715027986
-70.12028906619113
-46.44875647167437
40.44816214728985
-274.56180001649625
-78.2593262040383
-135.98552227658467
-42.35454628711537
-70.41141948532163
-60.46019938035438
-65.63948531735906
-102.27057167686047
-79.35614997313385
-37.85683133314764
-34.74100228015456
-80.37046869243481
-93.2145561277782
-17.544039905689885
8.119577103855917
-76.9309361362665
-4.928624336535023
-35.45206876306629
-21.878490163794638
-53.60268563133158
-59.17812502550316
-34.66495109902199
-35.67136055829964
-10.276319750431384
-40.7702957695837
-62.32201067646921
-54.69022180210749
-103.32263506553028
-89.04226862871212
-46.835763987206576
-179.18776753755247
-37.300547430118584
-76.19312073867863
-26.3497223392459
-87.14500864851094
-53.678773265870696
-59.30398708919324
-35.17955412851491
-18.936678489678556
-96.73036144785613
-176.16913189996023
-72.61315030829475
-192.62060818185415
-16.014877979794804
-63.531975293788136
-15.664314964884028
-36.332701604047884
-14.429294096356681
-53.24013626135732
-49.641429401624166
-58.93853842730097
-66.26212502185314
-64.58499111764613
-39.65140260353641
-62.62653125046881
-46.31631125061136
-73.53209646526037
27.29764850462415
-49.42664363470304
-37.478247230039926
-52.390066054605384
-92.62082747542735
-46.34715462065425
-95.58693710439981
-24.145284301591303
-191.61987334178394
-4.608707533076398
-62.803541124489584
-94.06751084085721
-19.342068895041436
-31.56009625517879
2.208508215006489
-80.43177033290924
-22.273240424014887
-60.42316254815479
-47.141512042601825
-72.66662540429024
-1.282421248355078
7.180045152395252
-18.32213211800837
-72.78664066218235
-20.462937155552524
-186.79915907634194
2.605972279689766
-242.78379161904604
-48.01766539567919
-2.904135450357515
-147.04977832306415
-18.602504041519154
-9.59979955805855
-104.5669341895804
-58.60660567004544
-92.40399668593545
-52.74322647219339
19.28389805595063
-12.53380929981249
-53.151081959055055
-73.48283512300557
-83.82021991111333
-34.11311648233777
-74.16092816284056
-56.041776758806364
-62.0891296431701
-39.667100801289635
-118.53431461971934
-36.95801073799754
9.486635305650765
-28.83256086446653
-26.198489258299986
-17.092389503300012
-65.60216831162509
-155.21103821128918
-65.38600542560684
-60.132091693482806
-36.36350385917214
-26.35939091600551
-57.89521535783847
-15.769391701314944
19.142814279706016
-15.237970875141983
-110.21322595413196
7.315909274081321
-324.49862249207797
5.8628008208408176
-39.17898375468661
-23.209290674613356
-23.375878058216813
15.847901526093906
-65.11062045959861
-49.21172628559489
-1.3639267204377035
-84.8775854408582
-159.44921726157105
-102.78468042930469
-65.53394242475323
-241.24893015350716
-47.80470719678853
-35.29904079752431
-18.679628707241875
9.244631139250004
-143.36052703507636
-26.951332505492374
-42.04894826507296
-58.39849093790755
-28.638580054403874
-7.077635396431872
-232.08056678989425
-31.741471443006205
-47.89453039590562
-15.674965657937022
-46.4886403840832
-97.76141178989386
-29.377647463157217
-8.20090724576717
-73.16337366398025
21.632709293963345
-52.90045836069662
-53.89712950556486
-160.6492990970291
27.142496041110164
-306.30761202988026
-48.481132526637936
-11.021261568641705
-49.51143151845136
-10.863056108123686
-31.5446223582273
-7.665583519499691
-37.87762848790878
-185.21091679962265
-75.1527822020138
-14.334683639889192
12.864031875560514
-24.159549644854266
-58.43497400000716
-38.85496279437454
-119.68366418821425
-179.07540332095658
-14.033168840027528
-28.584647834883086
-44.682862360157245
16.637131221120654
-69.94828640917034
-43.0050329013252
-63.641834117571776
-2.008943893280545
-65.19349198547951
32.23225725462214
-74.35257735620799
-270.09049774945265
-9.234266508796907
-52.7885373658453
30.97359494579544
-98.48190501629306
-30.9783284857006
-107.43739031194363
-34.322005611091555
-14.925354959446224
-35.683746171848156
-25.40919809081531
17.707237359969497
-73.13207485882552
-48.95581995723965
-80.77068054276162
-11.519092747134081
-108.08113247208297
-26.997962329169724
-172.3055626294954
-34.999841988154046
-53.65233250145339
9.759421837838033
-74.39067020031413
-43.59697460289176
-47.04966537528284
-56.74438630472022
-0.9141508218930454
-71.4022533074583
-42.602395174652486
-70.97221012158911
-103.86404518506043
-27.619352441053437
-34.49166726101491
-60.12581687931489
-90.96171762561687
10.977903847851573
6.7267040645668175
-23.445016420684752
-46.24429130495544
-114.7024156656986
-110.68181165082112
-15.392192560792338
-96.8456043906711
-11.84822630457596
-177.49979123618806
-12.20572243767424
-33.374979046473825
-224.90670808625578
17.883374450269528
32.518869630409995
-25.524281590672857
-75.3715357642164
-6.500206132636421
-14.598631329828764
-35.49679349438355
-50.19735064128672
59.18038950944209
-130.5312904403042
-33.36537191687232
-168.79491051929656
-201.58368454733557
-78.36276694978562
9.229869985380816
-23.69313204271488
-103.82509139780821
-40.47583466118846
-119.84849918578678
-27.771964593605702
-61.45209022640765
-83.52484691191228
-179.9167806908472
42.49963156369438
6.285383316616728
-67.0642929325123
-30.34677171224466
28.64106300569513
-28.857918647392736
-161.3971731947967
-291.5071281231561
-33.159271454661706
-5.05496650016066
-19.130277962827293
-221.91800273192334
-50.80149700657023
-16.61921207255193
1.6672612870226828
-421.16163988921704
-317.86389980199283
-86.75787423950149
-128.08859489751603
-242.12066877728566
-10.81683805205941
-114.84543155460311
-12.284711732285658
15.61916237841021
-103.90912915178002
-75.00322455484857
-21.308146544604128
-101.70911276518638
-56.174781062191414
24.840725228827267
-1.5333983417984456
-16.614597863659355
-62.16669843501698
-2.179390147763712
-0.3649354030370233
-30.938399462680096
-20.665937072925274
-29.741788443243934
-37.74740908141432
-7.862532711237776
-27.013497181073916
22.602524251329065
20.07540625572858
-20.51478427315203
-104.0670407334775
-28.22064039434686
35.244624876656324
-25.08333888681075
-77.80977106237111
25.72047107773626
49.39358269598149
-48.39360701208084
-105.84053526525928
-24.037588090642316
-30.64587302922324
-28.89389355933217
-28.875611446932126
-6.637862273465046
-88.14557224838423
-101.72415566646589
-26.413816937763627
2.5308896265891434
1.9545723095841225
-77.1048468132934
14.933933914133448
38.35776476360104
-45.76899982560434
60.842339195923465
8.201626980107108
-62.42174731406673
-5.03950493783879
-49.775290823252256
-217.04641218339663
44.078370868892605
-42.14553065948189
14.546093144544926
-103.1592229224674
72.80600257789165
-23.65559417554947
-113.61196110799439
73.6592051336744
3.7276818577842565
18.88067234160124
-0.2162487288044872
48.27386769354396
38.07289853200945
-125.77371149367028
9.183412334310447
3.7821487793852597
-25.633037729574774
7.694413675981167
-58.23221968748473
-54.40657016039377
115.85163862709918
-15.004769558673345
-3.049029098658944
-1.9455545724586756
34.10004573241579
-91.39228511373553
-0.35101592992067876
-262.43696734044636
72.33386994378799
45.28822695866225
-4.525181941929353
-260.16366423624083
-83.64532920100868
36.104474184483365
108.92362087617849
24.61614855536682
40.094907870387644
41.97698748779811
-5.363766230017063
-79.04593331475698
35.265637623644714
40.186590255261876
75.75785215793698
-34.06520172215883
26.913374692893456
114.31561443425424
-222.00483148236185
24.018042305543034
70.16629625155008
0.9410972823413071
5.094341468846622
27.055847927415794
85.20267062051037
109.59956102784548
80.49194377625737
73.16652405765979
21.999284683288707
81.29573861477272
115.410491008523
45.54906077516361
-45.33466052803696
-58.58991336583837
-3.0583752867347727
129.7238546878133
41.66580857764137
86.06829671659824
68.90092908079644
18.376380689763266
75.6988772950198
3.061719280711074
-54.75096643280855
34.9245719253362
66.87588623750177
57.60655784770877
65.16703102670233
22.799302625647613
-35.883796261128765
53.092518708758774
25.53076297654139
80.25563001158707
138.5052885836286
82.104392235652
235.37374673239722
3.1954498217605902
-6.9894740917562155
-43.38135656525209
90.58026308747895
107.99957507768036
159.6018891340331
109.40087910313187
34.89783429191688
96.95263175110482
114.39813184342118
-125.70185639637313
72.1154142971573
126.51875368339682
37.900068730019456
124.12924791106786
47.09320033969816
-58.175496472607605
47.046493801735295
59.95412746634744
198.63337473869473
118.11479642492563
106.76527770318492
-98.23246835060564
36.627693012124354
137.75023412144967
-12.245072074715097
38.685810342679076
60.57965254201359
130.29000726118716
126.08535423085642
113.09228850318905
135.5007674823853
126.43003701323654
103.52566210467333
135.87630983696835
111.65262211405775
143.7432337125932
-19.24577746516735
140.37326609296758
143.4324000166837
262.1935014137015
181.96559299492955
129.05981180919397
275.6342239358486
142.44853841024792
-15.481199049025278
125.71630288640374
137.11244664064841
135.46448937019153
140.10911712258192
146.09445359825173
96.86236352935714
261.73594462865736
-127.17350893381415
114.86923557461277
141.63547824969982
265.55604175775795
155.35539317328477
147.4580705923241
144.7519038059566
105.34286274390271
224.8142716676055
161.64148345013638
108.72401309027306
239.45394483645194
130.58197693629822
-79.65211351549887
107.30104056096195
118.54560992938565
9.327088681866712
-31.02523910999676
137.72034034078132
18.13345288874973
80.53205449687394
-121.35210498340723
113.53485777974932
128.3488186288138
177.815467069061
100.89497295056768
125.31853439247938
250.3066261396292
60.46344553945761
122.0145435194554
254.08920035615358
124.69243774455279
162.2425980685234
185.52132148879141
130.61909318156944
120.8588346221697
122.82827607339512
254.90257091438968
138.75992167513473
164.68908044027216
292.33527222898255
98.57464038105084
247.63238487754657
211.81433783887957
259.1239672181642
274.3915810146409
232.33943790680493
232.91692385523268
266.9051818998483
260.6384983151215
83.36411898580604
260.0875850320308
272.60495562077654
262.75874185432997
262.31991361417613
262.33591423651376
250.1554790418347
85.39153238902296
169.10075711799794
246.09840132406
229.47151232787897
234.98163313622928
226.17752473750863
234.75906250632414
226.56082040212905
269.6279149219766
238.69173573733335
252.86329093966802
100.48355741526576
282.985337071194
222.94959164848277
109.00451135745564
248.41661149644983
255.36061754197488
256.7681444258269
236.32601072538716
278.46859761792075
140.92825660131754
145.7474596762442
220.08843626815195
213.87845283780445
233.28690941885984
182.96703401560822
231.4752408391195
238.96466884483655
175.5382053869854
106.77286771021005
132.73525721406153
243.449503425675
178.96465630202573
238.07064923666084
236.91934515560075
91.46614612171989
242.63315426399413
189.145445259147
236.54226635995144
-18.800792119340556
230.22774586227223
237.32445045858458
-15.863451380510355
210.6550461213791
264.49267765205315
214.63481780417746
228.9905832948227
261.92069660345715
266.2049891931838
221.28185735457765
234.32052562966715
223.00507424346006
197.4209400562536
254.01788808972577
227.69754031104526
247.89687381397624
232.6225315911474
120.30785737798813
250.3327389103156
231.43925545457282
245.53255733020038
246.14394789308724
213.18978289444232
244.61522007449423
229.15236685016856
249.37519518130028
237.39025764511527
256.1290919093006
227.08813314982805
267.9597758963879
252.81983540420939
296.5545660897914
247.72797020641582
239.4321168959445
221.41636193327633
233.39633267361813
237.2872113206732
243.29694331486158
235.25503218830022
204.14070850973155
261.19312595664815
282.1309915808472
234.01744562564934
232.62735768948255
221.0648672836051
238.09240454363444
244.02000719039458
210.17143686748472
212.7046759245595
284.6426226495041
183.91175609712565
248.32171260344484
188.69138452018856
211.59759435731056
128.05122751196527
240.95111174920515
222.5223438626058
230.72766479448217
266.5495049512715
240.98597560983643
213.98305801556847
209.49884522520415
257.2745655768282
215.9786575310186
225.86270903367944
250.4207168936735
223.87524931559545
-234.1645679772759
249.91899191191487
219.09063339817044
262.76865359539875
247.21344580729627
104.35582618998617
269.4109146300101
250.09512879729158
126.9682421180546
243.37976330268296
241.07281411283867
255.05947132376315
235.7749084252145
257.481586392021
220.63495597710127
274.6219097452754
142.82841097783552
209.9146267710646
208.33896210935296
240.71046320704102
245.80202839790417
271.943195812562
233.83540873040988
261.0051049168404
256.1685767998794
252.0794960027437
229.98857604864045
237.42540538086212
270.45805527015466
248.7690639920502
230.03706688822342
252.31958831711157
238.20102077001843
259.8216575835209
276.3793413656672
245.3490828607143
246.4160822263679
252.15575338047768
112.1184466787191
262.6704832196191
273.39422893193534
248.16393791843166
234.0741123011511
304.1019266029663
261.2641750991663
271.77066243784367
247.59962424750546
259.0713322595268
286.6426274032052
239.17693355047246
200.3186130605023
228.8035861809274
246.310500107227
237.89742581323276
286.1239354474145
248.2303535288425
244.16167856246847
256.192162754101
246.59801957616375
253.54963287034954
273.63019551734436
223.68698147799023
248.67517112446356
247.93818360979782
258.7114332792752
221.28971678056587
251.62691606326624
258.53293218748735
294.7998807433247
241.2069933201932
272.03457310937745
256.6138657582656
81.98177997863478
263.77702826561216
251.22070880806908
219.32426024812185
276.24009666783166
281.56454990008734
261.8659033605966
237.83760462890532
268.3616355000666
257.1813055554864
265.168762496744
248.3697564114974
264.1527639273702
229.15792363477289
242.46269057253485
266.7727670163722
241.3616146516816
255.68978650185988
220.07976156223722
238.57825443854583
212.29998799732735
276.1427083750732
247.54201888850727
261.53772061835537
272.4199709061886
256.8211239970987
268.1425290273263
280.10522187167766
266.05642370938324
287.6324355322987
230.4535841204745
243.50617772363373
264.23360974593595
221.58186320831362
282.2650333083187
253.13431952364067
273.3133301308556
275.54893666421935
273.23701517097913
247.1925368396456
236.3629319735559
290.5714027138735
274.1641464257775
284.280739279505
259.4759433273326
246.94827137270318
250.5827253474726
263.14211298954245
250.48765031913916
280.702962115157
289.3904727749181
294.32475871709255
281.9706379166224
141.7952935988707
248.8722376864967
278.2506518864414
293.9939780602064
240.2885914469223
266.75852458677286
246.27942564555593
268.9995597042957
281.42000356596924
290.54133556843396
286.8206405219609
279.29718617454813
295.6070362684931
148.99330690948378
306.01858445372955
277.31199731791287
278.22344492256565
284.7462678884438
285.31945568059814
267.87991168000883
292.83639596309155
250.70091357890715
255.28189698821086
308.4147262512904
290.27563177199653
268.90371398153616
236.9171729847929
240.612978772909
258.4752261631665
283.28953873148
273.00093636063207
263.3867557500756
251.6828208535536
285.4132721360525
261.61312826754926
260.3213350748758
262.3543846411138
276.796276238922
271.3330011080256
232.35677436274062
283.63325463001047
246.0225564238916
263.4448625826622
265.13469638935373
242.00866498086873
299.70414535991404
289.08420846093486
236.8303480829027
271.31869164292414
126.98910737832503
274.299179045522
305.6937123440991
268.92740577732343
259.96744484321624
272.3664729615422
293.05449488550687
265.89457194323427
272.1078370338879
269.9871127678341
274.45869209793136
268.0937747559483
308.94164126010094
293.53559453855405
280.42820332246146
279.34293645418484
256.1886441934872
299.50222082998647
277.1539670478382
286.1763644501955
280.7911374514125
264.67135285099727
294.6013195167807
14.615668637520173
256.7240494747342
278.75150411149525
238.11932515920725
281.122204203617
277.81121182714213
240.39011655477452
252.52174653962274
268.92171728026887
269.774393056137
283.41289585303986
268.6533629142167
282.6754701227118
274.3376109626579
278.0435229931436
267.80378776167606
248.7847483792458
288.46161464835757
260.6789281179386
295.06202173658187
263.49115601334825
279.0319931124774
293.22290126739813
301.85536718867456
238.9123267124057
233.01446339967532
258.4159107500543
284.3993739912554
275.3149035978131
296.3701548025533
263.75690915813846
283.7877481053695
266.3037267658393
279.0172778681123
281.1415215386983
286.42432820802355
261.4005494272801
240.55843669895955
241.11953443276366
285.9295811481833
275.7761595517174
288.33174257690234
254.90541363239072
269.61693188284676
250.36440788161232
256.01192261093024
289.914949012339
245.10317855392228
269.4940991389219
243.03712603015222
255.41526457070978
243.21923895212032
245.2088210162861
295.88331311967846
292.15110448916096
61.70657617784349
267.8694873021019
290.65745676127347
285.31025865001374
257.7056055656934
282.81623418818185
240.2790852175977
263.93412473627154
274.0126205283114
262.2026771668469
280.4193956132657
256.0820832131278
231.8472568846478
285.23172302213817
214.20972778400701
266.3714336133079
291.1099048305955
262.74739649982257
288.06728770837685
227.89784889698058
256.84459337062196
277.1525208554517
252.82468912433518
239.87003547428145
255.54147237022113
300.0309948768112
272.3823029679834
261.52900227773824
288.94285972356965
261.44095750001907
277.877130274701
274.0056677592534
287.1331471966904
278.6505183959264
288.9804603233119
268.88087971617534
283.2504153765292
281.4662832846146
126.8169083393716
293.1348669407814
264.26032003499046
303.0120441119952
292.65601139671367
238.74476340462726
253.8146087049571
237.7353532389611
278.9426986171923
255.93144200529807
248.4827204800694
251.46629958093325
245.1372004198826
297.2428216199868
120.93650674992843
245.0200114715804
259.0953735984613
249.94975975258674
297.42308322207737
294.5423799315927
262.4645083326649
271.8894988910337
264.99135651193586
273.2832373037588
262.4818753092056
249.47580111536814
294.9098194515353
253.69855360649623
242.08910204221314
270.1023247267076
251.48267086414253
294.61174852320823
256.4693370547453
267.96739669120257
278.48758741221985
49.82617929633375
257.2135717113304
264.47607648331143
287.86151448534406
269.58254382112625
241.14691256298474
265.5290701038616
243.49406883395017
254.69011383877208
270.3050587097043
286.81334560880333
278.08557108262437
252.21103523063948
279.17677550221845
292.4970709143199
286.5409097462226
237.3223428949927
228.4948487348616
262.0893361666403
236.88601004250518
296.4114327905879
250.59626738368524
252.0854889740798
257.7906306287821
279.22492420264894
274.35401317104964
273.3295025675427
272.086280794696
289.70884085118536
243.6882679070174
249.1507259699085
299.03486529783606
263.20604227442436
267.28854584820067
283.25552956704166
283.26772777734055
264.43254116825807
283.83294226875984
271.5465992035808
239.80991900560434
140.2637390465655
233.36048248130186
246.71539532693018
257.47326215641465
273.45840216175407
271.095838661235
292.72907164257566
276.33745857432734
248.73518499159678
224.8329560149769
232.11669767665984
248.5800316850531
219.20264772208026
255.30596197794262
287.6793668986064
247.154256888889
267.3872646490985
72.90222002979715
289.0312758317883
271.8643103904945
270.5065973637643
259.07351761259895
296.19882798313057
286.8519313634639
56.92154325327135
266.9795011130184
280.46763882027466
272.16508987465784
283.8907789941192
262.77576974505473
279.8912389819517
308.9011949382366
300.3120704684345
238.3243449107648
244.1558308885591
267.0266503963558
7.3716597956694585
260.01402416403226
236.76335015574122
280.89819899402096
246.73220627577575
275.5820368426973
279.4135555310389
248.6090915487187
266.37795338713363
257.01230017781745
258.767173828629
236.54510414822897
300.50224229536525
268.8752294512493
256.18863843478834
256.0395393638188
266.1982824699593
293.38641892837836
259.6080938404899
276.47969854337873
258.4904441936395
268.7970923372784
296.6422674810749
280.47395414697576
264.21157675166046
259.4725048180292
210.53258529782852
238.7062855812393
285.1336684239164
265.5007137028641
292.6781065548661
32.83144770889726
259.1795357732891
242.38789875810502
247.1473252936655
293.06299683485406
252.83955719559353
284.0399630082214
280.341382268418
301.4979881158056
287.28182490667643
267.1450610845279
71.72911442080152
224.1583212751928
235.9196008774349
280.87113596473154
255.44358402271794
249.03633506320313
11.11462826240772
266.9192254493038
306.2198377261036
286.14760275412266
-41.69789656689093
279.9775310456955
249.38055249621993
245.01670209723417
5.162467569379359
240.35431401106533
274.4007699990819
250.32550554301974
249.36211219314518
258.3853704484386
263.33704648358406
269.9789067580766
264.9235180554403
273.0560567963573
297.9146548470397
249.46808496010357
254.76745144170084
21.966971690807483
275.7039693957694
251.20532357622926
257.3913958597918
272.7724157770961
272.93461075655205
271.41117127749544
194.31502248233966
270.0179667379781
264.8853976988478
276.9929583019621
259.3828487087298
244.85229630329312
-60.837575188398716
309.670637659054
297.7394103756375
226.27782278740239
297.67744549011326
259.66320192018657
218.09893161909474
249.14561015784142
273.87756478227794
259.4985053994898
276.94157314935615
-198.39929735038692
274.97144221783407
285.08329572128656
273.0421187734123
232.87211179074757
247.327138633458
268.1739331426856
239.74309289023287
268.8130301751863
241.57659398891244
264.0248919283049
272.83822869588107
260.02870153667976
288.2683927567459
271.10243136051236
273.59090539329793
303.22742575859746
256.9582066045098
305.90275789089173
253.98390125654515
250.2769239917646
234.5091127455553
295.17010403241324
267.710768014691
284.1546395560859
230.59416689691778
273.3065718637167
236.6164591079582
254.62626881641216


segundos:2763.1512389