-102
-109
-128
-95
-67
-76
-102
-112
-83
-72
-69
-52
-84
-66
-95
-46
-100
-74
-105
-9
-129
-99
-84
-89
-93
-100
-114
-15
-105
-54
-115
-111
-113
-77
-1
-72
-12
-78
-99
-97
-44
-67
-73
-81
-101
-103
-112
-67
-113
-107
-93
-143
-109
-112
-31
-49
-93
-71
-93
-84
-112
-143
-68
-134
-114
-64
-40
-105
-65
-112
-35
-105
-53
-78
-73
-93
-104
-31
-64
-84
-69
-114
-41
-111
-93
-83
-105
-74
-91
-116
-88
-107
-44
-50
-36
-36
-54
-58
-21
3
-130
-71
-101
-38
-82
-104
-65
-90
-90
-105
-116
-75
-62
-75
-36
-99
-110
-90
-84
-132
-56
-100
-35
-83
-87
-70
-74
-90
-113
-82
-59
-66
-134
-76
-95
-109
4
-101
-73
-49
-90
-115
-81
-54
-84
-116
-103
-95
-27
-111
-39
-78
-64
-61
-66
-52
-56
-52
-104
-82
-68
-73
-94
-126
-35
-45
-36
-98
-67
-112
-63
-89
-132
-58
-116
-67
-113
-67
-132
-81
-17
-41
-113
-92
-124
-105
-53
-69
-53
-94
-46
-98
-100
-141
-133
-54
-19
-112
-80
-13
-24
-98
-116
-99
-88
-68
4
-79
-113
-21
-107
-91
-79
-47
-70
-55
-94
-57
-92
-143
-102
-47
-115
-26
-51
-58
-29
-37
-48
-47
-87
-28
-76
-52
-62
-121
-89
-66
-131
-52
-63
-75
-115
-111
-78
-88
-113
-105
-77
-39
-59
-126
-69
-24
-99
-26
-100
-10
32
-14
-121
-48
-90
-124
-83
-115
11
-61
-27
-71
-83
-54
-67
-105
-94
-35
-50
-89
13
-87
-88
-113
-79
-51
-67
-65
-51
-105
-132
-95
-56
-39
-116
-70
-100
-34
-47
-39
-116
-74
-64
-116
-95
-112
-43
-65
-53
-37
-112
-75
-38
-64
4
-57
-112
-49
-112
18
-18
1
-50
-115
-32
-108
-18
-111
-101
-93
-2
-68
-99
-137
37
-68
-85
-88
-30
-104
-145
-111
-68
-79
-56
-66
-111
-145
-63
-61
-43
-48
-14
-99
-58
-94
-28
-13
-113
-71
-44
-84
-124
-36
-91
-63
-47
-37
-146
-63
-9
-77
-88
-94
-60
-39
-37
-67
-90
-82
-25
-114
-56
-65
-10
-67
-54
-99
-89
-18
-92
-47
-65
-58
-60
-9
-25
-142
23
-88
22
-53
-75
-110
44
-113
5
-58
-43
-81
-13
-99
-13
-100
-28
-45
-31
-23
-65
-31
-74
-116
-77
-112
-89
-75
-64
55
-57
-125
-143
-44
-4
-68
1
46
-70
-119
29
-112
-99
-68
-99
-39
-39
-104
-105
-64
-72
-16
-21
-24
-10
-87
-42
-89
-59
-67
-69
-47
-40
95
-48
-15
-116
-17
-49
-21
-93
-76
24
-54
7
-82
-112
-99
-58
-111
-85
-67
-74
-4
-121
13
-11
-83
-69
-52
9
-2
-6
-100
-23
-78
-113
-64
-72
22
24
-16
-57
-6
-60
-84
-76
-15
-67
-88
-37
-58
-37
-49
-39
35
-46
-82
-115
-67
36
-115
-59
-99
-58
-112
0
-59
-56
-106
-105
-80
-52
36
-11
-81
-72
-89
-8
-111
-40
-25
-28
-110
-76
-146
5
24
29
54
-57
-31
-56
-67
-46
88
-24
-112
-58
-11
-67
-145
-40
16
-102
-23
-111
-47
-37
-94
-81
-48
13
18
-75
26
-14
-113
47
-48
12
-79
-29
-91
51
102
2
-100
31
-115
-113
22
-67
-51
-121
-67
-9
-116
-57
-36
-64
-90
-100
-144
-1
-90
-19
-136
24
-95
92
-144
-62
-116
-60
-95
-114
-86
25
-100
-68
-8
-44
11
-85
-59
11
45
12
-116
-143
-71
2
-81
21
-115
-78
24
-76
-44
-55
-113
-111
-123
-50
-116
-104
-121
32
-36
-145
62
69
12
-109
-72
-105
-116
41
36
-57
-30
-110
-124
-92
-43
-71
-92
-100
-58
14
-93
-116
-112
-93
-124
112
-65
-36
9
-88
-50
-110
-64
-28
-104
-81
-41
-15
24
-91
-10
-105
-22
-117
-17
-64
-36
-104
41
-67
-115
23
23
-115
-145
-104
-111
46
-67
-95
-69
-46
-105
-57
-50
-1
-110
-92
-20
2
-84
-112
-71
-73
-116
-92
57
76
-49
-116
-49
-28
-67
3
47
47
-30
88
36
-10
0
-101
-104
-74
-99
12
-69
-7
58
-7
-27
-112
-101
23
-84
36
-116
38
-105
-105
-84
-46
-105
47
-80
36
-67
-28
-77
-81
-99
112
-116
-17
11
-50
-112
24
-30
89
47
-12
117
-105
106
-81
-52
29
-14
-58
-64
1
-9
-120
-62
-124
-44
-41
-105
-81
89
113
-104
-40
77
-27
25
-134
-101
-116
-56
47
-123
-109
-116
102
-37
96
-121
-89
82
-114
13
-26
-57
-22
-115
-34
-100
-67
-81
-57
1
-114
-121
-51
-105
-102
-105
-102
-135
-73
-8
-117
-116
-95
113
-106
23
-71
-61
-102
-91
-103
-90
-94
-116
102
-81
-92
12
-8
-91
11
-104
-116
101
-104
14
-81
-89
-115
-39
-101
-116
-97
-115
-102
-104
12
35
-104
-57
-67
-70
88
77
-79
-105
-96
-82
-40
92
12
113
-79
102
-8
12
-55
-116
-9
-78
-40
1
124
-81
-112
100
-116
24
-8
-115
-8
-61
49
-115
113
-62
-81
0
-82
124
-116
89
-112
-117
-106
-116
-61
78
227
-106
-78
113
-55
-55
-82
-72
-51
-82
-82
-82
-72
-72
113
184
-61
127
-62
124
102
77
-39
113
113
-115
113
-70
-113
-48
-116
101
-66
-97
-116
113
101
-116
113
-72
29
113
113
25
-104
-115
-85
104
146
113
135
113
124
-71
124
-112
124
-95
-68
36
113
-116
-116
57
-72
113
101
89
113
-78
-116
88
