-113
19
-142
-103
-52
-112
-73
-30
-115
-115
-85
-106
-106
-78
-116
-111
-66
-110
-101
-68
-92
-109
-114
-84
-60
-131
-132
-142
-99
-83
-133
-62
-101
-98
-137
-94
-65
-87
-115
-113
-85
-122
-72
-81
-52
-47
-143
-43
-109
-65
-103
-101
-113
-91
-124
-57
-68
-91
-67
-65
-77
-120
11
-72
-96
-56
-43
-26
-75
-5
-105
-52
-68
-103
-74
-81
-70
-104
-94
-4
-96
-139
-60
-120
-115
-113
-67
-100
-33
-87
-3
-113
-51
-56
-56
-79
-60
-56
-38
-89
-64
-133
-43
-69
-6
-78
-115
-45
-77
-65
-92
-29
-70
-119
-114
-82
-81
-64
-2
-115
-48
-7
-26
-87
-89
-125
31
-67
-90
-62
-111
-86
-75
-61
-139
-73
-143
-71
-77
-47
-97
-100
-47
-76
-27
-25
-17
-108
-31
-62
-6
-115
-143
-47
-44
-112
-37
-83
-68
-109
-55
-17
-68
-47
-26
-27
-73
-57
-21
-144
-30
-53
-115
-46
-102
-112
-134
-77
-78
-65
-104
-33
-77
-92
22
-63
-112
-5
-96
-67
-19
-36
-61
-75
-63
-77
-112
-51
-3
1
-17
-99
-18
-126
-50
-27
-46
-34
-99
-54
-94
-94
-100
-83
13
-14
-55
-101
-64
-29
-67
-78
-111
-143
-90
-60
-58
-54
-62
-49
-51
-26
-60
-54
-26
-51
-66
-79
-80
-66
-55
-77
-49
-58
-28
-87
-35
-66
13
-29
-10
-29
-64
-5
-99
-64
-55
-26
-40
37
-66
-16
-17
-17
-97
-88
-44
-67
-38
8
21
-33
-17
31
39
-110
-144
-64
-121
-52
-86
-53
-103
-86
13
-67
-115
29
-44
27
44
-7
-24
-98
-55
-67
-71
-49
-17
-52
-37
-10
12
-67
-57
-14
-8
31
-45
-9
4
0
-87
-99
19
-24
-72
-66
-119
-54
-116
-131
-115
-46
2
29
-99
-77
-2
-123
19
0
-82
-32
-110
-88
-115
-54
-115
-46
24
9
13
-74
86
-27
46
-65
-116
-4
-120
6
-110
-115
-69
-115
-18
23
-17
57
-31
121
-39
-111
-128
-61
-28
-76
-81
30
-111
-115
-84
-21
-121
-30
-20
-66
-10
-111
-32
22
-88
101
-37
-89
73
21
-143
-40
-116
-46
30
-81
-72
-7
-19
-82
45
5
-88
72
-71
-58
-58
0
-110
-131
-119
-65
-105
-111
46
-100
-76
-66
-59
-143
-139
-78
24
-40
-91
-38
-110
21
13
-33
-105
80
-99
13
-110
-74
-102
-79
-31
40
57
-105
-98
-95
12
-104
-121
-104
-111
-91
-110
25
-116
-119
-115
-101
34
-70
-99
58
-119
-67
-110
-31
-92
-55
-103
60
-91
-79
-88
-67
-77
-91
-131
-7
-112
-100
-55
-79
-79
38
-115
-61
-81
-104
24
-68
-19
-49
-45
-80
68
47
-111
-79
19
-67
-82
-60
-92
-66
-79
-67
-92
-44
-2
-91
-90
-86
-67
-81
36
-55
-49
-84
-39
-71
-60
-67
-66
47
-99
-55
-55
-67
-55
-84
-55
47
-55
-49
36
-55
30
22
-77
-45
-49
-55
-67
-49
-67
-67
36
-94
-55
25
-77
-49
-55
36
-61
36
-106
18
42
-49
25
-67
-55
20
9
-103
-49
-55
26
-67
-55
-71
25
-67
-49
25
-55
-106
-55
-55
36
-38
-49
-67
-55
-67
-49
-79
-55
-71
-55
-49
25
-49
25
-67
-67
-49
-54
-67
-55
-67
25
-49
-79
-60
-78
-94
19
-55
-64
-76
17
-115
-49
-67
-90
3
7
-27
-69
-67
-41
-55
-8
-88
-79
-115
9
-42
12
-74
-55
-82
-67
-79
-67
-8
-43
-91
13
-125
-49
-67
-69
-67
-55
-67
-74
-112
-91
-38
3
2
-67
-17
-112
2
-91
-70
-8
13
-9
-19
-4
-36
-81
-19
-55
57
-103
-101
-55
-78
-145
10
86
-90
-82
5
-91
-137
-36
-48
-91
4
-48
-55
-54
-105
-90
-90
-34
-90
84
-103
-116
-20
-90
52
-115
-17
-90
25
45
-6
-55
-90
1
-67
-88
-90
-89
-55
95
-94
-61
-48
-49
-90
-106
-67
-90
-91
-90
-16
-90
-88
-35
-25
36
-49
-95
-57
-90
-115
-109
-116
-95
-55
-115
-90
-72
-115
2
-90
-90
-90
-104
-116
-95
2
-106
-70
-47
-90
-79
-55
-90
-69
-25
-44
-90
-104
-78
-115
-79
-105
-115
-90
-104
-90
-115
-115
-58
-4
-55
-19
-85
-90
-11
-78
-38
-115
-114
-79
25
14
-35
-90
-79
-90
-90
-58
-116
-91
-116
-115
86
-94
-90
-137
-115
-35
-91
-90
-63
-116
-116
-104
-59
-50
-105
-117
-105
-104
-103
-81
-90
-79
-105
-79
-49
-85
-105
-67
-105
-79
-43
-79
-35
-94
-79
-109
-83
-116
-75
-79
-32
-29
-2
-19
-32
-84
-105
34
-68
-83
-55
-105
33
-82
-75
-59
-114
-116
-61
-116
-104
-78
-67
-105
-104
-19
-20
0
-104
-116
-55
-42
-19
-67
-49
-79
-95
-34
-24
-67
-79
-19
-31
8
45
-91
-63
-42
-105
-105
57
-16
-88
-116
-49
78
-30
-67
-91
-55
-55
-49
-95
-55
-19
-19
-114
-39
-85
-30
-55
-116
-20
-79
-25
-39
42
-113
-85
-49
-47
2
-39
-72
-39
-75
-94
-38
-49
-95
-64
-19
-116
-67
-67
-66
2
-90
-94
-105
-39
3
-27
-90
-95
-72
-67
-19
68
-83
-90
-105
-95
89
-67
-75
-59
-116
-75
-94
-83
-68
-115
-98
-111
-83
-19
-83
-33
83
-4
-115
-65
-54
-83
88
-8
29
-83
-9
-49
-49
-83
-83
-83
-83
-18
-19
-94
-84
-19
-7
-3
-83
8
37
-19
-112
-83
-19
-43
-19
-83
-22
-15
-75
