-25
-125
-116
-68
-109
-71
-85
-26
-109
-113
-29
-81
-60
-116
-58
-9
-146
-135
-114
-70
-75
-89
-73
-111
-86
-93
-39
-116
-64
-78
-141
-111
-21
-14
-82
-38
-82
-38
-142
-58
24
-55
-116
-39
-39
-116
-57
-38
-92
-111
-105
-39
-39
-115
-94
-143
-116
-83
-73
-81
-83
-19
-116
-94
-81
-83
-78
-82
-71
-82
-82
-82
-83
-66
-82
-79
-84
46
-79
-44
-129
-82
-30
-101
-38
-116
-116
-92
-67
-116
-92
-93
122
-116
-67
-83
-39
-84
-94
-54
-79
-38
-48
-82
-82
-82
-82
-82
-82
-82
-82
-105
-116
-116
-116
-116
-116
-116
-116
-104
-116
-104
-116
-104
-116
-116
-116
-116
-116
-116
-116
-116
-104
-116
-116
-116
-116
-116
-116
-116
-116
-116
-90
-143
-116
-116
-116
-104
-116
-116
-116
-116
-104
-116
-116
-105
-116
-116
-104
-116
-116
-104
-105
-116
-116
-116
-116
-116
-104
-116
-124
-114
-116
-116
-105
-116
-104
-104
-116
-116
-104
-116
-116
-116
-116
-116
-116
-116
-116
-116
-116
-104
-116
-116
-116
-116
-116
-116
-116
-116
-116
-116
-116
-116
-116
-105
-116
-116
-116
-116
-116
-116
-116
-116
-105
-116
-116
-116
-116
-116
-116
-104
-116
-102
-104
-116
-116
-116
-116
-116
-116
-116
-116
-104
-116
-117
-116
-116
-116
-116
-116
-116
-116
-116
-104
-116
-90
-105
-102
-104
-115
-116
-91
-116
-91
-116
-103
-91
-102
-17
-116
-103
-102
-79
-82
-82
-82
-82
-88
-39
-116
-89
-98
-98
-101
-112
-100
-99
-109
-122
-121
-122
-95
-106
-110
-95
-123
-96
-105
-117
-117
-117
-116
-19
-116
-117
-104
-118
-113
-104
-116
-116
-118
-116
-106
-104
-116
-105
-104
-106
-106
-114
-113
-96
-96
-96
-118
-106
-107
-116
-112
-107
-106
-96
-121
-123
-118
-86
-87
-122
-87
-117
-26
-114
-98
-97
-86
-86
-96
-127
-98
-86
-45
-76
-109
-47
-130
-148
-138
-142
-131
-122
-118
-110
-118
-87
-122
-118
29
-87
-78
-144
-98
29
-99
-130
-87
-116
-115
-87
-82
-109
-134
-67
-87
-87
-117
-122
-47
-108
-68
-113
-87
-98
-49
-114
-97
-85
-109
-98
-104
-118
-86
-114
-86
-47
-108
-76
-8
-67
-114
-87
-104
65
25
-104
-104
-69
-8
-104
19
-47
-47
-55
1
-45
25
-67
-44
25
23
25
-19
8
-67
-49
62
-114
-28
26
-47
-8
-8
25
25
76
25
-47
-39
-41
-49
13
-48
-41
25
25
0
1
-10
14
170
14
-50
14
-42
25
-43
22
109
-29
2
25
46
13
-47
33
13
14
230
-56
-49
25
-30
-61
-53
-39
130
44
-49
-114
-43
-60
-46
-36
25
41
-114
14
-37
14
13
-14
2
25
-25
25
14
13
-29
14
32
11
2
-29
-39
2
-27
6
14
2
-60
-55
121
-9
11
-23
-14
2
-21
-39
-32
13
-19
14
-3
-11
93
25
-41
-19
1
-19
-40
1
2
13
-14
14
14
-10
13
-23
14
-66
14
135
-1
14
106
2
-16
4
-13
-11
-3
1
31
-15
60
-53
-11
8
-21
-32
-35
8
-34
-29
-33
-14
-29
106
91
-34
25
-34
12
-17
-8
-4
-10
-32
26
-19
-42
-19
0
178
-34
201
-22
14
-37
-9
40
28
-33
108
189
59
-11
89
-48
160
-34
2
-44
-43
108
3
-23
-51
-43
-15
8
-21
-43
-39
-68
-16
2
-34
-21
77
-61
-22
14
-20
-68
-13
-1
12
-29
-22
2
-67
-75
-39
-10
2
-75
106
30
13
-2
25
-50
-32
-17
-18
5
12
2
-63
-43
-10
-66
121
12
-58
-31
-115
-44
-77
-61
-6
-65
-34
-27
14
134
-4
-39
-74
-19
-10
-45
-27
-39
-65
-40
-60
-44
3
-8
-65
-6
-9
-9
-29
-26
-53
0
-66
-63
-62
-7
-60
5
-29
-19
-53
0
-39
14
-8
-53
2
33
-56
-77
-52
-53
5
2
-32
14
-62
-15
-33
-53
-60
-58
-60
-52
-70
14
-52
-47
-32
85
-33
-58
89
27
-19
-69
-19
-13
-66
-44
-29
3
11
-41
-24
4
-26
-16
-53
-10
-15
25
-16
13
-50
-52
-44
119
-61
-34
-26
-27
-50
-24
25
-61
-26
-34
-52
84
-53
12
-14
-15
-25
7
10
-7
-4
-3
-61
-22
18
18
-31
-53
-11
8
-34
-36
124
118
95
-27
4
8
19
-10
-66
-11
26
-34
-77
-7
-59
-39
-65
-24
-15
-14
74
-49
1
119
-34
123
122
-22
-14
-26
16
26
5
-60
-6
95
-5
-29
-52
-27
-1
-58
-5
-3
30
118
-49
-61
-45
26
-24
-34
118
-40
-9
-39
-6
118
-29
-40
-2
14
-15
-1
14
-29
3
-26
-39
166
0
-7
53
-6
14
-29
-60
-15
118
-15
-26
-8
-14
1
-15
-14
-9
119
-3
-19
-58
-45
-22
-15
2
30
46
-33
-6
129
-53
118
-27
112
200
-7
118
-4
14
-23
-68
108
-22
26
98
-14
-24
-21
85
13
-16
-45
118
105
-3
-20
-34
-19
-3
-15
-61
-6
94
25
28
-54
-16
106
94
-6
-54
-5
-5
-6
-1
134
-15
104
-61
1
-16
-34
-61
-3
118
7
-19
430
4
83
28
-7
118
30
-79
14
13
-60
-15
-29
10
-32
-16
-15
4
-16
118
10
-27
-61
42
-19
-60
-5
-22
-26
217
118
6
3
61
-52
24
-12
30
-5
83
-15
-5
82
20
118
37
106
64
109
18
-2
118
