-90
-113
-121
-61
-113
-82
-115
35
-103
-68
-71
-102
-79
-49
-116
-53
-97
-136
-93
-44
-30
-101
-111
-54
-64
-98
-20
-100
-83
-133
-30
-80
-102
-83
-101
-112
-59
-82
-87
-102
-7
-99
-107
-101
-98
-61
-134
-78
-104
-47
-90
-87
-49
-88
-143
-102
-59
-107
-115
-92
-77
-53
-112
-111
-109
-68
-109
-64
-104
-101
-120
-88
-91
-89
-42
-92
-66
-28
-84
-76
-69
-112
-57
-72
-95
-99
-64
-131
-110
-137
-111
-112
-137
-72
-77
-120
-54
-41
-114
-115
-78
-84
-109
-112
-83
-114
-111
-91
-108
-41
-56
-98
-113
-115
-38
-37
-88
-112
-106
-89
-37
-73
-112
-102
-90
-86
-43
-104
-64
-30
-69
-60
-69
-103
-62
-75
-116
-77
-93
-78
-81
-88
-116
-50
-102
-77
-90
-40
-61
-112
-87
-139
-112
-115
-101
-98
-105
-69
-47
-135
-61
-143
-102
-60
-56
-100
-127
-74
-73
-134
-142
-70
-89
-113
-141
-64
35
-50
-64
-45
-27
-64
-142
-78
-84
-31
14
-112
-82
-59
-92
-89
-43
-105
-114
-59
-50
-94
-112
-108
-52
-80
-142
-102
-85
-84
-64
-102
-82
-133
-89
-113
-63
-42
-26
-115
-111
-114
-102
-74
-72
-77
-99
-74
-81
-58
-113
-105
-45
-71
-110
-71
-124
11
-45
-64
-17
-95
-59
-101
50
-76
-83
-74
-64
-22
-112
-89
-46
-15
-111
-61
-57
-51
-91
-98
-69
-53
-71
-48
-63
-84
-91
-90
-78
-64
-93
-19
-139
-84
-149
-53
-69
-50
-50
-58
-131
-53
-71
-33
-119
-132
-115
-123
-133
-104
-100
-78
-133
-50
-57
-93
-89
-84
-91
-103
-74
-76
-90
-133
-112
-112
-62
-130
-91
-112
-113
-63
-75
-111
-113
-128
-114
-67
-72
-59
-37
-73
-61
-93
-115
-100
-73
-132
-61
-143
-101
-40
-80
-96
-64
-89
-86
-75
-143
-110
-97
-114
-129
-116
-84
-86
-28
-67
-62
-64
-91
-99
-99
-70
-50
-11
-57
-48
-90
-100
-39
-37
-124
-78
-90
-47
-112
-68
-104
-33
-99
-24
-100
-43
-71
-69
-72
-64
-53
-142
-77
-18
-72
-99
-101
-57
-28
-131
-48
-41
-16
-112
-114
-115
-101
-71
-95
-120
-52
-85
-122
-21
-78
-50
-64
-81
-110
-100
-105
-58
-76
-48
-114
12
-24
-50
-104
-100
-84
-28
-133
-56
-143
-68
-90
-42
-62
-101
-97
-108
-63
-49
-54
-48
-44
-99
-75
-111
-55
-103
-85
-62
-67
-115
-44
-114
-101
-142
-46
-106
-85
-113
-138
-87
-111
-29
-111
-84
-61
-51
-62
-71
-58
-91
-46
-49
-112
-17
-40
-142
-64
-98
-36
-103
-105
-130
-89
-62
-42
-59
-88
-64
-85
-84
-131
-48
-42
-121
-96
-50
-114
-54
-95
-62
-115
-21
-105
-92
-143
-132
-80
-91
-100
-120
-83
-67
-52
-42
-65
-48
-113
-40
-4
-126
-56
-38
-67
-34
-83
-78
-144
7
-85
-57
-74
-71
-87
-110
-76
-63
-40
-61
-39
-67
-61
-60
-73
-87
-29
-97
-112
-31
-90
-101
-102
-79
-80
-92
-78
-52
-101
-36
-55
-67
-60
-57
-112
-134
-31
-80
-28
-144
-113
-89
-64
-63
-113
-91
-85
-87
-89
-113
-122
-63
-72
-38
-4
-140
-77
-18
-63
8
-94
-116
-53
-70
-75
-78
-74
-64
-24
-123
-47
-59
-48
-120
-88
-66
-123
-64
-116
-105
-57
-8
-91
-80
-72
-39
-77
-22
-74
-81
-38
-59
-111
-72
-95
-23
-145
-123
-58
4
-100
-62
-48
-77
-59
-30
-52
-16
-59
-74
-100
-144
-110
-20
-60
-52
0
9
-10
-51
-113
-109
-45
-21
-85
-79
-74
-54
-81
-60
24
-120
-65
-68
-74
-82
-94
-80
-68
-30
-45
-58
-29
-65
-55
-116
-15
-94
-27
-84
-101
-57
-145
-71
-124
-111
-64
-49
-36
-94
-67
-97
-99
-28
-33
-119
-48
-88
-56
-63
-119
-110
-47
-83
-74
-38
-98
-85
-22
-95
-115
-61
-134
-95
-49
-79
-72
-65
-83
-42
-79
-96
-59
-81
-49
-81
-74
-72
-4
-60
-64
-93
-93
-77
-105
-88
-54
-82
-37
-116
-102
-25
-67
-50
-104
-63
-27
-70
-111
-19
-139
-58
-94
-88
-112
-133
-50
-76
-85
-113
-14
-68
-70
-85
-58
-59
-83
-73
-112
-28
-52
-88
-55
-86
-105
-83
-103
-58
-48
-94
-147
-20
-115
-96
-36
-46
-67
-99
-48
-120
-110
-115
-50
-115
-85
-28
-84
-89
-38
-39
-74
-50
-101
-13
-140
-46
31
-57
-74
-8
-114
-69
-22
-78
-90
-35
-86
-50
-57
-75
-39
-75
-78
-16
-41
-18
-59
-94
-94
-91
-97
-76
-112
-35
-96
-14
-29
-83
-116
-70
-56
-62
105
-25
-85
-43
-115
-115
-86
-67
-74
-131
27
-40
11
-54
-78
41
-41
-104
-84
-90
-80
-121
-93
-111
-64
-111
-73
-52
-69
-55
-59
-58
-115
-48
-65
-34
-57
0
-94
-111
-40
-97
-47
-38
-89
-104
-130
-93
-77
-124
-64
-76
-145
-95
-59
-126
-93
-3
-46
-55
-23
-2
-81
-60
-88
-84
-131
-46
-60
-105
-116
5
3
-74
-64
-55
-112
-40
-65
-16
-55
-81
-37
-90
-39
-103
-51
-68
-74
-71
-69
-116
-105
-31
-59
-60
-145
-85
-61
-77
-117
-77
-120
-82
-77
-54
-49
-59
-120
-114
-23
-17
-28
-100
-72
-77
-94
-112
-111
-39
-38
-46
-59
-95
-72
-63
-29
-82
-76
-55
-49
-114
-76
-51
-47
-44
-101
-76
-7
-92
-48
-100
-133
-24
-115
-74
-39
-57
-49
-58
-74
-57
-13
-51
-37
-58
-11
-143
-142
-57
-71
-53
-73
-104
-84
-77
-101
-96
-115
-37
