-114
-112
-130
-114
-90
-14
-141
-94
-87
-95
-112
-77
-92
-65
-86
-98
-77
-143
-141
-104
-145
-84
-102
-102
-93
-73
-144
-95
-80
-97
-83
-83
-99
-115
-76
-93
-83
-111
26
-136
27
-62
-30
-67
-74
-90
-39
-113
-102
-84
-65
-82
-72
-64
-92
-60
-40
-63
-76
-64
-25
-46
-33
-47
-15
-47
-36
-32
-55
-47
-74
-143
-58
-68
-55
-68
-105
-39
-105
-61
-49
-104
-104
-78
-85
-104
-117
-39
-75
-81
-105
-114
-39
-83
-55
-102
-49
-116
-57
-92
-116
-114
-55
-39
-81
-32
-4
-104
-116
-116
-116
-39
-111
-75
-64
-143
-143
-78
-116
-116
-116
-39
-142
-116
-19
-116
-104
-39
-111
-116
-116
-82
-82
-79
-126
-54
-108
-82
-82
-82
-54
-116
-144
-143
-143
-116
-103
-143
-116
-116
-115
-104
-116
-55
-116
-90
-142
-38
-82
-82
-82
-82
-82
-82
-81
-116
-67
-143
-115
-87
-82
-37
89
-90
-143
-39
-85
-116
-102
-116
-116
-105
-116
-39
-143
-116
-116
-116
-39
-116
-116
-66
-90
-116
-39
-143
-55
-143
-39
-102
-116
-39
-39
-142
-142
-116
-116
-104
-126
-116
-39
-111
-116
-116
-104
-82
-82
-82
-19
-19
-115
-111
-116
-29
-144
-116
-55
-116
-88
-55
-82
-82
-57
-100
-116
-71
-82
-82
-116
-86
-112
-143
-116
-66
-116
-55
-116
-116
-88
-82
-82
-82
-38
-82
-80
-64
-116
-19
-103
-116
-116
-116
-104
-103
-116
-116
-50
-116
-107
-116
-116
-116
-116
-90
-116
-116
-104
-8
-79
-116
-116
-116
-116
-39
-116
-66
-143
-142
-143
-116
-142
-111
-116
-116
-116
-115
-116
-19
-116
-125
-143
-116
-116
-116
-43
-143
-116
-116
-116
-39
-78
-91
-135
-82
-82
-82
-83
-39
-79
-79
-55
-116
-116
-116
-55
-104
-103
-116
-116
-68
-116
-104
-84
-43
-88
-116
-90
-79
-82
-86
-94
-116
-104
-39
-143
-111
-116
-84
-82
-82
-116
-55
-116
-95
-116
-116
-55
-79
-142
-116
-116
-39
-116
-19
-116
-66
-43
-67
-116
-104
-116
-106
-116
-116
-116
-39
-116
-116
-116
-116
-115
-116
-116
-116
-75
-82
-82
-116
-116
-104
-116
-116
-144
-55
-103
-116
-116
-116
-49
-80
-116
-51
-116
-144
-104
-55
-116
-43
-43
-116
-116
-116
-116
-79
-82
-89
-19
-144
-116
-87
-43
-39
-116
-116
-49
-116
-116
-116
-83
-82
-94
-55
-116
-116
-143
-116
-116
-19
-116
-39
-39
-144
-81
-90
-102
-116
-39
-116
-116
-116
-102
-143
-116
-79
-116
-116
-75
-82
-83
-116
-116
-116
-116
-116
-104
-116
-116
-116
-116
-114
-19
-116
-43
-116
-116
-19
-91
-55
-116
-82
-82
113
-116
-39
-55
-116
-39
-142
-116
-79
-116
-116
-95
-82
-82
-82
-83
-79
-34
-116
-91
-43
-135
-104
-116
-116
-116
-43
-39
-61
-79
-116
-116
-78
-143
-116
-116
-79
-82
-83
-39
-116
-116
-111
-116
-39
-116
-55
-75
40
-116
-66
-135
-116
-19
-116
-105
-116
-15
-131
-82
-81
-82
-38
-116
-116
-104
-39
-39
-135
-2
-82
-72
-80
-67
-143
-111
-97
-116
82
-54
-90
-116
-75
-143
-116
-39
-55
-54
-115
-122
-43
-143
-91
-115
-116
-83
-82
-83
-39
-143
-96
-77
-83
-115
-66
-116
-82
-82
-82
-105
-116
-82
-82
-82
-82
-80
-116
-116
-82
-82
-77
-81
-19
-116
-78
-106
-116
-116
-67
-108
113
-116
-66
-116
-116
-116
-90
-116
-54
-143
-116
-116
-116
-95
-38
-116
-116
94
16
-115
-116
-116
-116
-55
-87
-112
-61
-112
-82
-82
-82
-116
-116
-116
-82
-68
-67
-115
-82
-81
-105
-116
-43
-75
-78
-91
-142
-108
-82
-67
-39
-116
-116
-104
-108
-82
-116
-116
-79
-82
-79
-75
-143
-81
-71
-116
-82
36
-116
-39
-78
-105
-116
-116
-116
-39
-79
-104
-63
-43
-116
-39
-143
-116
-78
-142
-38
-102
-116
-55
-91
-143
-116
-75
-116
-116
-39
-144
-44
-143
-81
-82
-82
-82
-82
-81
-54
-55
-116
-82
-82
-67
-116
-91
-55
-83
-82
-82
-82
-82
-39
-95
-82
-116
-114
-104
-82
-82
-50
-75
-105
-55
-144
-79
-95
-82
-82
-116
-55
-116
-39
-111
-82
-82
-55
-104
-116
-67
-116
-55
-116
-116
-116
-66
-82
-82
-82
-80
-116
-79
-79
-74
-45
-116
-116
-116
-116
-66
-143
-143
-142
-116
-116
-67
-116
-39
-116
-39
-82
-82
-80
-39
-116
-38
-82
-82
-82
-38
-91
-116
-116
-116
-116
-103
-143
-116
-116
-39
-116
-39
-19
-104
-82
-82
-116
-112
-82
-82
-116
-39
-111
-116
-116
-116
-78
-89
-22
-116
-55
-43
-104
-104
-116
-55
-116
-90
-116
-116
-83
-39
-82
-82
-82
-82
-38
-142
-83
-115
-116
-143
-112
-82
-82
-82
-79
-102
-91
-75
-116
-82
-80
-103
-144
-116
-116
-116
-19
-102
-115
-116
-83
-105
-39
-68
-142
-111
-75
-82
-82
-82
-116
-116
-116
-67
-116
-104
-116
-116
-116
-49
-116
-116
-39
-104
-115
-83
-104
-116
-103
-96
-116
-116
-27
-44
-119
-104
-116
-82
-116
-116
-116
-116
-116
-104
-116
-54
-104
-75
-95
-82
-82
-82
-116
-116
-111
-115
-116
-90
-67
-116
-116
-39
-61
-116
-39
-78
-116
-51
-143
-116
-116
-86
-39
-116
-106
-75
-79
-45
-54
-68
-116
-39
-140
-82
-44
-103
-120
-116
-51
-111
-116
-91
-108
-83
-69
-116
-116
-78
-116
-116
-39
-103
-116
-87
-63
-143
-80
-116
-39
-116
-124
-75
-83
-39
-116
-116
-82
-82
-116
-116
-55
-116
-116
-39
-115
-78
-116
-116
-116
