-89
-39
-94
-78
-74
-97
-28
-76
-91
-99
-110
-98
-95
-89
-114
-98
-112
-55
-120
-119
-29
-91
-114
-107
-116
-116
-113
-144
-101
-88
-113
-88
-111
-45
-91
-38
-111
-65
-82
-79
-3
-114
-62
-84
-131
-85
-24
-23
-68
-71
-38
20
-94
-87
-143
-114
-46
-113
-52
-104
-141
-78
-112
-93
-74
-13
-95
-41
-30
-35
-98
-147
-78
-57
-69
-68
-78
-6
-105
-54
-57
-67
-84
-110
-94
-90
-85
-89
-47
-112
-41
-26
-44
33
-84
-62
-53
8
-81
-145
-90
-97
-94
-125
-48
-58
-61
-37
-77
-143
-53
-48
-62
-68
-120
-60
-58
-40
-81
-84
-130
-49
-49
-67
-82
-57
-144
-49
-69
-18
-112
-113
-132
-30
-27
-69
-114
-97
-81
-57
-67
-27
73
-37
-31
-132
-59
-77
-48
-93
-95
-20
-115
-37
-53
-28
-58
13
-47
-59
-48
-2
40
-77
-116
12
-62
20
-95
-51
30
-126
-133
40
12
-48
-57
-95
-95
-46
-58
-110
-19
-88
-131
-143
-51
-147
-52
-70
-131
35
-142
-95
29
-28
-105
-49
-67
-111
-121
-132
-20
24
-119
-57
-50
12
-58
-114
-105
-117
-104
-105
-66
-116
-75
-111
36
-8
-111
29
-116
-77
-58
-104
-57
-111
-105
-105
-39
-64
-105
-104
-116
-39
-43
-50
-68
-116
-19
-19
-111
-30
-116
-105
-81
-19
-104
-95
-104
-116
-139
-115
-116
-116
-116
-115
-116
-116
-116
-116
-111
-111
-116
-116
-111
-49
-68
-116
-49
-116
-79
-116
-116
-111
-126
-111
-116
-116
-67
-91
-116
-111
-116
-116
-116
-49
-8
-116
-19
-116
-111
-111
-116
-116
-19
-115
-116
-111
-116
-116
-116
-75
-115
-116
-79
-116
-116
-111
-116
-19
-116
-116
-116
-104
-19
-116
-116
-19
-116
-67
-116
-36
-19
-111
-116
-19
-94
-32
-116
-115
-68
-116
-115
-116
-115
-116
-116
-105
-49
-115
-68
-90
-105
-83
-116
-67
-116
-105
-79
-116
-104
-116
-78
-63
-116
-115
-105
-116
-49
-116
-104
-116
-61
-116
-104
-115
-116
-116
-94
-79
-19
-68
-116
-111
-116
-116
3
-116
-115
-102
46
-96
-102
-49
-116
-67
-135
-81
-58
-102
-94
-49
-66
-105
-116
-19
-55
-66
-8
-8
-116
-116
-114
-114
-53
-55
-67
-116
-91
-117
-116
-116
-67
-119
-116
-115
-95
-118
1
-67
-116
-55
-66
-19
-115
-83
-67
-116
-49
-79
-116
-105
-67
-87
-55
-79
-118
-55
-67
-102
-67
-79
-116
-58
-93
-93
-116
-19
-55
-67
-114
-67
-105
-90
-115
-55
-55
73
-55
-116
-116
-55
-116
-116
-58
-55
-55
-55
-9
-85
-55
-119
-93
-55
-61
-91
-55
-116
-99
-99
-115
-55
-115
-95
-94
-114
-55
-55
-78
-104
-44
-55
-115
-55
-44
-90
-55
-116
-55
-43
-61
-61
-75
-66
-66
1
-91
-91
-43
-55
-8
-61
-19
-82
-82
-82
-55
-115
-44
-91
-44
-55
-91
-104
-19
-91
-79
-47
-90
-90
-105
-80
-55
-34
-104
-79
-91
-90
-47
-55
-91
-75
-79
-67
-95
-55
-116
-79
-108
-90
-79
-59
-51
-19
-116
-94
-91
-55
-91
-115
-55
-91
-83
-90
46
-85
-91
-19
-90
-62
-91
-63
-95
-116
-82
-79
-91
-82
-90
-67
-91
-65
-95
-113
-116
-55
-90
-116
-91
-111
-115
-90
-90
-55
-75
-91
-116
-90
-54
-104
-91
-113
-29
-67
-68
-83
-69
-55
-93
-10
-143
-59
-79
-33
-67
-63
-19
-61
-10
-19
-8
-19
-55
-115
-10
-91
-55
-117
55
-105
-59
-19
-67
-19
-75
-111
-63
-4
-81
-71
-67
-67
-66
-55
-11
-39
-19
-67
-19
-19
-55
-67
-19
-19
-55
-67
-19
-67
2
-40
-49
-10
-27
-67
-39
-66
-19
-42
-55
-66
-90
-35
-19
41
-19
-10
2
-35
-59
-19
47
-38
5
-19
-32
-34
-41
-44
-36
-19
52
-10
-19
73
-39
-19
1
-19
-19
-28
-19
-17
-19
-39
-19
51
-39
-32
48
-19
-29
-8
-4
48
-39
42
-19
-11
-19
-43
-8
253
-8
-26
-56
-8
-10
-49
2
14
13
-28
-39
2
-19
13
-10
-20
-8
118
-55
-31
2
-16
-60
2
-55
-27
77
-38
-10
-49
-19
-55
-11
-11
-19
-46
-52
2
-22
-19
-28
63
2
-68
-3
-10
-39
-7
-43
82
-1
-39
-23
14
-25
-2
-32
-19
-49
2
-24
64
-9
-19
-22
-50
-27
-39
-43
-29
-22
-29
-39
-10
-106
-43
-11
2
48
42
-39
-19
2
-15
3
-19
-16
-39
-27
3
-39
-44
-39
-15
-27
-49
119
-19
-44
-4
-32
-13
-29
-14
2
-61
-19
26
-61
-39
25
-39
25
13
13
-10
25
59
2
-44
-7
2
-39
81
-25
-61
74
-19
-10
-72
-57
-10
-72
-19
-60
-59
-31
-22
-61
-22
-39
-62
-19
-61
-38
1
-35
69
-57
-116
-19
-5
-61
-10
-61
-23
-25
-24
-44
-18
13
2
-61
-24
-39
-11
-19
-3
-45
-18
-11
-39
-61
10
-39
-39
-15
-19
-15
-4
-61
-39
-61
64
-59
-19
85
-19
34
-2
-39
-58
76
-29
-3
-10
14
1
-19
-61
-39
-3
86
-64
-39
-29
-19
46
-27
-39
13
33
-23
25
-54
-8
-10
-32
-39
2
33
13
3
-18
-61
-12
-29
-3
-36
118
-39
-22
-61
-39
118
-19
-2
-39
-39
21
-44
11
-8
-44
-39
-39
-14
64
9
-19
-39
68
-27
4
-29
-39
83
93
5
66
-60
-9
-19
-20
-4
-2
-11
-39
-34
58
-14
-90
-126
-5
-4
39
