-110
-68
-94
-54
-113
-109
-114
-100
-25
-130
-129
-131
-110
-37
-129
-113
-115
-69
-80
-102
-95
-55
-46
-77
-114
-115
-91
-101
-49
-42
-111
-144
-61
-107
-115
-112
-43
-102
-91
-125
-63
-91
-75
-100
-82
-45
-103
-88
-117
-116
-60
-98
-88
-84
-131
-71
-93
-87
-127
-87
-46
-104
-87
-39
-64
-114
-46
-41
-110
-56
-55
-124
-47
-44
-76
-112
-67
-102
-15
-111
-66
-112
-66
-88
-52
-25
-99
-124
-40
-74
-131
-53
-85
-121
-110
-63
-28
-85
-48
-14
-49
-74
-74
-89
-114
-84
-81
-91
-33
-44
-63
-39
-69
-81
-32
-116
-67
-46
-92
-139
-84
-42
-88
-70
-142
-44
-99
-131
-83
-35
-71
-78
-62
-131
-42
-113
-37
-47
23
-63
-17
-75
-99
-124
-105
-114
-67
-103
-64
-70
-76
-75
-38
-57
-135
-78
-59
-47
-38
-64
-47
-131
-51
-47
-75
-83
-58
-74
-38
-56
-73
9
-20
-40
-69
-37
-58
-89
-104
-95
-66
-77
-66
-83
-78
-38
-75
-38
-65
-68
-74
-47
-7
-10
-133
-4
-61
-36
-75
-111
-95
-75
-100
29
-64
-58
-68
13
-57
-77
-2
-120
-49
-71
-137
40
-57
-47
-103
-133
-73
-87
-70
31
-47
-37
-75
-81
-23
-48
-65
-65
-41
-84
-58
-39
-85
-38
-75
51
-26
-55
-65
-51
-83
-85
-64
-115
-37
-36
-132
-68
-142
-28
-24
-9
-3
-116
30
-131
-52
-28
-57
-57
-99
-8
-114
-58
-50
-96
-83
-145
-68
-99
-57
-83
-64
-111
-110
-111
-57
29
-56
-88
1
-23
-115
-68
-39
-68
-105
-110
-26
51
-39
55
-33
-67
-33
-59
-116
-44
-38
-80
-15
2
-97
-101
-72
-83
-87
-57
-68
-36
-78
-4
-20
-51
-56
68
-97
-5
52
-77
-78
-97
6
-91
62
54
-78
-112
-2
-22
-67
6
-2
-4
-112
-6
-4
-68
-65
22
-112
-71
-77
-78
-68
-59
-100
-78
-112
-78
-18
-112
46
-78
-112
-48
-40
-4
-67
6
30
18
-112
-78
-37
-45
-78
-99
-78
-112
-14
-78
9
-2
19
-112
-112
19
-35
18
-3
68
19
-78
-14
-78
18
17
29
20
29
-78
-50
-78
-78
79
-2
90
-27
-120
20
-66
31
-78
113
48
101
89
-87
102
-50
9
-3
101
-2
9
-2
9
9
-2
-30
124
20
-2
29
102
102
117
124
-76
-2
124
124
101
-50
124
9
-63
79
-78
112
102
124
102
-78
-67
101
-58
102
101
19
-2
-2
128
66
-50
112
112
-58
-2
112
124
69
101
-78
-101
89
112
124
124
79
-78
124
184
124
-78
113
90
-78
-78
102
124
124
-4
66
91
124
-78
90
102
-78
89
90
-78
-78
101
102
113
124
102
102
124
189
-53
-54
113
-78
113
102
-78
57
101
-123
7
-89
-77
-53
113
57
102
-116
-101
-105
-94
39
-116
-111
-85
23
23
-78
-85
-59
-85
-85
57
-79
-77
-89
47
-115
-78
69
91
113
-79
58
-95
-83
-78
-50
113
-101
-78
102
-112
113
-93
-101
69
-78
-85
-101
-55
-43
-78
-70
80
-113
-78
-68
-78
-72
-80
123
112
-54
-38
-112
-83
46
-94
139
57
57
-82
-82
-82
-82
-82
122
-84
-77
68
-70
-75
-8
-44
-95
-42
69
172
69
-70
-78
-61
-70
52
-91
-53
-42
62
-82
-113
-82
-72
-54
-78
9
-53
-8
-53
-53
101
-73
-82
-82
-73
43
-95
-54
-23
52
12
-53
-42
-84
-72
-60
-80
-70
-55
-54
-46
-91
-43
-54
-101
-81
-28
-82
32
-73
-105
-48
-44
-70
-73
-42
-113
-57
-53
-54
42
32
52
-82
-54
-27
42
-82
78
33
55
-42
-53
-70
-70
-17
-82
-82
-82
-82
32
-91
-55
172
-94
-82
-48
42
-78
-54
-78
-84
-53
-53
-78
32
32
-53
32
32
-70
32
-108
-48
-78
-75
42
-54
-78
45
34
34
33
34
-83
45
-68
-78
33
22
-73
32
-53
-72
34
-83
64
78
34
-54
22
42
-83
-72
-72
88
-51
32
-53
42
77
-73
32
-78
-53
32
32
22
-62
-72
-62
-62
-52
-52
-62
-52
78
88
-70
126
77
89
113
66
88
-34
90
89
110
78
77
-65
100
-76
88
87
77
66
99
-50
101
88
66
113
77
89
66
77
89
137
88
77
77
127
77
87
56
108
66
99
78
66
66
77
134
89
77
77
126
126
77
137
77
66
126
-15
77
-50
-51
-62
89
66
79
-4
-75
45
-62
77
127
102
-83
-70
79
-50
-112
66
-50
-79
78
100
81
77
-38
100
126
66
126
77
77
109
87
137
66
68
-79
77
-80
-82
89
87
77
-10
-50
-38
77
-83
-78
101
99
126
14
78
109
-38
79
89
-38
102
-92
101
126
38
-23
-79
-90
77
90
116
88
66
126
-38
66
-38
121
88
127
66
77
113
78
77
116
78
89
159
137
-51
78
126
229
89
97
87
87
66
87
66
89
126
106
-15
-51
100
109
97
-51
-40
-92
66
-51
-27
77
-92
-92
-38
66
-51
-38
-24
77
-51
86
126
-38
91
-91
-92
106
-37
39
78
-38
-51
-26
-92
-92
-92
-26
-38
-38
90
-92
66
-92
113
-51
-51
131
101
137
-92
101
-27
-92
45
-22
-78
-112
-22
0
-112
-112
-112
-101
137
-54
-73
43
-26
-15
-37
-26
