-76
-112
-103
-123
-112
-36
-5
-78
-78
-95
-110
-115
-73
-47
-116
-61
-55
-86
-111
-72
-58
-66
-37
-65
-70
-56
-65
-116
-50
-67
-88
-52
-53
26
-100
-64
11
-32
-103
21
-111
-44
6
-58
-37
-69
-100
-53
67
-15
-13
-21
-95
-68
-70
-26
-67
-79
-15
-104
-75
-104
-125
7
-75
-115
-6
-92
-75
-110
-39
-75
-116
-39
-55
-6
-113
-22
-75
-116
0
-6
-78
-75
-49
-77
-5
-77
7
-55
-49
-75
-20
-19
-43
-7
-87
-104
-115
-113
-113
-116
-116
-116
-84
-126
-111
-48
-116
-88
-25
-116
-84
-6
1
-77
-113
-113
-116
-110
-72
-115
-94
-106
-104
-116
-104
-55
-20
-124
-76
-105
-9
-67
-116
-105
-83
-31
-114
-81
-116
-61
22
-69
7
-105
-32
-55
-51
-108
-80
11
-82
-49
-87
-81
-67
281
-72
-102
-7
-75
50
-29
-7
-19
-61
-36
-29
-24
42
44
8
-35
-6
-29
-4
-38
-68
-87
56
-25
-9
-61
4
-14
-31
111
-56
-28
24
28
-30
31
451
-48
-48
14
-23
-47
14
45
-49
12
-1
64
-2
-12
0
-19
-1
12
-49
44
110
39
-21
48
-73
154
199
16
95
9
483
-28
14
-19
93
52
-8
37
17
9
-5
251
132
79
31
133
-23
96
8
89
-69
120
1
16
70
163
18
2
-19
145
-4
-72
32
151
183
19
8
-15
61
37
-58
106
10
9
2
14
-58
14
163
5
6
9
148
208
-71
-71
-33
-113
70
40
-1
8
147
1
-34
27
-71
197
-72
-3
168
-7
-45
-55
-38
42
-15
12
6
84
20
38
36
-66
-68
12
427
17
8
-38
13
92
-78
-49
-51
-45
-45
-54
-45
65
-43
-67
-56
-44
-33
101
-45
-8
10
-72
6
-62
83
-47
-27
312
91
107
0
-45
-49
277
-55
15
7
-15
11
-95
4
-72
5
15
13
0
14
26
8
18
16
-68
111
14
24
15
120
14
33
17
8
110
-82
7
65
-105
262
5
-42
-27
19
-61
-45
-45
-43
-79
-45
-31
6
-21
19
-53
40
-67
-5
52
147
26
7
-11
15
-45
-45
25
29
117
39
-69
-45
6
166
195
8
14
-10
0
109
14
13
9
-8
3
9
19
-9
-7
9
165
-1
20
12
20
-8
-22
90
156
152
99
12
15
23
1
6
-72
21
16
1
-53
-56
3
48
-43
152
96
-43
7
18
64
-75
-10
19
72
38
16
174
-51
54
94
58
134
152
63
373
-10
24
276
4
166
-19
88
18
49
20
-1
-71
16
-12
142
132
19
240
66
166
16
-83
158
14
44
18
48
104
111
172
46
96
37
20
26
-71
103
-63
6
21
28
-10
233
58
118
179
18
-58
14
100
157
134
163
89
56
27
107
178
-8
274
149
12
9
-20
137
233
48
165
-16
20
-15
26
27
148
-25
280
9
13
152
17
174
7
-1
26
-4
165
177
24
17
279
-6
-28
401
13
20
12
49
52
132
38
-27
-15
17
173
-17
19
75
257
44
6
49
18
130
3
233
145
270
119
140
45
112
11
143
8
234
54
15
6
180
245
178
111
85
248
282
20
136
160
280
466
47
168
121
237
460
280
89
100
167
229
147
-4
110
36
111
175
150
459
21
-8
66
210
88
238
234
227
121
25
368
229
8
100
19
330
262
325
236
200
271
135
58
466
163
143
9
-8
0
-97
258
-4
203
-4
105
74
141
74
361
111
-9
7
9
6
99
89
19
117
101
152
212
265
13
158
11
221
272
-8
330
13
15
274
192
13
10
454
167
233
14
400
90
-68
256
152
460
262
17
-8
368
166
16
136
348
99
348
48
150
-15
303
140
199
361
365
15
120
15
-21
149
105
149
264
153
289
327
6
173
274
211
456
369
-18
266
390
280
272
127
364
269
74
66
194
68
272
370
242
328
184
259
261
212
280
153
95
278
152
113
77
-114
82
332
213
116
457
364
64
199
160
146
271
99
86
130
124
275
329
191
367
126
87
355
167
128
23
13
64
17
267
360
222
63
200
230
120
83
349
271
273
123
147
232
64
149
22
89
289
80
304
280
179
7
6
324
112
165
98
140
109
138
240
204
238
322
-16
96
49
-20
60
-16
144
71
234
3
7
153
-5
-21
84
208
-19
9
58
69
91
-29
0
1
61
-23
70
-23
-13
364
23
118
110
275
74
3
72
169
-39
-49
75
79
-19
-39
90
-36
76
-19
299
-27
19
152
-19
136
212
-10
92
117
-24
-19
-39
-69
-39
-39
92
37
-40
-40
-39
66
-18
15
11
56
-36
-39
84
-66
123
15
-8
-39
12
-29
5
-119
133
10
73
-14
-65
-61
-114
217
-114
-95
-114
-121
116
-114
8
-112
-114
-95
-114
-79
-114
89
20
21
82
-114
147
-114
-39
16
110
-115
40
-114
-31
191
139
-6
-21
11
-114
-114
-114
-114
-114
-114
22
-114
-114
-114
-114
106
14
-114
-105
-114
-114
-9
63
101
126
13
13
8
118
16
-14
108
17
-30
123
-24
102
103
78
84
-20
-15
135
