-219.999999999999
64.00000000000092
355.9999999999976
275.99999999999665
247.99999999999994
196.000000000001
136.00000000000097
359.99999999999727
164.00000000000057
235.99999999999847
28.000000000000497
255.99999999999963
439.99999999999704
239.99999999999778
323.9999999999977
179.99999999999858
287.99999999999875
243.99999999999847
247.99999999999744
124.00000000000063
236.00000000000108
183.99999999999778
515.9999999999966
367.99999999999716
295.99999999999784
259.99999999999665
327.9999999999968
367.99999999999665
251.99999999999955
331.9999999999971
103.99999999999932
403.99999999999727
128.00000000000037
319.99999999999625
331.9999999999973
291.9999999999982
419.9999999999965
279.99999999999744
327.9999999999974
355.9999999999975
443.9999999999973
203.99999999999997
431.99999999999636
467.9999999999968
439.999999999997
475.99999999999653
327.9999999999964
311.9999999999989
535.9999999999964
299.99999999999653
375.9999999999975
275.99999999999784
399.9999999999968
511.9999999999967
415.9999999999972
303.99999999999756
235.99999999999835
507.99999999999693
491.9999999999968
459.99999999999807
403.99999999999744
335.9999999999965
343.99999999999744
455.99999999999665
271.9999999999974
383.9999999999967
68.00000000000075
159.99999999999935
403.9999999999966
299.99999999999716
227.99999999999721
311.9999999999972
219.99999999999818
279.9999999999977
479.9999999999965
319.9999999999987
99.99999999999821
415.99999999999636
419.9999999999965
299.9999999999981
359.99999999999665
415.99999999999676
487.9999999999966
395.99999999999676
311.99999999999665
435.9999999999969
315.9999999999966
371.9999999999963
459.9999999999966
411.99999999999636
435.99999999999665
295.99999999999676
499.9999999999968
275.99999999999704
399.99999999999704
467.9999999999966
423.99999999999653
423.9999999999966
379.99999999999636
363.9999999999973
535.9999999999966
499.99999999999727
415.9999999999967
383.99999999999665
415.99999999999625
351.99999999999704
443.9999999999989
323.99999999999727
451.99999999999716
323.9999999999971
395.99999999999693
176.00000000000105
395.9999999999976
263.99999999999693
235.99999999999824
208.00000000000043
463.9999999999967
211.99999999999793
267.9999999999976
427.99999999999676
251.99999999999721
347.99999999999665
351.9999999999968
435.99999999999864
419.9999999999966
399.9999999999976
347.9999999999968
283.99999999999795
375.99999999999676
391.9999999999966
383.9999999999975
499.9999999999967
235.99999999999739
251.999999999997
252.00000000000063
487.9999999999967
271.99999999999693
459.9999999999981
251.99999999999935
303.9999999999976
467.9999999999969
383.99999999999864
459.9999999999967
351.9999999999972
435.9999999999966
275.9999999999965
231.99999999999812
351.99999999999676
259.9999999999973
491.99999999999716
303.9999999999972
295.9999999999976
475.99999999999625
-55.99999999999981
423.9999999999966
415.9999999999972
211.99999999999793
363.99999999999727
379.9999999999985
347.9999999999967
307.99999999999784
303.99999999999693
327.9999999999966
383.9999999999966
431.9999999999975
239.9999999999975
419.99999999999727
327.9999999999976
319.9999999999967
-28.000000000002203
112.00000000000088
299.99999999999795
119.99999999999912
343.9999999999973
383.99999999999704
355.9999999999967
339.99999999999665
-79.99999999999909
303.9999999999966
431.9999999999966
295.9999999999966
259.9999999999968
303.9999999999991
371.9999999999971
267.9999999999991
455.9999999999977
491.9999999999965
-152.00000000000105
156.00000000000105
323.99999999999665
395.99999999999693
375.9999999999966
375.99999999999665
183.99999999999855
164.0000000000009
104.00000000000082
395.99999999999676
247.99999999999653
231.99999999999778
175.99999999999767
367.99999999999744
171.9999999999989
191.99999999999977
359.99999999999903
315.99999999999727
431.9999999999964
455.9999999999971
40.000000000000114
227.99999999999807
243.99999999999955
171.99999999999682
267.99999999999966
371.9999999999969
367.9999999999965
183.9999999999974
503.9999999999977
144.0000000000004
511.9999999999968
-327.9999999999994
343.99999999999704
383.999999999997
-75.9999999999994
123.99999999999994
351.9999999999978
363.9999999999978
160.00000000000065
319.9999999999968
387.99999999999704
28.000000000000277
148.00000000000026
359.99999999999716
311.999999999998
371.99999999999676
203.99999999999818
319.9999999999975
371.99999999999665
455.9999999999968
279.99999999999693
475.9999999999966
503.9999999999965
15.999999999999035
387.9999999999968
359.9999999999968
195.99999999999875
275.9999999999973
215.99999999999713
475.9999999999966
359.99999999999727
383.9999999999964
159.99999999999835
111.99999999999855
415.99999999999636
227.99999999999852
68.00000000000045
191.99999999999972
188.00000000000082
212.00000000000009
211.99999999999793
147.99999999999946
399.99999999999665
491.9999999999975
443.9999999999973
403.9999999999967
439.9999999999967
239.99999999999778
203.99999999999955
399.9999999999972
407.999999999998
315.99999999999824
415.99999999999716
12.000000000000014
-132.000000000001
391.99999999999665
467.9999999999964
168.00000000000003
263.9999999999968
63.99999999999988
299.99999999999807
471.99999999999716
-171.99999999999943
-47.999999999999346
303.999999999997
119.99999999999844
-436.0
375.99999999999665
303.99999999999915
403.9999999999971
291.999999999998
-155.9999999999994
40.00000000000072
403.9999999999982
471.99999999999693
132.00000000000057
323.99999999999864
515.9999999999968
56.000000000000526
284.00000000000057
399.99999999999835
267.9999999999963
339.99999999999704
339.99999999999744
339.9999999999965
467.9999999999964
443.99999999999824
-428.00000000000045
363.99999999999886
-364.00000000000097
283.9999999999975
435.9999999999975
343.9999999999987
-399.9999999999999
331.99999999999955
427.9999999999965
355.99999999999676
471.9999999999968
163.99999999999977
175.99999999999727
375.99999999999693
443.9999999999967
259.9999999999968
455.99999999999676
363.9999999999966
299.99999999999915
315.9999999999995
87.99999999999912
355.999999999997
299.9999999999967
-152.00000000000148
267.99999999999676
216.0000000000009
287.99999999999835
247.99999999999872
351.99999999999653
43.99999999999885
315.9999999999979
559.9999999999978
219.99999999999926
323.9999999999963
283.9999999999981
231.99999999999721
-140.00000000000102
435.9999999999973
335.99999999999864
355.99999999999676
403.9999999999966
547.9999999999966
411.9999999999978
391.99999999999653
35.99999999999901
371.99999999999824
216.00000000000048
291.9999999999991
515.9999999999972
339.9999999999972
-432.00000000000006
303.9999999999973
47.99999999999855
359.9999999999973
259.99999999999994
323.9999999999969
335.9999999999973
343.9999999999965
379.9999999999967
195.99999999999883
383.99999999999847
228.00000000000065
295.999999999998
371.99999999999744
519.9999999999969
459.9999999999966
104.00000000000043
415.99999999999704
164.0000000000009
227.99999999999721
427.9999999999967
-404.00000000000074
276.00000000000034
355.99999999999727
299.9999999999974
395.9999999999969
295.99999999999693
343.99999999999676
335.9999999999978
519.9999999999974
303.9999999999967
371.99999999999784
-71.99999999999952
343.9999999999967
147.99999999999764
363.9999999999974
279.9999999999976
148.00000000000065
335.9999999999973
379.9999999999969
256.00000000000057
147.9999999999999
160.0000000000005
347.9999999999973
-60.00000000000126
431.99999999999704
-75.9999999999995
295.99999999999653
319.9999999999973
415.99999999999676
431.9999999999975
431.99999999999636
331.9999999999971
303.9999999999966
259.9999999999968
279.9999999999972
443.99999999999767
307.9999999999972
463.9999999999966
427.9999999999964
319.999999999999
267.9999999999967
391.9999999999967
371.9999999999965
319.99999999999665
291.9999999999982
307.99999999999693
347.99999999999693
479.99999999999807
359.9999999999967
243.99999999999795
415.9999999999968
231.99999999999716
407.9999999999973
387.99999999999676
399.99999999999767
331.99999999999915
407.9999999999965
439.9999999999968
387.9999999999971
319.9999999999971
475.9999999999968
52.00000000000021
331.9999999999973
267.9999999999976
183.99999999999966
315.99999999999875
351.99999999999915
423.99999999999693
267.9999999999983
355.9999999999968
375.99999999999665
323.9999999999964
319.9999999999965
303.9999999999995
315.9999999999988
443.99999999999716
407.9999999999985
-364.0000000000004
355.999999999997
299.9999999999963
343.9999999999978
419.99999999999795
503.9999999999965
379.99999999999665
391.9999999999971
263.99999999999807
135.9999999999995
215.99999999999807
339.99999999999653
171.9999999999982
547.9999999999967
295.999999999997
263.9999999999972
355.9999999999968
167.99999999999784
379.99999999999665
419.99999999999676
131.99999999999744
283.9999999999974
531.9999999999965
95.99999999999872
439.9999999999966
491.99999999999693
535.9999999999962
315.9999999999971
451.99999999999693
40.00000000000012
499.9999999999968
251.9999999999988
355.9999999999964
483.9999999999975
23.999999999998025
351.99999999999716
395.9999999999967
459.999999999997
227.99999999999784
315.9999999999983
367.99999999999847
-412.0000000000009
511.99999999999704
327.9999999999986
355.9999999999972
220.0000000000008
239.99999999999852
331.99999999999653
244.0000000000005
-52.00000000000081
507.9999999999974
163.99999999999696
479.9999999999977
459.9999999999963
355.9999999999991
143.99999999999912
487.9999999999966
343.99999999999693
247.99999999999824
227.99999999999704
447.9999999999974
391.9999999999968
455.9999999999968
207.9999999999978
555.9999999999967
303.99999999999756
411.9999999999966
407.9999999999985
335.9999999999974
76.00000000000102
483.99999999999704
331.99999999999676
463.9999999999972
439.9999999999965
443.9999999999966
371.9999999999967
475.99999999999693
499.99999999999636
343.9999999999966
80.00000000000085
39.99999999999832
191.99999999999756
407.9999999999977
447.9999999999964
323.99999999999665
-12.000000000000085
467.9999999999967
219.99999999999866
-404.0000000000001
351.9999999999967
455.9999999999964
291.99999999999727
459.99999999999704
423.9999999999968
391.9999999999967
319.9999999999966
299.9999999999972
-72.00000000000084
383.9999999999965
451.9999999999962
259.9999999999993
120.00000000000102
415.9999999999966
183.99999999999744
455.99999999999636
303.9999999999967
319.99999999999756
79.99999999999889
211.99999999999784
475.9999999999969
443.999999999997
295.999999999997
411.9999999999965
443.9999999999967
307.9999999999978
279.9999999999969
355.9999999999966
447.9999999999965
327.9999999999969
15.999999999999028
220.000000000001
539.9999999999965
383.99999999999693
96.00000000000031
423.99999999999744
399.9999999999967
163.99999999999764
403.99999999999676
487.99999999999636
327.99999999999653
259.99999999999795
363.99999999999665
455.99999999999636
315.9999999999977
379.9999999999972
431.999999999997
503.9999999999965
439.9999999999965
259.99999999999943
227.99999999999926
255.9999999999969
431.9999999999966
83.99999999999883
267.9999999999968
571.9999999999965
-20.00000000000231
259.9999999999973
359.9999999999969
443.9999999999967
351.9999999999968
455.9999999999968
39.9999999999994
255.99999999999895
355.9999999999982
343.9999999999968
479.99999999999636
92.00000000000058
383.9999999999967
331.9999999999965
407.99999999999653
555.9999999999962
379.99999999999693
239.99999999999687
291.9999999999982
343.9999999999966
451.9999999999972
427.9999999999965
-376.0000000000006
379.99999999999625
523.9999999999968
339.9999999999966
319.9999999999968
411.99999999999665
-80.00000000000134
375.9999999999968
459.9999999999966
263.9999999999969
447.99999999999693
347.9999999999969
147.99999999999753
423.9999999999976
463.99999999999625
139.99999999999875
363.99999999999636
299.99999999999653
247.99999999999952
239.99999999999778
251.99999999999636
371.99999999999665
103.99999999999847
503.9999999999967
307.9999999999966
391.9999999999974
351.9999999999966
323.9999999999967
371.9999999999968
343.99999999999653
175.9999999999992
275.9999999999966
271.9999999999972
443.9999999999967
407.99999999999653
172.00000000000074
419.9999999999987
275.9999999999975
491.9999999999966
563.9999999999968
203.99999999999815
255.9999999999969
12.000000000000238
407.9999999999968
411.99999999999636
439.9999999999972
303.99999999999665
327.99999999999625
459.9999999999965
299.9999999999966
299.99999999999704
-388.0000000000003
387.9999999999965
295.99999999999704
371.9999999999965
247.99999999999764
299.9999999999973
443.9999999999967
299.9999999999964
283.999999999997
463.9999999999965
371.9999999999967
315.9999999999965
339.9999999999975
319.99999999999807
475.9999999999966
363.9999999999966
423.9999999999965
347.9999999999969
423.99999999999653
-55.99999999999988
127.99999999999861
211.99999999999665
-51.999999999999325
303.9999999999965
331.99999999999693
275.9999999999969
327.999999999997
111.99999999999756
467.99999999999636
443.99999999999636
331.9999999999967
119.9999999999981
395.9999999999977
315.99999999999915
367.9999999999967
547.9999999999962
331.9999999999964
-24.000000000001297
139.99999999999736
-148.00000000000006
291.9999999999968
459.9999999999963
199.99999999999957
203.99999999999963
495.9999999999965
263.9999999999969
287.99999999999955
275.99999999999704
215.99999999999937
-148.0000000000018
375.99999999999704
247.9999999999992
355.9999999999968
419.9999999999963
483.9999999999965
-52.00000000000065
431.9999999999965
459.9999999999965
391.9999999999962
535.9999999999962
539.9999999999962
331.99999999999744
127.99999999999787
311.9999999999965
451.99999999999625
491.9999999999963
291.99999999999727
367.99999999999636
143.99999999999997
583.9999999999966
135.9999999999986
227.99999999999736
535.9999999999964
475.9999999999966
383.99999999999665
467.999999999997
567.9999999999966
483.9999999999965
300.0000000000009
391.9999999999965
435.9999999999965
555.9999999999965
479.9999999999966
475.99999999999636
531.9999999999965
272.00000000000017
435.99999999999625
407.999999999997
415.9999999999965
479.9999999999963
407.9999999999962
112.00000000000105
479.9999999999965
263.99999999999704
463.99999999999636
463.9999999999966
347.9999999999977
427.9999999999968
288.00000000000097
355.99999999999625
435.99999999999625
459.9999999999966
543.9999999999966
319.9999999999978
435.9999999999967
495.9999999999965
415.99999999999665
447.99999999999613
295.999999999997
204.00000000000108
167.99999999999847
187.99999999999991
439.99999999999625
547.9999999999966
519.9999999999965
535.9999999999975
371.9999999999963
-304.0000000000009
-880.0000000000018
339.99999999999886
-600.0000000000009
431.9999999999968
-31.99999999999931
471.9999999999965
471.9999999999963
323.9999999999966
387.99999999999847
451.99999999999636
451.99999999999727
395.999999999997
91.99999999999855
124.00000000000102
355.99999999999625
423.9999999999962
483.99999999999727
255.99999999999935
339.9999999999999
439.99999999999625
164.000000000001
291.99999999999807
-59.99999999999959
47.999999999999304
475.99999999999625
223.99999999999875
547.9999999999965
-47.99999999999947
487.9999999999966
287.99999999999636
-95.99999999999937
199.99999999999824
359.99999999999653
399.9999999999973
247.9999999999985
491.99999999999625
403.9999999999975
471.99999999999636
435.99999999999653
8.000000000000828
263.9999999999981
307.99999999999625
223.9999999999983
148.00000000000065
204.00000000000105
183.99999999999926
415.9999999999971
459.9999999999963
391.99999999999636
411.9999999999966
251.99999999999818
407.99999999999727
555.9999999999962
303.9999999999996
339.99999999999665
463.99999999999665
-139.99999999999946
-452.0000000000002
475.9999999999968
239.9999999999963
275.9999999999987
252.0000000000005
51.999999999999304
439.99999999999636
4.0000000000008065
395.9999999999963
351.9999999999962
379.99999999999665
275.9999999999966
475.99999999999636
323.9999999999965
227.99999999999687
447.99999999999636
367.9999999999963
335.99999999999716
275.9999999999974
223.9999999999995
391.9999999999966
495.9999999999965
379.99999999999636
204.00000000000068
287.9999999999977
439.9999999999965
419.99999999999704
195.99999999999736
8.162359677044151e-13
175.99999999999883
383.9999999999973
451.99999999999625
-71.99999999999977
248.00000000000085
243.999999999999
55.99999999999807
267.9999999999995
407.99999999999693
203.9999999999977
132.0000000000007
-11.999999999999195
164.0000000000009
-171.99999999999932
-171.99999999999903
-160.00000000000037
315.99999999999864
100.0000000000006
423.9999999999969
-151.99999999999935
251.99999999999665
199.9999999999982
287.9999999999971
327.9999999999993
-71.99999999999969
-139.99999999999943
543.9999999999964
315.999999999999
335.9999999999969
219.99999999999864
307.999999999997
75.99999999999994
64.00000000000068
-4.000000000001107
160.0000000000003
315.99999999999744
351.9999999999966
535.9999999999974
240.00000000000028
127.99999999999932
12.000000000000679
-291.99999999999983
363.99999999999625
251.9999999999963
212.0000000000009
295.9999999999962
40.000000000000824
204.00000000000063
451.99999999999625
-312.0000000000006
24.000000000000124
399.99999999999625
419.999999999998
231.9999999999967
495.9999999999965
495.9999999999965
407.9999999999965
383.99999999999693
-183.99999999999983
295.9999999999966
555.9999999999964
343.9999999999967
395.99999999999625
135.99999999999895
375.99999999999625
615.9999999999968
-287.99999999999994
144.00000000000094
539.9999999999964
467.99999999999625
411.99999999999716
335.99999999999636
319.9999999999975
543.9999999999965
363.99999999999636
267.9999999999967
379.99999999999716
-76.0000000000027
495.9999999999963
391.9999999999967
363.9999999999964
539.9999999999965
244.00000000000102
435.9999999999974
411.9999999999963
-47.99999999999976
355.9999999999995
79.9999999999969
371.99999999999864
135.9999999999992
7.999999999999659
207.9999999999973
187.99999999999775
323.9999999999969
224.00000000000017
23.999999999999737
395.9999999999965
307.99999999999727
623.9999999999965
539.9999999999964
547.9999999999967
447.99999999999636
395.9999999999968
255.99999999999883
535.9999999999968
55.9999999999972
419.9999999999965
475.99999999999625
-191.99999999999932
459.9999999999966
315.9999999999965
415.9999999999966
219.99999999999687
219.9999999999969
351.99999999999994
443.99999999999625
459.9999999999966
383.99999999999625
495.99999999999636
-59.99999999999911
347.9999999999967
351.9999999999965
503.99999999999636
331.99999999999625
359.9999999999965
471.99999999999636
423.9999999999966
443.9999999999967
359.9999999999969
351.9999999999967
371.99999999999693
435.9999999999972
439.9999999999994
443.999999999998
391.99999999999636
244.00000000000108
335.99999999999625
399.99999999999994
459.99999999999636
539.9999999999962
427.9999999999965
335.9999999999973
360.0000000000006
263.99999999999693
419.99999999999613
551.9999999999961
-660.0000000000015
459.99999999999625
-232.00000000000173
-43.99999999999946
187.99999999999724
391.99999999999625
507.99999999999636
252.00000000000045
255.99999999999696
439.99999999999613
439.999999999997
303.9999999999962
607.9999999999965
443.9999999999965
459.99999999999636
383.99999999999636
383.99999999999625
275.99999999999915
395.9999999999972
-748.0000000000015
491.99999999999636
-680.0000000000022
223.99999999999872
363.99999999999625
423.99999999999636
196.0000000000001
447.9999999999963
383.99999999999636
239.99999999999653
467.9999999999965
307.9999999999973
283.9999999999968
439.9999999999964
447.9999999999978
471.9999999999967
347.99999999999625
-1028.0000000000018
595.9999999999962
383.9999999999967
335.9999999999972
-764.0000000000009
487.9999999999965
503.99999999999636
443.99999999999625
311.99999999999784
155.9999999999975
395.99999999999625
-12.000000000001046
367.99999999999676
359.9999999999971
507.99999999999625
215.99999999999872
191.9999999999974
411.99999999999636
-36.00000000000265
347.99999999999625
-84.00000000000018
-7.999999999999462
355.9999999999965
571.9999999999964
291.9999999999966
-264.00000000000074
335.9999999999964
204.00000000000105
195.9999999999972
395.99999999999625
247.99999999999642
343.9999999999967
371.99999999999636
427.9999999999968
443.9999999999967
419.9999999999965
411.9999999999965
371.99999999999625
523.9999999999962
435.99999999999636
315.9999999999982
299.9999999999964
-44.00000000000135
555.9999999999964
72.0000000000002
507.99999999999625
335.99999999999636
383.99999999999716
311.9999999999963
539.9999999999965
303.99999999999727
495.99999999999625
247.99999999999966
295.99999999999625
323.99999999999636
423.9999999999962
24.000000000000654
423.999999999997
371.99999999999625
323.99999999999784
427.99999999999625
-656.0000000000022
351.99999999999625
387.99999999999864
459.99999999999625
399.9999999999989
387.99999999999625
163.99999999999864
347.9999999999963
423.99999999999625
-67.99999999999986
287.9999999999964
84.00000000000082
311.9999999999965
-79.99999999999956
347.99999999999676
23.999999999998806
59.99999999999993
171.99999999999838
243.9999999999966
339.9999999999965
312.00000000000085
387.9999999999989
211.9999999999968
-8.000000000002323
-988.0000000000014
451.99999999999636
-404.0000000000023
239.99999999999665
-175.9999999999995
36.00000000000032
179.99999999999983
259.99999999999625
147.99999999999957
219.99999999999739
411.99999999999625
539.9999999999965
451.9999999999962
519.9999999999961
495.99999999999625
407.99999999999613
211.99999999999702
-828.0000000000023
383.99999999999613
48.00000000000102
267.9999999999965
423.99999999999665
379.99999999999636
131.99999999999915
375.99999999999636
463.9999999999992
387.99999999999625
-360.0000000000022
423.9999999999963
527.9999999999961
335.99999999999625
303.99999999999636
291.99999999999625
335.99999999999636
231.9999999999966
-532.0000000000022
-416.0000000000022
267.99999999999676
36.00000000000007
403.99999999999613
399.99999999999625
375.99999999999625
-191.99999999999943
31.999999999999993
479.99999999999625
463.99999999999625
-140.0000000000008
-63.99999999999906
371.99999999999625
347.9999999999962
203.9999999999973
479.99999999999625
563.9999999999962
84.00000000000084
399.99999999999625
183.99999999999744
375.9999999999962
527.9999999999962
383.9999999999962
459.99999999999625
367.99999999999625
459.99999999999613
387.9999999999962
379.99999999999625
399.99999999999625
495.99999999999625
251.9999999999996
363.99999999999636
351.9999999999965
431.99999999999636
203.9999999999973
423.9999999999962
343.99999999999653
219.99999999999724
359.99999999999613
235.9999999999981
511.99999999999625
327.9999999999966
363.99999999999625
471.99999999999613
111.99999999999673
287.9999999999976
343.99999999999636
139.99999999999838
59.999999999999076
503.99999999999613
375.99999999999625
-172.00000000000043
-352.0000000000021
547.9999999999961
407.99999999999625
-48.00000000000141
167.99999999999682
467.99999999999625
411.99999999999625
323.9999999999962
483.99999999999613
231.9999999999976
335.99999999999625
307.99999999999625
295.9999999999962
359.99999999999613
291.9999999999997
331.99999999999636
419.99999999999625
547.9999999999964
479.99999999999625
-580.0000000000024
219.9999999999972
-176.0000000000005
-432.0000000000024
507.99999999999625
311.99999999999613
475.99999999999625
439.99999999999636
423.99999999999613
299.99999999999625
419.99999999999613
407.99999999999625
419.99999999999625
435.99999999999613
295.9999999999962
463.99999999999613
303.99999999999613
311.99999999999625
411.99999999999625
339.99999999999625
283.99999999999784
323.99999999999613
407.99999999999613
119.99999999999815
255.99999999999622
131.9999999999979
-528.0000000000018
503.9999999999976
471.99999999999625
371.99999999999613
127.99999999999784
-720.0000000000023
63.999999999998685
55.99999999999826
371.99999999999704
-223.99999999999986
71.99999999999858
323.99999999999625
315.9999999999971
303.9999999999962
163.99999999999804
171.9999999999973
127.99999999999798
323.99999999999613
359.99999999999625
123.99999999999838
-240.00000000000242
36.0000000000005
99.99999999999821
-52.0000000000017
431.99999999999625
95.99999999999875
299.9999999999962
323.99999999999653
347.99999999999613
-516.0000000000015
107.99999999999815
-11.999999999999408
-168.0000000000017
387.99999999999613
167.99999999999648
287.9999999999962
99.99999999999832
343.9999999999986
319.99999999999727
311.9999999999963
-23.99999999999919
419.99999999999613
36.00000000000058
-51.9999999999996
299.9999999999965
175.9999999999974
39.99999999999969
435.99999999999613
299.99999999999693
231.99999999999687
323.99999999999625
315.99999999999613
335.99999999999625
-896.0000000000031
323.99999999999613
227.99999999999778
407.99999999999613
-148.00000000000134
303.9999999999962
203.9999999999969
227.9999999999966
435.99999999999625
299.99999999999613
391.99999999999625
195.99999999999918
363.9999999999963
359.99999999999625
383.99999999999613
243.9999999999967
-624.0000000000024
467.99999999999625
239.99999999999636
299.99999999999613
143.99999999999773
263.9999999999962
219.99999999999665
143.99999999999767
203.99999999999733
263.9999999999962
179.9999999999972
399.99999999999625
60.00000000000087
267.9999999999962
311.99999999999613
147.9999999999976
299.99999999999613
203.9999999999969
479.99999999999625
287.9999999999962
383.99999999999613
215.9999999999967
227.99999999999653
-512.000000000003
395.99999999999625
431.99999999999613
219.99999999999665
311.99999999999613
191.9999999999975
219.99999999999685
359.99999999999613
323.9999999999962
263.99999999999636
407.99999999999613
243.99999999999642
239.99999999999653
347.99999999999613
455.99999999999613
315.99999999999625
359.99999999999613
155.9999999999975
311.99999999999613
287.99999999999613
431.99999999999613
359.99999999999613
299.99999999999613
335.99999999999613
515.9999999999961
227.9999999999966
471.99999999999625
239.99999999999636
227.99999999999812
239.99999999999636
375.99999999999613
263.99999999999613
503.99999999999613
299.99999999999613
347.99999999999613
75.99999999999858
323.9999999999965
431.99999999999613
275.99999999999625
299.9999999999962
431.99999999999613
439.99999999999613
63.999999999996724
275.99999999999613
283.99999999999613
479.99999999999613
419.99999999999613
-44.00000000000023
323.99999999999613
611.9999999999961
-280.0000000000016
383.99999999999613
431.999999999998
-32.0000000000002
227.99999999999952
239.99999999999642
84.00000000000023
407.9999999999964
287.99999999999613
359.99999999999613
-24.000000000000142
-24.000000000000327
191.99999999999994
167.99999999999733
39.99999999999946
395.99999999999613
395.99999999999613
359.99999999999613
371.99999999999613
143.9999999999999
95.99999999999977
363.99999999999625
80.00000000000088
247.99999999999687
399.99999999999613
155.99999999999804
168.00000000000006
227.99999999999793
255.99999999999616
407.99999999999613
215.99999999999724
311.99999999999625
-968.0000000000024
359.99999999999955
239.99999999999642
107.99999999999906
251.9999999999962
251.9999999999962
-248.00000000000142
239.99999999999636
503.99999999999613
64.00000000000053
351.99999999999625
375.99999999999613
315.99999999999613
287.9999999999962
359.99999999999613
419.99999999999613
-1283.9999999999993
347.99999999999625
24.00000000000057
-59.99999999999986
227.9999999999967
83.99999999999909
35.99999999999967
152.0000000000001
-23.999999999999417
-668.0000000000017
-67.99999999999945
48.00000000000044
-912.000000000002
475.99999999999994
11.999999999999563
235.9999999999993
467.9999999999985
459.9999999999967
-303.99999999999966
60.000000000001066
83.99999999999852
23.999999999999936
275.999999999998
419.99999999999613
251.99999999999773
71.99999999999864
60.00000000000021
263.9999999999995
71.99999999999903
251.99999999999653
311.99999999999613
95.99999999999832
100.00000000000031
359.99999999999625
11.999999999999655
-47.99999999999939
3.9999999999997757
335.99999999999613
