-113
-38
-115
-85
-143
-112
-71
-107
-81
-59
-40
-113
-60
-81
-42
-28
-77
-37
-28
-52
-118
-121
-46
-113
-49
-80
-67
-69
-38
-69
-112
-39
-144
-96
-126
-106
-75
-142
-143
-144
-143
-143
-143
-143
-142
-143
-132
-143
-143
-143
-111
-116
-111
-75
-116
-142
-116
-116
-68
-116
-143
-142
-143
-143
-143
-143
-142
-142
-143
-143
-143
-111
-132
-143
-15
-143
-142
-111
-142
-143
-143
-143
-141
-142
-143
-141
-143
-143
-143
-111
-8
-142
-111
-142
-116
-136
-142
-144
-143
-130
-144
-111
-111
-143
-143
-143
-133
-116
-116
-111
-142
-121
-105
-142
-111
-142
-111
-111
-115
-143
-131
-105
-111
-131
-143
-142
-140
-141
-142
-141
-140
-141
-140
-110
-141
-142
-143
-142
-111
-142
-111
-142
-143
-111
-142
-142
-111
-143
-143
-83
-116
-143
-146
-143
-142
-143
-116
-135
-142
-143
-110
-142
-143
-143
-142
-143
-78
-143
-143
-143
-143
-90
-136
-143
-143
-143
-143
-142
-143
-142
-116
-143
-143
-142
-143
-111
-126
-111
-126
-143
-116
-145
-143
-143
-142
-143
-143
-143
-106
-116
-143
-8
-8
-116
-116
-115
-49
-19
-43
-116
-115
-8
-8
-116
-116
-126
-8
-116
-115
-8
-143
-135
-143
-116
-143
-143
-143
-116
-116
-143
-78
-116
-143
-8
-8
-43
-115
-115
-8
-116
-116
-115
-8
-143
-8
-142
-48
-116
-143
-143
-142
-142
-116
-143
-116
-116
-142
-142
-111
57
-116
-143
-111
-78
-59
-140
-111
-111
-48
-111
13
-126
-48
-143
-111
-116
-111
-78
-78
-78
13
-78
-78
-78
-78
-78
-73
-78
-78
-78
-73
-78
-78
-78
-101
-78
-82
-68
-78
-78
-78
-73
-78
-74
-78
-78
-78
-78
-78
-78
-78
-78
-78
-54
-78
-28
-78
-78
-78
-78
-48
-78
-78
-78
-78
-78
-68
-48
-89
-78
2
-78
-78
-78
-78
-51
-78
-78
-78
-74
-78
-74
-78
-78
-78
-78
-78
-78
-74
-82
-78
-78
-74
-78
-73
-74
-74
-73
-33
-78
-74
-78
-78
14
62
-74
-74
-78
-78
-78
-78
-78
-78
-78
-78
-78
-73
-73
-73
-62
-73
-73
-73
-113
-78
-73
-73
-73
-73
-73
-73
-73
-73
-73
-73
-73
-73
-73
-73
-113
-74
-74
-73
-73
-73
-62
-62
-62
-62
-62
-78
46
-62
-62
-61
-62
-62
-74
-73
-113
-113
-113
-63
-113
-62
-73
-113
-113
62
-113
-15
-37
-113
-27
-27
-27
-113
-62
-113
-78
-113
-26
-113
-62
-82
-82
-82
-27
-82
-82
-82
-82
-82
-82
-27
-82
-82
-82
-82
-27
-82
-27
-82
35
-62
-78
-68
13
-111
13
-113
-113
-113
-111
-111
-113
24
-113
-111
25
-113
-113
-113
-113
-113
-113
-113
-113
-62
-82
-113
24
-113
34
-111
-111
-1
25
-111
-111
-113
35
-111
-77
-113
-113
25
-111
-111
-113
36
13
-111
-111
-111
-111
-111
46
-113
-113
13
-111
-111
24
-111
25
0
-70
-111
36
-116
-116
-47
-48
-47
-47
-116
-47
-116
-70
-47
-111
-78
-113
-70
-57
-111
-116
-111
-111
-111
-111
-57
-113
-116
-47
-113
-28
-105
-75
-75
-38
-113
-113
-48
-38
-28
-75
-67
-47
-28
-75
-38
-28
-75
-43
-43
-75
-75
-75
-55
-94
-93
3
3
-25
-25
-16
-6
-93
-104
-53
-53
-67
-104
-53
-104
-49
-27
-19
-52
-19
-19
-19
-19
-19
-105
-19
-67
-19
-27
-19
-19
-19
-19
-19
-19
-39
-19
-19
-19
-19
-19
-19
-19
-19
-19
-19
-19
-19
-19
-19
-19
-104
-19
-19
-19
-19
-19
-19
-8
-19
-19
-19
-19
-19
-19
-19
-19
-19
-19
-19
-19
-19
-19
-19
-19
-19
-19
-19
-40
-19
-19
-19
-19
-19
-19
-19
-19
-19
-19
-19
-19
-39
-19
-19
61
-19
-19
-19
-19
-19
-19
-19
-19
-19
-19
-19
-19
-36
-19
-19
-19
-19
-38
-19
-19
-19
-34
-36
-30
-32
-33
-25
-32
-3
-11
-30
-33
-30
-43
-40
-24
-30
69
-26
-20
-28
-32
-33
-49
-29
-21
-34
-32
-25
73
-31
-18
78
-28
-22
-26
-23
-24
-18
-26
-24
-29
-29
-24
-16
-36
-16
-17
-32
-29
-26
-2
-9
-11
-11
-13
-30
-36
0
-7
-14
-35
-27
-15
-14
-24
-22
-15
-10
-23
-29
-21
-22
-29
3
-18
-36
-21
-15
-11
-15
-15
-20
-30
-11
-30
-11
-7
-15
-7
-11
-9
-24
-7
-17
-22
-13
-18
-29
-13
-21
-26
80
-11
-11
-19
-11
-7
-18
-20
-7
-25
-10
78
-18
-11
-7
-8
-18
-22
-15
-21
-21
-26
-21
-7
-7
74
-21
-17
-17
-23
-11
-23
-6
-11
-22
-22
-32
-11
-18
-17
-19
-10
-7
-20
-11
-22
-17
-11
-11
-18
-11
-33
-26
-28
-26
-17
-11
-44
-20
-7
-7
-13
-7
-21
-16
72
78
-9
-19
-21
-3
-11
-7
-16
-18
-26
-19
-13
-7
-7
-76
88
-15
-29
-28
-23
-11
-13
-16
-18
-7
76
-5
-32
-13
-8
-3
-12
-15
-11
-13
-11
-11
-11
70
-7
-15
-15
-11
-15
83
-16
-19
-5
-11
-55
-55
-7
-20
86
-21
-55
-11
-11
-9
-19
-20
-11
-18
-14
-3
-55
-55
-55
-32
-55
-42
-55
-7
-25
-18
-11
-56
-55
-11
-55
-55
-9
-55
-7
-14
-21
-55
-3
-55
-7
-55
-14
-55
-17
-38
71
-17
-11
-17
-55
-3
172
0
-55
-15
-55
-55
-55
-72
-61
-55
-12
-11
-11
-26
-9
-13
-11
-19
-11
-9
-22
-13
-27
-11
-7
-22
-55
-16
-7
-11
-7
-19
-11
7
