-130
-134
-18
-77
-47
-109
-82
-54
-36
-31
-88
-109
-41
-88
-90
-71
-67
-49
-57
-101
-49
-27
-64
-94
-105
-63
-64
-134
-140
-100
-25
-144
-117
-12
6
-33
42
-102
-115
-64
-66
-39
-65
-49
-105
-103
-104
-116
-116
-104
-113
-116
-67
-67
-55
-55
-55
-66
-67
-55
-95
-114
-114
-114
-116
-116
-116
-116
-116
-116
-116
-116
-116
-116
-49
-116
-104
-95
-113
-114
-116
-116
-115
-95
-44
-98
-104
-86
-86
-87
-104
-67
-93
-87
-104
-87
-55
-55
-39
-91
-79
-104
-87
-104
-9
-106
-66
-9
-55
-88
1
-104
-88
-87
-7
-55
-87
-86
-104
-89
1
-87
-87
-104
-88
-104
-87
-104
-8
-48
-8
-49
-39
-8
-8
-8
2
-39
-49
-10
-114
-49
-10
1
-88
-77
-10
1
-39
1
-39
-39
2
-55
-9
-9
-55
-55
2
2
-9
2
2
-8
2
-55
-55
-55
-55
1
1
-55
204
-9
-8
-8
2
-9
2
-9
-39
-8
-8
2
-9
-9
-9
1
1
1
1
-10
-5
-10
-10
1
-11
-10
-10
118
1
-10
-44
1
2
1
1
1
-10
1
2
1
-10
-2
-22
-19
-7
-15
-9
-24
-2
-16
-25
40
-15
1
-5
-17
-18
-16
-17
-11
-3
-12
-11
1
-1
-5
101
-20
-5
-18
11
-23
-11
-9
-5
6
-16
-11
-21
-29
-22
-11
-9
0
-5
-11
0
-71
-11
-23
-7
-58
9
-58
-7
5
29
6
10
-70
4
-56
-47
-4
78
-3
-27
10
10
-34
-7
-45
-45
-11
-7
-45
-69
-45
-45
-45
-45
-45
-45
4
-45
7
6
-27
-115
-27
-69
-45
-45
9
-69
3
-11
-45
-55
-2
10
-27
-13
-45
-45
-11
-45
-45
-27
-45
-44
-45
-45
-45
-45
-45
-45
-45
-27
-43
-55
-43
-27
-27
-1
-45
89
-27
-45
-27
-27
-27
-55
-55
-45
-45
-47
-43
8
-45
-43
-27
-43
-72
-27
12
-45
-45
-89
10
-27
-27
-45
-55
-55
-27
-27
-55
-43
-27
5
-56
16
-56
-27
-56
-27
10
-45
-27
87
-27
-56
-47
-43
-43
-27
-27
-55
-27
-56
-27
-27
-43
-43
106
-55
-45
-45
-43
-43
-27
-14
-14
-43
-47
145
-7
-56
-56
-55
-1
230
-55
-60
-43
-27
-56
-55
-17
-27
-27
-27
-27
-56
-35
22
-56
-56
-43
-27
-43
-45
-27
-27
-43
-27
-27
-27
-27
-56
-43
9
-27
228
-56
-27
4
-27
-20
35
-43
62
19
-45
-56
-43
-43
-43
-35
-43
-55
-43
-43
-27
-43
-43
-43
-43
-27
14
-43
-43
-43
-54
-54
-43
-56
-27
-43
-75
-43
-43
-43
-43
-27
-43
-43
-43
85
-27
-27
-27
-27
-43
-43
-43
127
49
-19
-71
-71
-71
-17
-69
109
135
-27
-43
-7
79
-43
-43
111
-56
-43
-71
16
-27
-43
69
-71
-71
-71
-69
7
-71
-70
-63
-63
-77
-63
-77
-107
-20
-71
-71
-69
-71
10
-71
-71
-69
111
-28
-71
-69
128
148
-68
-71
-43
23
-85
-21
-68
-71
132
-69
25
-69
-71
-71
-13
95
-71
142
133
152
-9
23
9
-8
-79
133
146
-43
-71
135
-71
-16
132
-68
-69
145
-17
-63
173
16
-98
3
-7
-69
14
10
4
9
142
126
111
-10
174
10
48
141
140
0
18
-24
3
-10
6
10
-12
4
-79
124
155
-6
9
32
-21
-3
0
62
59
8
115
-47
-7
14
-11
31
14
14
9
-77
3
-63
-10
10
4
7
-5
5
3
5
8
-8
-7
19
-5
4
20
56
-11
87
86
17
4
0
8
-12
3
-13
3
5
13
134
5
6
13
38
-7
-1
143
-7
145
25
12
-7
-7
203
24
18
-3
20
20
11
1
10
146
150
14
8
8
11
-11
0
89
79
0
-10
140
74
3
13
141
110
17
-49
144
93
3
-3
-5
9
6
-11
15
-8
10
9
-10
14
9
144
-7
5
8
138
21
9
3
8
22
13
15
60
81
141
13
15
-92
110
237
13
142
50
31
18
-4
20
10
19
-66
-112
-59
-66
-78
-75
-75
13
-6
11
-75
13
150
-75
13
-75
19
9
-90
20
-91
148
-75
-91
-75
-4
-75
-75
-115
-75
132
-75
-115
-115
-115
-115
-75
-75
3
-75
-75
-8
-115
-82
-60
-75
3
-75
-75
-6
142
-14
-115
-75
-75
-90
-91
-115
-115
-75
-75
-115
-115
-75
24
-8
20
138
9
-92
-3
145
-78
-78
9
-92
-59
26
-78
-115
-75
-115
20
-75
-10
143
10
-4
11
9
-9
131
-44
5
-11
-91
-44
13
-22
-11
-3
137
47
16
16
17
-13
149
-3
156
24
142
119
146
-44
8
72
169
3
-30
146
3
273
16
26
160
14
3
3
18
-16
15
93
111
-4
1
22
150
149
169
10
11
-11
14
-16
134
0
148
-75
24
2
24
15
59
-8
9
29
249
26
34
107
11
24
24
150
25
-1
57
-1
16
4
20
9
97
-5
96
72
-8
23
-7
-10
5
17
155
15
187
80
143
45
7
19
24
11
7
67
17
12
92
15
13
-16
-7
167
6
27
142
6
-4
35
1
13
24
16
145
16
115
25
1
16
14
92
4
-2
14
154
38
-21
14
149
3
15
150
20
11
13
20
4
25
132
17
108
6
97
