-105
-142
-95
-111
-144
-140
-100
-115
-42
-100
-112
-115
-90
-90
-100
-110
-93
-112
-78
-77
-80
-65
-93
-110
-102
8
-83
-112
-110
-115
-122
-117
-90
-104
-65
-68
-71
-123
-34
-56
-115
-41
-83
-113
-113
-110
-130
-132
-78
-124
-137
-116
-108
-82
-139
-78
-85
-114
-67
-122
-46
-38
-58
-125
-31
-63
-124
-86
-67
-89
-70
-137
-145
-113
-100
-77
-38
-115
-30
-100
-72
-141
-104
-85
-135
-69
-109
-109
-63
-36
-77
-84
-85
-83
-128
-92
-85
-102
-115
-75
-46
-111
-115
-69
-66
9
-112
-60
-40
-116
-101
-48
-71
-111
-77
-101
-88
-81
-119
-121
-68
-110
-89
-112
-59
-105
-62
-87
-80
-85
-18
-120
-100
-36
-42
-45
-93
-89
-47
-115
-90
-78
-83
-105
-104
-89
-142
-98
-112
-88
-74
-58
-128
-115
-105
-113
-118
-75
-69
-99
-112
-67
-38
-72
-47
-67
-52
-142
-97
-62
-100
-88
-43
-22
-94
-102
-110
-67
-145
-121
-49
-46
-81
-100
-111
-62
-143
-49
-94
-70
-57
-55
-129
-28
-130
-119
-75
-74
-63
-9
-110
-109
-115
-64
-82
-118
-108
-80
-113
-112
-93
-86
-116
-81
-110
-60
-131
-19
-65
-120
-71
-72
-72
-50
-100
-128
-81
-113
-70
-34
-111
-30
-146
-51
-144
-105
-123
-112
-89
-101
-44
-72
-112
-131
-28
-102
-90
-112
-75
-68
-39
-63
3
-135
-55
-53
-65
-110
9
-104
-75
-100
-45
-105
-26
-143
-85
-90
-105
-115
-134
-112
-34
-111
-64
-118
-44
-64
-84
-58
-120
-89
-82
-102
-121
-67
32
-60
-33
-58
-71
-83
-52
-14
-105
-55
-115
-92
-39
-37
-99
-114
-52
-64
-67
-70
-104
-91
-99
-98
-113
-132
10
-115
-104
-58
-40
-99
-111
-54
-115
-121
-23
-56
-64
-86
-121
-56
-133
-84
-64
-97
-17
-103
-116
-29
-90
-131
-104
-113
-46
-72
-103
-77
-45
-38
-85
-91
-113
-143
-91
-99
-53
-81
-68
18
-104
-62
-112
-39
-44
-78
-48
-92
-63
-75
-7
-109
-57
-110
-105
36
-112
-66
-70
-50
-19
-115
-65
-47
-90
-99
-76
-94
-115
-62
-90
-135
-103
-43
-116
-60
-93
-96
-100
-49
-48
-83
-95
-99
-61
-88
12
-117
-112
-65
-115
-125
-68
-142
-88
-79
1
-103
-121
-88
-80
-110
-69
-88
-57
-144
-76
-57
-38
-94
-16
-94
-82
-100
-115
-115
-121
-58
-94
-7
-111
-23
-94
-99
-24
-103
-131
-130
-41
-78
-99
-116
-113
-134
-86
-62
-71
-31
-37
-60
-79
-83
-82
-66
-92
-94
-82
-19
-29
-76
-48
-69
-123
-48
-113
-83
-113
-100
-90
-81
-67
-20
-93
-72
-113
-132
10
-132
-104
-15
-77
-142
-64
-141
1
-131
-50
-61
-52
-70
-110
-37
-143
-60
-50
-66
-140
-139
-55
-84
-111
-101
-120
-47
-92
-44
-62
-110
-99
-39
-64
-31
-10
-98
-126
-66
-104
-27
-144
-79
-100
-79
-50
10
-95
-48
-39
-102
-93
-74
-17
-34
-101
-57
-60
-98
-39
-94
-113
-145
-17
-124
-106
-34
-115
-9
-129
-30
-75
27
-48
-95
-80
-68
-103
-105
-51
-84
-27
-77
-7
-91
0
-113
-102
-99
-51
-38
-101
-114
-112
-116
-65
-65
-52
-16
-114
-106
-26
-99
-53
-17
-11
-90
-73
-112
-39
-57
-72
-69
-104
-94
0
-93
-64
-143
-73
-19
-58
-112
-112
-72
-32
-77
-40
-39
-102
-112
-112
-135
-33
-126
-112
-56
-62
-104
-72
-131
-29
-109
-43
-44
-114
-111
-109
-30
-66
-25
-105
11
-112
-60
-81
-103
-92
-135
-85
-120
-120
-59
-88
-32
-94
-71
-103
-48
-82
-29
-56
-135
-78
12
-84
-40
-65
-60
-47
-29
211
-113
-114
-64
-65
-14
-78
27
-84
-51
-10
-30
-45
-37
-78
-69
-91
-64
-52
-144
-29
-27
-81
-102
-65
-88
-100
-44
-74
-126
-102
-11
-124
-46
-96
-56
-2
-71
-74
-8
-101
-114
-18
-57
-78
-69
-134
-61
-104
-95
3
-45
-76
-89
-42
-64
-58
-94
-58
-76
-64
-33
-55
-67
-27
-58
-113
-88
-116
-53
-116
-93
2
-68
-71
-142
-106
-75
-109
-17
-100
-44
23
-130
-82
-69
-102
-99
-45
-28
-20
-88
-10
-32
-91
19
-65
-84
-112
-114
-62
-77
-95
-78
-115
-78
-78
-104
-64
-36
-44
-65
-66
-89
-46
-81
-39
-57
-74
-62
-116
-69
-58
-61
46
-18
-26
-10
11
-27
-63
-90
-38
-29
2
-48
-124
-105
-89
-53
30
-87
-110
-22
-84
-28
-69
-10
-79
-39
-22
-99
-85
-64
-146
-40
-20
-67
-76
-95
-148
-69
-92
-104
-41
-77
-8
-10
-25
11
-76
-105
42
-111
-115
-91
-131
-80
-126
-109
3
57
-142
-72
-94
0
-58
33
-24
-62
-93
-40
-100
-61
-115
-115
-90
-2
-130
-77
-75
-58
100
5
-25
-120
-93
-121
-56
-76
34
-62
23
-113
-72
-122
-35
-63
-75
78
50
-56
-121
-19
-115
-80
-37
-102
-26
-76
-111
-92
-101
-3
-37
-115
-67
-89
-134
-56
-93
-57
1
-121
-63
-115
-116
-5
-43
-65
-98
-112
-143
-132
-75
-75
-67
-55
-3
-67
-79
-126
-78
-126
-41
-90
-84
-88
13
-28
-55
-55
-47
-88
-21
-9
-142
-27
-64
-64
-82
-100
30
-135
-60
-149
-67
-114
-135
-146
-6
-41
-90
-126
-29
44
-4
-105
-55
-56
-93
-64
-65
-43
-76
-12
-49
-86
-122
-65
-72
2
-136
-19
-24
-114
-38
-75
-69
-42
-35
-49
-115
-51
20
-31
-3
-36
-26
-57
-104
-89
-7
-53
-21
-44
