-79
-88
-83
-106
-111
-55
-46
-100
-90
-7
-115
-80
-61
-103
-83
-129
-103
-95
-74
-45
-71
-117
-110
-26
-64
-58
-126
2
-112
-102
-101
-84
-120
-78
-91
-44
-92
-110
-57
-109
-94
-101
-65
-133
-132
-34
-60
-99
-149
-112
-77
-101
-104
-71
-48
-110
-101
-120
-111
-77
-47
-68
11
-52
-78
-73
-74
-112
-106
-93
-56
-117
-58
-109
-65
-67
-92
-79
-113
-74
-46
-49
-112
-113
-56
-101
-72
-61
-58
-52
-114
-52
-94
-65
-143
-77
-52
-71
-64
-56
-48
-28
-97
-78
-100
-77
-99
-132
-102
-78
-42
-70
-29
-67
-131
-85
-81
-35
-50
-71
-49
-126
-83
-102
-96
-100
-125
-58
-74
-81
-99
3
-113
-85
-129
-47
0
-109
-57
-28
29
-64
-108
-40
-50
25
-112
-73
-136
-64
-54
-57
-70
-75
-29
-10
32
-64
-104
-58
-23
-89
-16
-126
-47
-56
-64
-60
-38
-81
-65
-52
-52
-39
11
-77
-139
-64
-100
-123
-143
-104
35
-47
-66
-69
-87
-77
-72
-79
36
-34
25
-61
-35
-21
-73
-143
41
-7
-66
-94
-39
-78
-92
-71
-16
-117
-116
-89
-37
-35
-134
-60
-131
-10
-58
-51
-46
-142
-26
-77
-67
-63
-10
-119
-66
-9
-100
-93
-70
-35
-133
-83
-115
-115
-10
51
-105
-30
-54
-65
-135
-27
-67
-83
-97
-112
-56
-115
-32
-84
-65
-33
11
-135
-135
-40
-75
-18
-84
-94
-25
-58
-36
-26
-32
-18
47
-78
-62
-143
-28
113
-124
-30
-99
-64
-66
-100
-125
-56
-39
-87
-73
47
-87
2
21
-71
-74
-84
-100
-139
-30
29
-143
-41
22
7
12
-78
-4
-8
-88
-132
-11
-116
-99
-77
22
-7
-50
-88
-75
-104
5
-4
-25
-77
13
12
-131
-126
-68
-89
35
-75
-101
-141
-25
-111
2
-60
-131
-111
-94
-116
14
-44
-89
-81
-94
24
-144
1
-71
-71
-76
112
-131
-133
-142
-24
25
-38
-6
23
-22
36
-111
-105
-133
-72
-116
-51
25
-14
-134
-100
-64
-24
-101
-3
-137
-116
-112
-36
-48
-142
-98
-94
-111
-78
24
-93
-111
-59
-111
-101
-69
12
-37
-145
-64
-84
-100
-142
-124
-111
-53
-105
-23
-94
-145
-40
-87
35
-24
-63
-143
-90
-36
-116
-111
-46
-101
-62
-35
-111
-76
119
-142
-143
-134
-100
11
-111
-101
-75
-101
-129
-142
-116
-61
-110
-116
-105
2
35
-24
-111
-111
-116
3
12
-116
-131
-37
-101
-143
-8
-122
-117
-119
-112
-123
-131
-68
-111
-116
-118
36
-111
-116
-111
-116
-105
-62
-135
-78
-91
-111
-115
-143
-142
-116
-121
-144
-120
-116
-61
-123
-104
-88
-111
-116
-111
-116
-70
-111
-116
-116
-116
-111
-111
-116
-142
-111
-145
-116
-142
-101
-116
-116
-116
-105
-116
-116
-116
-116
-59
-116
-117
-116
-104
-116
-105
-116
-116
-105
-116
-121
-116
-116
-104
-116
-116
-116
-116
-111
-116
-116
-143
-143
-143
-116
-116
-116
-116
-115
-115
-115
-116
-116
-116
-116
-49
-122
-105
-143
-49
-105
-105
-105
-116
13
-116
-116
-115
-116
-116
-69
-111
-116
-116
-49
-111
-116
-115
-105
-117
-116
-111
-116
-116
-116
-116
-105
-146
-105
-59
-67
-61
-49
-66
-78
-115
-116
-116
-116
-115
-116
-49
-143
-67
-67
-143
-146
-143
-67
-49
-67
-116
-103
-55
-66
-67
-143
-67
-49
-144
-143
-67
-143
-143
-105
-105
-105
-80
-67
-105
-105
-115
-105
-103
-100
-90
-94
-94
-143
-90
-67
-143
-59
-105
-123
-49
-116
-116
-49
-105
-144
-49
-94
-142
-143
-61
-55
-86
-116
-116
-55
-123
-143
-146
-143
-143
-143
-143
-143
-67
-69
-143
-67
-91
-143
-72
-143
-67
-67
-49
-67
-60
-61
-121
-143
-143
-125
-38
-72
-67
-49
-49
-142
-121
-123
-74
-49
-79
-82
-2
-67
-67
-61
-49
-49
-121
-75
-143
-143
-66
-38
-143
-13
-82
-82
-82
-82
-38
-67
-49
-38
-38
-38
-38
-67
-38
-13
-13
-13
-38
-38
-119
-38
-59
-144
-69
-121
-115
-82
-34
-121
-54
-55
-146
-49
-60
-60
-121
-54
-2
-69
-121
-107
-79
-49
-116
-67
-143
-143
-86
113
-24
-60
-38
-2
113
-59
-38
-58
-118
36
-69
-100
-83
-143
-123
-121
-56
-143
-143
-121
-121
-55
-118
-121
-146
-56
-143
-56
-56
-121
-58
-38
-38
113
-82
113
-56
-56
-56
-75
-56
-38
113
113
-56
-54
-121
-56
-55
-38
-66
-116
-143
-55
-121
-56
-38
-35
-67
-143
-118
113
113
-55
-144
-44
-38
-60
-91
-101
-55
-56
-55
-54
77
90
-69
-56
-121
-143
-112
-121
-55
-55
-56
-56
-26
-68
135
89
113
-55
113
-121
-91
-73
90
113
-55
-103
-66
-67
113
124
78
90
78
-44
113
90
77
90
-15
89
97
77
113
78
89
113
90
90
113
-55
78
113
-77
113
-81
78
90
113
-55
41
102
78
41
113
90
90
77
41
41
113
-50
78
90
90
90
90
113
-50
90
-62
-72
90
113
90
90
42
113
-52
113
-50
42
90
89
41
41
90
42
113
113
-50
90
113
113
113
57
41
-50
113
169
113
42
42
113
90
-62
-50
-62
-72
-62
-62
-62
-62
-50
-50
-50
41
-103
-50
-50
113
113
100
113
113
90
41
113
42
-50
-62
-80
-81
-62
-50
-62
41
-50
89
78
-62
-62
89
-81
42
42
90
42
-61
-62
-62
-62
113
-62
-50
113
113
41
90
-50
42
42
-50
78
