-117
-93
-100
-116
-120
-74
-90
-89
-111
-132
-130
-11
-51
-61
-53
-80
-109
-131
-140
-100
-112
-80
-109
-55
-133
-83
-105
-104
-29
-53
-51
-43
-46
-76
-83
-100
-52
-27
-58
-79
-91
-100
-110
-57
-65
-85
3
-46
-58
-91
-57
-75
-98
-48
-27
-111
-72
-101
-96
-76
-64
-68
-124
-74
-62
-114
-96
-53
-62
-107
-124
-59
-75
-121
-60
-19
-130
-64
-78
-78
-27
-37
-98
-94
-46
-63
-48
-52
-81
-40
-130
-54
-124
-135
-84
-85
-64
-42
-105
-76
-50
-72
-58
-119
-95
-74
-50
-48
-131
-63
-71
-133
-67
-75
-40
-67
-92
-5
-47
-90
-108
-64
-58
-20
-58
-71
-79
-58
-58
-141
-60
-64
-69
-46
-70
-113
-114
8
-85
-82
-69
-36
-58
-46
-121
-88
-70
-57
-47
-56
-69
-58
-131
-12
13
-58
-75
-49
-20
-112
-57
-103
-142
101
35
25
-68
-141
-11
-57
-57
-91
-71
-38
0
-68
-142
-96
-73
0
-132
-68
-104
-104
13
-61
-135
-77
-16
47
3
47
-99
35
101
-111
-103
-51
-85
-121
-111
-26
-105
-133
-111
-78
-111
-116
-87
-124
-25
-110
-100
-100
-56
-66
-116
-116
-75
33
-116
13
-111
-132
-115
-64
-116
-116
-8
-116
-135
-116
-116
-113
-111
-121
-116
-87
-116
-116
-135
-111
-111
-124
-116
-116
-68
-116
-116
-116
-116
-116
-116
-116
-116
-116
-116
-116
-116
-116
-116
-116
-116
-100
-116
-116
-116
-116
-116
-116
-116
-116
-126
-116
-116
-116
-116
-116
-116
-116
-135
-116
-116
-116
-116
-116
-116
-116
-116
-116
-116
-116
-116
-116
-116
-116
-116
-116
-105
-116
-115
-115
-115
-116
-116
-116
-131
-113
-116
-116
-116
-116
-116
-116
-116
-116
-126
-116
-113
-113
-94
-116
-123
-116
-116
-116
-116
-116
-116
-116
-116
-116
-83
-94
-120
-116
-116
-116
-116
-116
-105
-116
-116
-116
-116
-116
-116
-135
-105
-116
-116
-105
-116
-116
-124
-135
-116
-116
-116
-116
-116
-116
-113
-135
-83
-116
-118
-80
-116
-135
-108
-84
-82
-82
-82
-82
-82
-82
-82
-112
-112
-82
-82
-113
-104
-104
-103
-105
-125
-116
-116
-116
-113
-117
-117
-115
-116
-116
-116
-125
-116
-116
-116
-104
-116
-116
-116
-116
-116
-116
-116
-116
-116
-116
-116
-116
-116
-116
-116
-116
-116
-116
-116
-116
-115
-115
-116
-115
-116
-115
-116
-116
-116
-146
-115
-116
-115
-116
-115
-116
-115
-116
-116
-117
-115
-116
-116
-117
-116
-116
-116
-116
-116
-116
-116
-134
-116
-116
-116
-115
-116
-116
-116
-116
-116
-105
-105
-116
-105
-116
-116
-116
-134
-116
-116
-116
-114
-116
-115
-115
-116
-116
-116
-116
-116
-105
-116
-125
-116
-116
-116
-116
-114
-114
-135
-116
-116
-116
-116
-94
-105
-118
-62
-105
-116
-116
-116
-114
-116
-72
-92
-105
-116
-105
-116
-116
-116
-116
-116
-116
-115
-116
-116
-105
-116
-116
-104
-116
-82
-103
-67
-91
-67
-116
-116
-116
-116
-116
-93
-82
-116
-116
-116
-115
-115
-116
-94
-114
-116
-67
-49
-49
-100
-82
-94
-94
-116
-116
-116
-116
-116
-72
-94
-55
-66
-66
-67
-94
-105
-92
-116
-67
-105
-116
-134
-105
-91
-91
2
-105
-57
-49
-104
-115
-67
-67
-67
-93
-71
-94
-116
-94
-94
-105
-49
-104
-105
-67
-55
-54
-126
-55
-126
-103
-108
-123
47
-66
-66
-107
-106
-126
-66
-91
-113
-116
-66
-66
-67
-105
-66
-54
-55
-116
-126
-103
-103
-54
-126
-108
36
-126
-66
-55
-53
-104
-60
-106
-109
-103
-98
-108
-106
-108
-103
-134
-49
-49
-116
-116
-43
-116
-115
-55
-54
-113
-55
-55
-55
-115
-126
-126
-108
-105
-126
-78
-125
-54
-43
-57
-57
-126
-126
-54
-115
-94
-126
-126
-104
-102
-103
-103
-108
-113
57
-126
-43
-94
-103
-103
-55
36
113
-107
-77
-103
-124
7
36
-144
-76
-103
-103
-126
-126
-126
-43
-106
-116
-126
-126
-106
-57
-116
-57
-57
-94
-126
-132
-103
-126
-103
-106
-57
-107
-96
78
89
-112
-13
-54
-112
-123
-121
-144
-106
-35
-103
-101
-55
-11
-53
-75
-103
-94
-59
-103
-126
-55
-75
-75
-106
-57
-92
-74
-74
-53
-142
-121
-94
-92
-80
-94
-57
-103
-103
-126
-103
-105
-103
-126
-75
-29
-75
-75
24
-144
-75
-143
-126
-108
-96
-64
-92
-36
-123
-55
-78
-106
-144
-146
-143
-103
-94
-146
-108
-112
-112
-90
36
-103
-75
-115
-75
-113
-108
-43
-124
-8
-75
-75
-75
-64
-75
-75
-91
-33
-43
-49
-126
-68
-75
-38
-126
-55
14
-126
36
79
-90
-33
13
-75
-75
-115
-86
-75
-126
-128
-113
-75
-75
57
-90
-64
-126
-75
-43
-53
-108
-108
-126
-126
-18
-18
-108
-108
-128
-108
-84
-130
-130
-64
-18
-47
-18
-130
-18
-18
-130
-130
-3
-90
-64
-84
-15
-29
-128
-108
-18
-7
-18
-66
-66
-130
-130
-84
-119
-55
-84
-64
-70
-130
-26
-27
-18
-104
-3
-75
-115
-115
-128
-78
-53
-66
-128
-128
-108
-18
-94
-75
-84
-108
-18
-108
-130
-98
-46
-132
-119
-119
-27
-64
-130
-87
-84
-115
-55
-27
-130
-18
-126
-77
-130
-130
-66
-115
-18
-130
-58
-9
-62
-130
-7
-18
-84
-119
-39
-118
-130
-44
-126
-128
-130
-55
-43
-130
-130
-126
-130
-119
-100
5
-18
-130
-130
-18
-18
-70
-47
-113
-3
-55
-3
-18
-115
-96
-127
-128
-119
-130
-118
-59
-55
-77
-70
-118
-118
-118
-118
-44
-119
-118
-118
-15
-50
-59
-75
-55
-118
