-102
-99
-141
-14
-65
-75
-84
17
-26
-126
-131
-43
-142
-93
-89
-72
-95
-135
-90
-80
-102
-113
-91
-75
-112
-78
-59
-67
-55
-94
-69
-143
-63
-46
-64
-104
-132
-82
-120
-69
-66
-137
-57
-73
-112
-84
-97
-88
-111
-112
-86
-58
-92
-61
-91
-53
-112
-96
-28
-115
-83
-79
-119
-68
-137
-76
-75
-101
-63
-57
19
-103
-55
-95
-80
-62
-81
-52
-87
-62
-76
-116
-54
-67
-78
-50
-64
-114
-39
-82
-85
-94
-59
-56
-111
-101
-71
-99
-83
76
-115
1
-83
-64
-133
-103
-21
-65
-69
-54
-16
-54
-64
-115
-26
-95
-91
-87
-77
-84
-64
-75
-64
-53
-104
-64
-75
-59
-49
-52
-64
-87
-99
-37
-7
-118
-103
-52
-112
-54
-87
-30
-133
-132
-64
-65
-23
-55
-37
-45
-36
-88
-25
-28
-20
-110
0
-110
-32
-75
-105
-99
-115
-64
-94
-44
-74
-65
0
-78
-132
-73
-54
-84
-78
-93
-77
-116
-64
-53
36
-89
-111
-111
-16
-52
-64
-58
28
-73
-64
-94
-9
-71
-74
-104
-105
-65
-71
-36
-60
-114
-52
-47
-45
-99
-64
-93
-65
-8
-83
3
-64
-115
-17
-30
-147
-67
-74
-116
-142
-116
-75
-64
-78
-91
-75
35
-124
-75
-37
-24
-54
-55
-69
-38
-54
-43
-94
-145
-55
-12
-3
12
3
8
-78
-116
29
-101
-82
-14
-50
-47
3
-75
-93
-68
-108
-105
-112
-94
-112
-31
-112
-8
-4
-111
-105
20
-111
-104
-105
-53
-53
-116
-77
-61
13
16
-59
-10
-74
-64
-82
-104
-87
-104
-88
-104
-110
-39
-50
-5
-116
-63
-80
-17
-32
-76
-61
-104
-15
-101
-115
-61
-66
36
-116
-74
-89
-136
-104
-22
-116
-75
-114
-94
-115
-115
-93
-71
-116
-105
-80
-115
-75
-41
-116
-135
-115
-104
-104
-89
-116
-116
-104
-116
-104
-89
-85
-82
-117
-33
-68
-115
-113
-37
-85
-116
-128
-87
-57
-116
-116
-115
-116
-104
-108
-117
-115
-20
-108
-96
1
-23
-82
-116
-115
-115
-122
-96
-107
-131
-19
-108
1
-116
-115
-115
-116
-116
-115
-86
-26
-96
-65
-115
-115
-46
-29
-116
-120
-39
-82
-28
-73
-131
-73
-75
-108
-108
-29
-108
-108
-109
-124
-108
-115
-97
-10
-115
-115
-105
-84
-77
1
-116
-115
-95
-116
-39
-108
-79
-66
-108
-120
-115
-115
1
-115
-116
-95
-44
-108
-115
-97
-116
-108
-108
-115
-116
-108
-108
-74
-108
-73
-73
-108
-115
-108
-86
-95
-108
-62
-73
-108
-108
-108
-108
-108
-107
-86
-18
-96
-131
-115
-95
-96
-73
-108
-115
-115
-75
-108
-116
-116
-116
-115
-108
-109
-96
-115
-107
-108
-63
-108
-108
-108
-75
-67
-96
-73
-108
-115
-108
-44
-113
-113
-82
-96
-108
-73
-107
-108
-82
-96
-108
-108
-108
-108
-131
-108
-108
-96
-108
-108
-108
-113
-96
-96
-96
-112
-108
-78
-115
-86
-86
-108
-108
-82
-113
-96
-108
-108
-115
-115
-115
-115
-116
-104
-98
-108
-119
-82
-108
-44
-108
-120
-108
-108
-108
-108
-121
-96
-108
-108
-44
-108
-108
-108
-108
-61
-108
-108
-108
-108
-89
-108
-82
-108
-108
-108
-108
-96
-113
-82
-85
-96
-110
-97
-108
-85
-86
-108
-44
-108
-131
-108
-82
-82
-112
-113
-108
-108
-101
-108
-108
-108
-96
-108
-74
-50
-82
-82
-97
-82
-82
-113
-113
-113
-112
-108
-108
-96
-108
-108
-96
-108
-108
-96
-108
-73
-96
-108
-55
-74
-108
-82
-82
-72
-73
-74
-96
-96
-55
-108
-22
42
-73
-96
-108
-44
-85
-74
-109
-55
-55
-44
-55
-55
-55
-100
-108
-65
-88
-96
-113
-85
-55
-120
-85
-55
-82
-82
-82
-82
-49
-44
-109
-86
-55
-72
-62
-82
-55
-82
-55
-55
-74
-67
-75
-75
-75
-55
-55
-75
-108
-101
-75
-76
-32
-55
-55
-55
-55
-75
-55
-55
-55
-96
-121
-111
-100
-112
-82
-26
-55
-75
-74
-96
-98
-75
-75
-75
-75
-55
-63
-116
-62
-75
-75
-75
-75
-75
-55
-55
-75
-75
-33
-55
-75
-75
-55
-75
-75
-55
-55
-55
-55
-25
-84
-140
-144
-96
-75
-75
-75
-54
-74
-96
-75
-75
-75
-55
-19
-8
-75
-67
-55
-75
-74
-55
-55
-75
-90
-73
-96
-55
-82
-101
-75
-78
-55
-55
-55
-55
90
-75
-111
-55
-55
-55
-55
-99
-75
-55
-75
-67
53
-2
90
-75
-55
-55
-90
-65
-55
-55
-55
-55
-79
-75
-130
-115
-142
-55
-55
-88
-75
-75
-75
-75
-86
-92
-65
-108
57
-88
53
-112
-96
-55
-98
-75
-75
-75
-55
-80
-32
-75
-64
-85
-82
-14
-57
-93
-55
-38
-75
-75
-79
-75
-97
-92
-38
-38
-86
-19
-75
-75
-75
-75
-75
0
-64
-87
-92
-75
-75
-74
35
-92
-19
100
-82
-38
-65
-46
78
90
77
138
89
-50
-92
-75
-55
-26
-38
-38
-75
-75
90
-19
-67
-104
-92
-92
-92
-38
-38
-26
-13
77
-99
78
-91
-74
77
-56
-52
-82
56
78
-32
-26
-92
-92
-53
-75
-75
-75
-42
41
66
126
100
-83
90
41
-75
-94
-112
-75
-75
-31
-53
41
-92
-53
-84
78
113
-92
-77
78
113
41
113
90
78
-92
-92
81
-82
-83
-83
90
-83
-38
-94
-67
113
113
-62
-79
-79
-83
-82
113
89
-62
77
77
-38
77
42
-80
-83
90
89
90
-32
-50
90
89
89
-89
-38
-38
-38
-92
89
42
78
-62
-82
113
41
-50
77
78
89
78
-83
90
78
-82
-83
