-57
-73
-82
-71
-120
-100
-38
-16
-100
-120
-61
-64
-103
-101
-91
-64
-76
-69
-61
-68
-58
-102
-104
-13
-133
-100
-126
-113
-36
-78
-65
-112
-85
-47
-84
-82
-145
-68
-25
-37
-47
-112
-41
-41
-143
-41
-120
-85
-53
-49
-47
-48
-94
-71
-48
-51
-112
-58
-20
-24
-49
-85
-48
-64
-45
-31
-30
-65
-65
91
-44
-116
-65
-75
-106
-68
-47
-35
-115
-27
-53
-74
-53
-38
-75
-116
-57
-39
-67
-68
-144
1
-116
-142
-48
-144
-117
-115
3
-94
-9
-142
-88
-47
-142
-104
-76
-8
-142
-135
-65
-116
-75
-75
-115
-142
-116
-39
-116
-142
-143
-142
-142
-111
-143
-142
-143
-116
-111
-116
-111
-143
-143
-143
-111
-111
-111
-111
-111
-111
-111
-111
-111
-111
-111
-111
-142
-143
-143
-116
-116
-116
-142
-111
-143
-111
-111
-111
-143
-143
-142
-143
-143
-143
-142
-142
36
-116
-111
-143
-143
-143
-111
-111
-111
-107
-111
-143
-143
-121
-111
-87
-110
-82
-85
-111
-143
-112
-107
-111
-120
-79
-111
-111
-111
-97
-116
-111
-116
-111
-143
-87
-82
-82
-109
-116
-111
-111
-110
-111
-74
-111
-143
-143
-143
-82
-82
-82
-82
-82
-143
-116
-116
-104
-111
-113
-86
-116
-116
-104
-62
-98
-82
-101
-82
-82
-82
-82
-82
-116
-79
-71
-121
-143
-143
-143
-143
-104
-54
-104
-61
-104
-104
-50
-116
-66
-116
-116
-116
-67
-118
-143
-143
-135
-61
-115
-103
-66
-87
-71
-55
-44
-87
-115
-87
-55
-115
-55
-55
-43
-67
-79
-104
-143
-55
-115
-62
-79
-12
-55
-89
-104
-91
-98
-89
-78
-79
-115
-89
-48
-104
-104
-89
-67
-79
-89
-49
-67
-91
-87
-115
-89
-55
-115
-66
-116
-55
-79
-89
-57
-115
-89
-89
-87
-89
-79
-87
-104
-69
-69
-116
-59
-109
-59
-115
-116
-104
-79
-115
-104
-87
-103
-87
-89
-77
-87
-104
-89
-116
-116
-27
-104
-116
-104
-104
-115
-89
-69
-87
-39
-116
-49
-46
-116
-116
-27
-87
-89
-89
-87
-48
-90
-79
-46
-104
-104
-115
-115
-91
-116
-87
-116
-79
-115
-89
-98
-87
-49
-89
-89
-116
-115
-104
-77
-46
-90
-116
-39
-115
-115
-93
-49
-59
-39
-87
-126
-79
-104
-28
-89
-116
-79
-104
-104
-115
-79
-46
-98
-115
-115
-87
-89
-104
-104
-104
-87
-79
-89
-27
-89
-104
-109
-68
-77
-69
-79
-39
-116
-48
-89
-82
-106
-115
-115
-108
-109
-69
-104
-104
-79
-115
-79
-104
-79
-104
-115
-77
-48
-108
-116
-104
-79
-104
-49
-104
-89
-79
-116
-104
-87
-48
-115
-115
-48
-89
-79
-46
-108
-49
-115
-49
-116
-89
-116
-116
-104
-49
-104
-104
-98
-116
-49
-89
-104
-116
-89
-115
-54
-115
-49
-87
-61
-39
-55
-49
-49
-49
-55
-87
-60
-55
-49
-116
-79
-85
-116
-104
-49
-49
-106
-48
-49
-55
-74
-66
-49
-116
-48
-116
-55
-67
-67
-67
-43
-39
-88
-49
-103
-19
-85
-75
-55
-48
-55
-85
-71
-66
-55
-55
-55
-48
-90
-70
-58
-63
-91
-67
-19
-55
-108
-55
-90
-19
-51
-19
-75
-59
-69
-60
-55
-58
-53
-43
-63
-56
-19
-75
-67
-19
-2
-19
-44
-19
-69
-55
-54
-55
-115
-26
-75
-75
-59
-19
-19
-75
-19
-55
-55
-34
-56
-79
-19
-62
-55
-19
-19
-19
-19
-72
-67
-19
-19
-19
-67
-19
-66
-19
-54
-95
-41
-31
-19
-19
-20
-67
-25
21
-19
-67
-19
97
-54
-19
-47
-58
-67
-55
-55
-61
-67
-20
-19
-59
-19
-63
-61
-19
-44
-19
-55
-19
-19
-19
-37
-60
-39
-19
-74
-46
-19
-51
-56
-39
-55
-64
-55
-19
-50
-19
-19
-44
-19
-67
-39
-19
-19
-19
-19
-19
-63
19
-55
-57
-44
-19
-55
-65
-55
-19
-52
-56
-55
-19
-19
-55
-19
-51
-32
-22
-19
-20
-57
-47
-55
-19
-68
-85
-84
-19
-19
-23
-42
-34
-15
-47
-50
-19
-15
-44
-19
-61
-19
-69
-50
-19
-35
-19
-8
-28
-15
-54
-54
-45
-7
-25
-26
-19
24
-11
-36
-29
-18
-55
-19
-19
-19
-59
-25
-19
-46
-33
-19
-49
-21
-14
-35
-23
-71
-60
-34
-25
-30
-95
-58
-5
-61
-60
-11
-24
-61
-49
-8
-32
-11
-11
-49
-18
38
-49
44
-61
-61
-61
47
-61
-61
-61
-17
-61
-18
-49
-38
-61
-43
62
-49
-32
4
17
-22
84
-41
-7
-7
-15
-33
-35
-11
-61
-49
-16
-7
-40
-60
-20
-15
-26
-18
-23
-45
-21
-51
-8
-55
49
-37
-15
-22
-22
-21
-24
-16
-36
-49
-40
-40
-34
8
6
-22
96
-20
-15
-58
3
-19
-16
-3
-10
-114
-11
65
-36
-31
9
-59
-16
14
75
-46
-16
3
-5
-40
-59
-1
19
12
55
-23
-2
-12
15
-34
14
-16
-58
23
-47
-36
-36
10
-7
45
6
-47
-7
81
-35
-15
9
-5
-58
35
-58
88
-14
-56
12
-89
38
-20
4
-16
-2
-11
-60
9
14
15
-1
16
0
9
-31
14
-4
-53
-58
-60
5
3
49
-112
52
14
7
-1
12
14
16
7
5
-32
9
-45
-22
0
10
-8
9
-60
42
11
19
-6
53
4
-34
10
-59
20
-16
-71
11
10
-60
19
109
-32
10
-60
-43
-12
234
-58
-1
17
9
78
-2
-6
49
69
13
-36
-69
-1
172
11
-15
18
10
63
54
17
-44
-7
-2
-44
-43
4
-58
-3
3
-57
-58
15
3
12
