-135
6
-110
-67
-133
-67
-89
-62
-76
-59
-112
-53
-131
-84
-101
-101
-142
-89
-95
-104
-111
-67
-82
-84
-18
-63
-41
-113
-104
-128
-92
-113
-48
-93
-112
-67
-100
-46
-115
-95
-144
-97
-94
-114
-101
-84
-134
-77
-101
-56
-143
-149
-40
-76
-113
-108
-63
-73
-142
-90
-89
-110
-65
-59
-137
-67
-65
-28
-108
-105
-101
-122
-64
-53
-79
-46
-99
-135
-94
-48
-102
-132
-2
-70
-66
-104
-83
-73
-101
-118
-143
-70
-76
-94
-83
-104
-73
-49
-120
-75
-118
-131
13
-84
-94
-50
-58
-97
-64
-106
-70
-16
-15
-21
-23
-101
-54
-90
-129
-86
-113
-98
-112
-105
-72
-87
-121
-74
-96
-121
-52
-42
-66
-95
-52
-85
-111
-10
-32
-82
-76
-99
-115
-91
-96
-46
-89
-46
-42
-91
-130
-67
-65
-79
-140
-64
-89
-43
-85
-68
-112
-52
-97
-124
-102
-111
-98
-39
-111
-28
-58
-46
-38
-31
-80
-56
-141
-104
-120
-116
-90
-120
-31
-50
-60
-98
-68
-32
-100
-104
-51
-93
-46
-130
-115
-113
-147
-38
-115
-69
-67
-68
-122
-67
-71
-49
-8
-83
-81
-51
-46
-78
-73
-34
-125
-77
-48
-98
-120
-99
-116
-27
-111
-59
-64
-34
-63
-112
-68
-86
-11
-29
-134
-100
23
-64
-45
-32
-76
-14
-79
-64
-57
-132
-49
-115
43
-66
-113
15
-67
-99
-103
-115
-50
-102
-70
-67
-61
-35
-104
-63
-102
-46
-48
-56
-116
-72
-25
-34
-112
-98
-57
-134
-50
-125
-42
-86
-119
-91
-96
-137
-36
-104
-112
-88
-39
-44
-98
-70
-113
-68
-112
-25
-75
-65
-117
-120
-86
-45
-100
-91
-83
-62
-38
-46
24
-10
-45
-83
-49
-50
-5
-90
-40
-45
-79
-10
-57
5
-38
-57
-39
-72
-64
-6
-122
-100
-112
-104
-14
-113
-114
-120
-41
-115
-44
57
-39
-105
-32
34
-48
-123
-104
-118
-65
-92
-115
-13
-131
-56
-63
-28
-115
23
-115
-94
-114
-77
-59
-102
7
-70
-75
-62
-59
-63
-103
-55
-76
14
3
-101
-8
-85
-49
-74
-65
-57
-65
-64
-75
-115
-100
-8
-62
-2
-75
36
-41
-47
-73
-104
-80
-75
-94
-64
-18
-31
13
-93
-16
-126
-78
-43
-71
-27
-54
-91
-19
-99
84
24
-64
-44
-73
-61
-77
-59
-64
-56
-44
20
-104
-34
-97
-80
-14
-51
-72
-146
-84
-65
-93
-72
-49
15
-72
-31
2
-61
-25
-102
47
63
-49
-112
-58
-91
-49
-85
-77
-115
-61
-58
-93
-135
-63
5
-46
-26
-90
-72
-7
-12
-53
-38
-110
-106
-91
-26
-50
-76
-8
-112
-28
-104
-11
-59
-76
-5
-93
-53
-112
-84
-94
-75
-111
-70
-63
-64
-70
-65
-115
-37
-58
-117
-66
-102
-96
-83
-78
16
-61
-62
15
-64
-80
-81
-101
-103
-8
-73
-93
-93
-3
-102
-64
-65
-75
-115
-91
-95
-105
-33
3
-83
-79
-102
-55
2
-112
-58
-142
-48
-58
-104
-104
-91
-102
-9
-91
-2
-35
-104
-13
-112
19
-105
-92
-66
-64
-113
-93
-102
-88
-43
-71
2
20
-14
-70
-100
-116
-10
-93
-116
-8
-56
-115
-93
-113
-67
-105
46
-105
24
-75
-99
41
-39
-61
21
0
-125
2
-49
-81
-104
58
-35
-55
-95
46
-104
-65
-47
-86
25
17
-77
0
36
-53
-81
-20
-78
13
-63
-12
-49
80
-88
-100
-73
-93
-91
-26
-23
-69
-34
-8
-49
-91
51
36
-8
-123
-120
-121
-100
-83
-2
-59
-80
-77
-115
-65
33
231
-105
-91
-24
36
-116
-67
-103
-68
-56
-49
-115
-100
-60
-103
-28
-55
-81
0
-95
-89
-76
-111
17
36
-115
-27
-71
-13
-106
-76
-105
-142
-95
-64
-59
-104
-116
-138
-71
-39
47
-11
-94
26
-57
-70
-87
24
-81
-75
36
-121
-80
-85
45
-93
-105
-105
-76
-21
-91
47
-56
-71
-75
-145
-71
0
-39
36
-58
-83
12
-74
-60
-78
-14
-96
-121
-107
-69
-19
12
-64
-111
36
2
11
43
-121
-75
-99
-8
-105
23
-131
-104
36
-80
-30
-75
-45
-78
-116
-64
-94
-115
58
-57
-40
-40
-121
3
-55
-2
-65
36
-61
-8
28
9
-8
-28
-90
-28
-120
46
36
-85
17
-60
-120
-121
-93
-60
58
-120
-120
-117
-100
-95
3
-112
36
-112
-116
-91
-61
-28
-94
-142
-48
-100
-94
23
11
-36
-58
-112
-80
5
-75
-121
1
-8
24
13
-104
-146
36
-55
-78
-78
-60
1
-79
-116
-116
-39
-96
-94
-105
-105
-105
-122
-94
-50
-90
-115
-8
-64
-81
-106
-78
-110
-79
-33
-79
-83
-79
-94
-90
-40
-22
-15
-83
-143
-79
-112
23
0
-104
47
-72
-112
-14
17
-96
-85
-55
-112
-143
-94
42
46
-142
12
-115
-110
-67
47
-78
13
-10
-94
16
47
47
-90
-79
1
-143
-79
-81
-91
-66
-121
-143
-116
-8
6
-105
6
17
1
-115
17
-8
-90
36
-66
-70
36
-112
36
-60
-90
-115
-14
-103
-90
-112
-79
-112
17
-93
-112
-112
-112
-49
-78
-66
-101
-105
-94
-55
-66
-106
-55
-78
-93
-55
-112
-112
-112
-112
-112
-60
-60
-55
-116
29
-112
-112
-58
-67
-112
1
-67
-112
-112
108
-60
-83
-73
-60
-112
-115
-66
-55
-85
-58
-55
-143
-106
-55
-55
-55
-55
-60
-112
-60
-92
-112
-112
-112
-112
-112
-112
-112
-112
-112
-112
-112
-55
47
-70
-112
-112
-38
-112
-112
-112
-59
-58
-58
-92
-92
-48
