-97.0
-85.0
-31.0
-76.0
-56.0
-120.0
-98.0
-97.0
-74.0
-87.0
-98.0
-97.0
-53.0
-107.0
-87.0
-109.0
-98.0
-88.0
-63.0
-75.0
-80.0
-92.0
-100.0
-68.0
-98.0
-33.0
-114.0
-37.0
-113.0
-102.0
-113.0
-102.0
-8.0
-102.0
-113.0
-62.0
101.0
-81.0
-25.0
-112.0
-110.0
-11.0
-93.0
-78.0
83.0
-27.0
-80.0
-25.0
-52.0
-91.0
-67.0
-68.0
-76.0
-21.0
-76.0
-77.0
32.0
-63.0
-74.0
-78.0
32.0
-49.0
-22.0
-88.0
49.0
-56.0
-113.0
-60.0
-13.0
-63.0
-21.0
-103.0
-114.0
-23.0
-101.0
-52.0
-102.0
-32.0
-24.0
-102.0
-80.0
-81.0
-26.0
-30.0
-68.0
49.0
-114.0
-111.0
-34.0
-84.0
-102.0
-51.0
-113.0
131.0
48.0
-64.0
154.0
-81.0
209.0
-51.0
35.0
-84.0
-22.0
-100.0
206.0
-51.0
106.0
-81.0
-19.0
-102.0
-91.0
-112.0
-74.0
75.0
-32.0
-30.0
-78.0
-92.0
-112.0
44.0
-80.0
-80.0
137.0
-99.0
95.0
74.0
21.0
-101.0
-48.0
-5.0
-92.0
-59.0
-109.0
-88.0
232.0
-55.0
164.0
-70.0
107.0
-70.0
-15.0
-113.0
-14.0
-105.0
-18.0
-121.0
127.0
-75.0
24.0
-101.0
-32.0
-29.0
-70.0
-85.0
34.0
114.0
-112.0
-23.0
-19.0
32.0
-14.0
145.0
-8.0
75.0
-20.0
-80.0
124.0
-10.0
48.0
73.0
-105.0
18.0
-52.0
96.0
-108.0
-45.0
79.0
496.0
338.0
-70.0
99.0
-40.0
32.0
-105.0
-46.0
284.0
-102.0
-48.0
-76.0
58.0
-74.0
-14.0
16.0
-110.0
-65.0
137.0
94.0
74.0
78.0
1.0
111.0
-81.0
-121.0
-103.0
-69.0
99.0
-38.0
-65.0
555.0
154.0
-83.0
-104.0
-63.0
353.0
4.0
-86.0
-94.0
-7.0
259.0
11.0
-90.0
-83.0
175.0
185.0
-102.0
3.0
22.0
118.0
330.0
65.0
-104.0
348.0
-78.0
5.0
-56.0
44.0
-102.0
-10.0
-22.0
-97.0
106.0
60.0
20.0
-22.0
203.0
75.0
45.0
-80.0
94.0
-101.0
7.0
274.0
148.0
-52.0
88.0
13.0
-25.0
-102.0
-73.0
63.0
114.0
67.0
-46.0
-121.0
55.0
116.0
83.0
-21.0
-7.0
-86.0
105.0
-63.0
185.0
-10.0
133.0
-14.0
234.0
95.0
61.0
112.0
-64.0
-35.0
143.0
-50.0
-63.0
-53.0
-92.0
-55.0
69.0
61.0
-18.0
-101.0
-86.0
-60.0
75.0
143.0
259.0
-9.0
59.0
-21.0
55.0
-98.0
-39.0
-74.0
91.0
-11.0
106.0
107.0
118.0
-97.0
-24.0
153.0
-50.0
-55.0
144.0
21.0
47.0
-76.0
-91.0
-60.0
66.0
129.0
-61.0
-62.0
138.0
33.0
254.0
-65.0
71.0
88.0
-34.0
-80.0
-9.0
-13.0
244.0
38.0
-122.0
244.0
-51.0
-53.0
-87.0
-102.0
63.0
94.0
-13.0
-49.0
-101.0
-99.0
3.0
-55.0
-6.0
-51.0
88.0
327.0
157.0
-58.0
80.0
42.0
44.0
-66.0
-65.0
143.0
-41.0
-40.0
-121.0
-76.0
-81.0
91.0
55.0
-123.0
-96.0
-102.0
-9.0
116.0
-111.0
96.0
53.0
102.0
-21.0
179.0
-47.0
-62.0
-79.0
124.0
60.0
10.0
99.0
35.0
80.0
-93.0
60.0
-87.0
-60.0
-42.0
-123.0
71.0
-102.0
107.0
74.0
-79.0
60.0
-80.0
-40.0
191.0
200.0
-64.0
129.0
-22.0
-21.0
-2.0
-124.0
2.0
135.0
126.0
278.0
-38.0
232.0
-80.0
28.0
147.0
12.0
-15.0
21.0
352.0
-61.0
-17.0
19.0
46.0
268.0
-64.0
426.0
45.0
259.0
-124.0
-97.0
227.0
171.0
-40.0
-80.0
-11.0
54.0
-80.0
46.0
-80.0
0.0
85.0
-91.0
-112.0
-80.0
21.0
7.0
-113.0
-11.0
137.0
-102.0
90.0
-102.0
-35.0
-8.0
-38.0
85.0
23.0
324.0
-68.0
-31.0
74.0
15.0
182.0
-20.0
280.0
-65.0
-102.0
-101.0
-104.0
-52.0
45.0
-81.0
2.0
-79.0
-79.0
-87.0
-66.0
-88.0
-98.0
-64.0
-79.0
-82.0
-84.0
-80.0
-81.0
-88.0
-75.0
-77.0
-81.0
-80.0
-84.0
-67.0
-78.0
-93.0
-84.0
-42.0
-98.0
-81.0
-98.0
-83.0
-117.0
-78.0
-66.0
-78.0
-79.0
-75.0
-79.0
-41.0
43.0
85.0
-84.0
-53.0
-77.0
-84.0
-83.0
-84.0
-84.0
223.0
-83.0
-95.0
-76.0
-79.0
-34.0
-88.0
-38.0
-74.0
-36.0
-132.0
-79.0
-68.0
-99.0
-68.0
-18.0
-113.0
52.0
-66.0
-63.0
-75.0
-92.0
-49.0
17.0
-36.0
-76.0
-109.0
-34.0
-51.0
-88.0
-40.0
-64.0
-39.0
1.0
-100.0
-86.0
-84.0
-96.0
-10.0
-73.0
-60.0
-79.0
-79.0
-66.0
-54.0
-36.0
-64.0
-66.0
-110.0
-45.0
-45.0
-83.0
-76.0
-102.0
-73.0
-103.0
-80.0
-101.0
-15.0
-92.0
-29.0
15.0
-113.0
-84.0
-75.0
-78.0
-122.0
-77.0
-75.0
-75.0
-114.0
-103.0
-63.0
-66.0
-80.0
-113.0
-40.0
-30.0
-30.0
-50.0
-104.0
-29.0
-65.0
-56.0
-121.0
-82.0
-82.0
-38.0
-80.0
-45.0
-80.0
-62.0
-85.0
-29.0
-79.0
-55.0
-122.0
-45.0
-25.0
-35.0
-52.0
-81.0
-79.0
53.0
-36.0
-34.0
67.0
-100.0
-57.0
55.0
-76.0
-75.0
-77.0
-77.0
-121.0
-124.0
-100.0
19.0
-73.0
-124.0
-65.0
-78.0
-66.0
-112.0
-97.0
-82.0
-79.0
-96.0
-90.0
-79.0
4.0
-114.0
-80.0
85.0
-102.0
-112.0
-66.0
-106.0
63.0
32.0
4.0
-88.0
23.0
-73.0
-92.0
-63.0
18.0
46.0
-42.0
76.0
90.0
-123.0
-35.0
-113.0
-110.0
255.0
-98.0
-102.0
-79.0
199.0
117.0
-102.0
-113.0
253.0
236.0
149.0
252.0
-91.0
-113.0
-85.0
-113.0
-80.0
-75.0
-93.0
6.0
-90.0
-81.0
-97.0
-38.0
-75.0
105.0
-102.0
28.0
-70.0
-49.0
-78.0
-76.0
4.0
-106.0
-79.0
13.0
88.0
-94.0
171.0
332.0
-112.0
-17.0
108.0
-77.0
-89.0
115.0
-102.0
106.0
-41.0
85.0
-91.0
112.0
-45.0
117.0
-53.0
-114.0
-74.0
-52.0
-94.0
-51.0
-32.0
-30.0
28.0
-32.0
-70.0
-108.0
-114.0
-77.0
317.0
139.0
-53.0
40.0
504.0
-110.0
16.0
-81.0
336.0
34.0
102.0
3.0
-114.0
118.0
164.0
-25.0
231.0
-102.0
316.0
2.0
391.0
49.0
93.0
425.0
0.0
-101.0
268.0
152.0
117.0
-38.0
-113.0
58.0
-110.0
-98.0
35.0
200.0
-109.0
49.0
-113.0
358.0
330.0
122.0
475.0
53.0
60.0
64.0
286.0
21.0
160.0
248.0
-84.0
-22.0
-94.0
206.0
-81.0
237.0
-92.0
589.0
-18.0
42.0
161.0
371.0
210.0
116.0
87.0
-88.0
-9.0
-102.0
-102.0
11.0
194.0
237.0
77.0
201.0
32.0
-42.0
191.0
23.0
234.0
158.0
233.0
85.0
248.0
-101.0
222.0
136.0
206.0
494.0
149.0
-122.0
286.0
45.0
137.0
237.0
812.0
-53.0
159.0
265.0
-64.0
316.0
292.0
262.0
118.0
588.0
117.0
268.0
240.0
79.0
553.0
-102.0
340.0
321.0
88.0
347.0
-12.0
279.0
314.0
318.0
160.0
-80.0
347.0
-124.0
-20.0
299.0
285.0
270.0
73.0
137.0
72.0
221.0
46.0
373.0
368.0
227.0
38.0
291.0
62.0
153.0
350.0
200.0
-104.0
153.0
-81.0
-94.0
526.0
-28.0
105.0
284.0
37.0
136.0
-80.0
361.0
227.0
347.0
202.0
-80.0
-90.0
106.0
159.0
535.0
108.0
149.0
127.0
301.0
-80.0
231.0
242.0
332.0
287.0
-124.0
185.0
363.0
118.0
1006.0
242.0
784.0
378.0
363.0
-121.0
-114.0
206.0
74.0
258.0
491.0
230.0
557.0
471.0
558.0
-102.0
146.0
371.0
232.0
39.0
62.0
21.0
-21.0
-82.0
228.0
-103.0
539.0
531.0
2.0
367.0
207.0
259.0
545.0
35.0
-19.0
-64.0
-54.0
228.0
399.0
641.0
516.0
368.0
280.0
204.0
34.0
422.0
301.0
366.0
-101.0
-54.0
301.0
273.0
116.0
164.0
369.0
437.0
401.0
279.0
130.0
102.0
-60.0
321.0
290.0
406.0
2.0
499.0
374.0
452.0
263.0
499.0
-46.0
-11.0
112.0
234.0
-102.0
399.0
399.0
242.0
-31.0
280.0
410.0
98.0
-80.0
237.0
-54.0
290.0
111.0
374.0
-92.0
-80.0
75.0
410.0
448.0
263.0
165.0
484.0
733.0
887.0
295.0
515.0
190.0
-54.0
175.0
191.0
154.0
441.0
452.0
695.0
87.0
284.0
95.0
86.0
531.0
480.0
62.0
437.0
473.0
352.0
804.0
363.0
1900.0
53.0
-54.0
259.0
279.0
448.0
126.0
406.0
399.0
168.0
363.0
421.0
729.0
298.0
263.0
321.0
321.0
279.0
-80.0
300.0
400.0
363.0
557.0
205.0
-103.0
500.0
304.0
363.0
-80.0
321.0
263.0
526.0
-80.0
-103.0
385.0
363.0
374.0
290.0
-54.0
273.0
-53.0
248.0
488.0
315.0
300.0
426.0
620.0
284.0
547.0
918.0
45.0
368.0
332.0
593.0
-80.0
332.0
263.0
153.0
432.0
405.0
32.0
332.0
279.0
47.0
378.0
647.0
1488.0
248.0
910.0
363.0
635.0
-103.0
-53.0
131.0
987.0
389.0
363.0
405.0
34.0
332.0
405.0
363.0
-54.0
473.0
363.0
-19.0
447.0
521.0
-122.0
-99.0
-113.0
-46.0
-88.0
-80.0
-6.0
-80.0
-134.0
-22.0
-96.0
25.0
-85.0
-38.0
-98.0
-105.0
44.0
-38.0
-94.0
-91.0
-99.0
-43.0
-99.0
-107.0
-52.0
-58.0
-99.0
-81.0
-102.0
104.0
-76.0
-10.0
188.0
-64.0
-89.0
-79.0
-79.0
-42.0
-112.0
148.0
-109.0
-96.0
-48.0
-80.0
21.0
-86.0
-50.0
280.0
-78.0
-112.0
-69.0
72.0
-62.0
-105.0
-92.0
-122.0
-124.0
-64.0
-30.0
-82.0
-111.0
22.0
113.0
138.0
-132.0
-86.0
-122.0
-76.0
111.0
-101.0
-97.0
91.0
326.0
-87.0
-100.0
-90.0
127.0
-99.0
-82.0
-70.0
-114.0
-114.0
99.0
-73.0
-74.0
1.0
188.0
-103.0
53.0
-50.0
0.0
51.0
83.0
-114.0
34.0
64.0
-90.0
32.0
-80.0
184.0
-51.0
231.0
-74.0
-110.0
2.0
27.0
-25.0
190.0
191.0
44.0
64.0
1.0
151.0
96.0
-52.0
-110.0
-73.0
131.0
63.0
-97.0
-99.0
13.0
-74.0
-100.0
33.0
106.0
-80.0
-98.0
-22.0
-38.0
75.0
-112.0
-97.0
95.0
20.0
-31.0
43.0
203.0
179.0
-101.0
-81.0
64.0
229.0
-109.0
-97.0
75.0
321.0
-99.0
-100.0
-22.0
12.0
164.0
207.0
-114.0
-113.0
-101.0
-28.0
126.0
45.0
-111.0
31.0
70.0
-63.0
206.0
20.0
-66.0
-77.0
-78.0
-67.0
-77.0
138.0
-103.0
-102.0
24.0
144.0
85.0
159.0
102.0
62.0
22.0
-77.0
170.0
7.0
-87.0
-113.0
227.0
-79.0
-33.0
-51.0
-73.0
193.0
330.0
-51.0
107.0
-35.0
217.0
187.0
22.0
-10.0
-80.0
117.0
297.0
-80.0
79.0
-51.0
70.0
68.0
-84.0
-63.0
602.0
52.0
-88.0
-102.0
189.0
90.0
-103.0
231.0
-81.0
195.0
116.0
116.0
243.0
250.0
-114.0
290.0
118.0
-100.0
310.0
-98.0
-99.0
173.0
358.0
227.0
227.0
69.0
258.0
22.0
155.0
18.0
34.0
63.0
-45.0
-66.0
205.0
144.0
113.0
41.0
445.0
217.0
-99.0
-113.0
297.0
32.0
138.0
223.0
303.0
242.0
137.0
357.0
-103.0
239.0
-81.0
102.0
1.0
571.0
179.0
32.0
191.0
429.0
-122.0
32.0
7.0
-80.0
73.0
185.0
-98.0
-60.0
284.0
179.0
311.0
178.0
63.0
-22.0
252.0
222.0
-103.0
321.0
75.0
69.0
280.0
435.0
-53.0
171.0
-73.0
326.0
-81.0
74.0
-102.0
64.0
274.0
276.0
36.0
436.0
-64.0
-59.0
-41.0
-25.0
-103.0
-79.0
-43.0
228.0
-61.0
-80.0
17.0
231.0
400.0
54.0
153.0
150.0
46.0
-99.0
1.0
296.0
190.0
-18.0
-64.0
256.0
229.0
-102.0
-102.0
-30.0
-105.0
-122.0
50.0
-90.0
290.0
570.0
198.0
91.0
153.0
-28.0
89.0
-103.0
189.0
248.0
154.0
777.0
195.0
98.0
-36.0
64.0
146.0
175.0
-76.0
-29.0
-84.0
-11.0
-54.0
-80.0
389.0
270.0
63.0
479.0
253.0
84.0
279.0
421.0
510.0
-53.0
-21.0
140.0
378.0
312.0
280.0
321.0
206.0
64.0
-55.0
242.0
-80.0
183.0
186.0
152.0
369.0
280.0
279.0
69.0
95.0
-122.0
220.0
154.0
190.0
368.0
69.0
-53.0
160.0
432.0
147.0
116.0
228.0
62.0
164.0
374.0
411.0
44.0
-102.0
317.0
347.0
117.0
306.0
140.0
379.0
291.0
-54.0
275.0
105.0
300.0
164.0
94.0
169.0
-9.0
88.0
175.0
237.0
382.0
206.0
270.0
290.0
1.0
259.0
200.0
76.0
14.0
86.0
-81.0
60.0
77.0
20.0
312.0
-121.0
44.0
-124.0
2.0
244.0
-81.0
1153.0
217.0
190.0
-81.0
-28.0
310.0
-99.0
217.0
414.0
279.0
490.0
374.0
-121.0
161.0
206.0
-60.0
300.0
594.0
269.0
-40.0
120.0
458.0
279.0
675.0
248.0
242.0
160.0
232.0
116.0
437.0
279.0
290.0
442.0
80.0
-54.0
248.0
445.0
227.0
284.0
-21.0
186.0
526.0
365.0
160.0
-81.0
342.0
147.0
506.0
871.0
79.0
263.0
-53.0
243.0
13.0
475.0
192.0
321.0
252.0
360.0
3.0
-18.0
105.0
171.0
524.0
390.0
104.0
485.0
452.0
158.0
-69.0
105.0
390.0
755.0
269.0
795.0
455.0
742.0
339.0
172.0
290.0
625.0
321.0
262.0
490.0
579.0
-81.0
1518.0
4.0
175.0
-121.0
243.0
354.0
788.0
-81.0
354.0
286.0
155.0
221.0
189.0
317.0
929.0
422.0
852.0
337.0
321.0
-60.0
495.0
389.0
-81.0
661.0
-53.0
374.0
794.0
-12.0
399.0
2603.0
69.0
220.0
447.0
62.0
774.0
1123.0
290.0
279.0
304.0
129.0
820.0
263.0
-92.0
73.0
101.0
363.0
180.0
484.0
526.0
420.0
2.0
484.0
909.0
301.0
410.0
52.0
290.0
347.0
1549.0
312.0
-102.0
321.0
321.0
652.0
593.0
515.0
363.0
284.0
547.0
568.0
62.0
-122.0
336.0
664.0
431.0
412.0
248.0
-102.0
248.0
610.0
432.0
348.0
321.0
-80.0
405.0
332.0
447.0
641.0
405.0
719.0
768.0
305.0
153.0
475.0
363.0
85.0
166.0
599.0
-102.0
803.0
568.0
363.0
-121.0
599.0
-110.0
-103.0
405.0
474.0
405.0
290.0
-122.0
448.0
557.0
1554.0
363.0
369.0
-81.0
221.0
363.0
363.0
709.0
405.0
332.0
321.0
279.0
151.0
441.0
248.0
636.0
1878.0
405.0
637.0
474.0
363.0
1478.0
361.0
290.0
-54.0
332.0
405.0
321.0
2.0
188.0
868.0
464.0
363.0
86.0
557.0
526.0
443.0
494.0
1288.0
-54.0
363.0
867.0
300.0
279.0
160.0
673.0
651.0
385.0
447.0
1185.0
483.0
416.0
443.0
363.0
1111.0
363.0
453.0
557.0
405.0
557.0
-54.0
510.0
416.0
526.0
363.0
583.0
405.0
1595.0
1183.0
447.0
447.0
483.0
825.0
441.0
709.0
799.0
503.0
346.0
447.0
405.0
733.0
515.0
405.0
1204.0
374.0
827.0
452.0
777.0
279.0
447.0
259.0
405.0
688.0
667.0
444.0
674.0
405.0
122.0
274.0
363.0
677.0
593.0
274.0
635.0
447.0
592.0
610.0
504.0
-102.0
652.0
405.0
-54.0
557.0
700.0
855.0
447.0
405.0
1237.0
447.0
2040.0
3206.0
447.0
777.0
447.0
447.0
-102.0
1267.0
405.0
388.0
2364.0
2486.0
525.0
447.0
447.0
1363.0
1586.0
1162.0
1321.0
1321.0
447.0
447.0
447.0
447.0
1321.0
447.0
2201.0
1321.0
1321.0
3113.0
447.0
1321.0
1321.0
1738.0
6720.0
1321.0
1279.0
1279.0
777.0
447.0
447.0
447.0
405.0
515.0
447.0
745.0
515.0
557.0
447.0
447.0
447.0
515.0
515.0
525.0
515.0
515.0
515.0
635.0
515.0
447.0
703.0
557.0
1279.0
1363.0
1321.0
2138.0
819.0
2201.0
447.0
447.0
447.0
605.0
515.0
584.0
855.0
447.0
447.0
625.0
515.0
447.0
515.0
1279.0
10695.0
777.0
447.0
447.0
1559.0
703.0
405.0
447.0
405.0
515.0
515.0
703.0
515.0
515.0
515.0
447.0
-61.0
703.0
1067.0
10699.0
1371.0
473.0
473.0
703.0
515.0
1067.0
1025.0
515.0
1067.0
703.0
447.0
1026.0
-123.0
1025.0
1067.0
2071.0
1067.0
1067.0
4011.0
515.0
1025.0
1025.0
1025.0
1067.0
1617.0
745.0
983.0
9528.0
2872.0
2248.0
983.0
2517.0
1025.0
851.0
884.0
3168.0
3256.0
3296.0
1111.0
1025.0
653.0
1027.0
1525.0
1027.0
8633.0
719.0
941.0
1025.0
4619.0
1780.0
9547.0
7433.0
3115.0
2533.0
729.0
2527.0
3792.0
2066.0
10476.0
237.0
383.0
1149.0
901.0
2491.0
1817.0
7336.0
2130.0
2449.0
4291.0
871.0
865.0
10293.0
1106.0
901.0
949.0
6379.0
871.0
5707.0
8633.0
8056.0
1713.0
817.0
944.0
3913.0
2029.0
2124.0
321.0
991.0
775.0
1943.0
2502.0
4867.0
5912.0
2243.0
2575.0
2578.0
1819.0
2989.0
583.0
1945.0
4836.0
3535.0
4574.0
1307.0
8380.0
2071.0
2609.0
4422.0
2805.0
4537.0
-103.0
1823.0
5419.0
-102.0
4453.0
5083.0
4711.0
3661.0
11179.0
107.0
7855.0
2239.0
2951.0
1245.0
2334.0
786.0
5893.0
2088.0
624.0
5130.0
4134.0
4465.0
233.0
7518.0
2402.0
