-59
-111
-48
-143
-92
-94
-78
-58
-144
-99
-66
-28
-59
-83
-99
-132
-53
-68
-98
-85
-54
-120
-87
-18
-110
-41
-83
-83
-103
22
-144
-54
-82
-105
-38
-124
-145
-70
-111
-77
-33
-67
-38
-49
-76
-78
-89
-62
-28
-115
-1
-139
-1
-52
-36
-53
-143
-64
-47
-104
-87
-92
-142
-65
-43
-145
-111
-93
-112
-89
-88
-32
-73
-113
-61
-86
-48
-93
-133
-117
-63
-58
-74
-90
-51
-68
-97
-93
-98
-39
-42
-58
-113
-6
-111
-83
-68
-114
-145
-99
-142
-92
-58
-113
-75
-34
-71
-78
-36
-145
-74
23
-93
-58
-48
-108
-139
-26
-59
-115
-58
-72
-93
-73
0
-33
-84
-88
-65
-18
-91
6
-71
23
-61
47
-64
-87
-49
-46
9
-64
-100
-111
-112
-62
-40
-9
-78
-2
-71
-60
-50
-1
39
25
-21
-17
-67
-33
-72
-147
-78
-70
-145
-59
-104
-75
-93
-62
-53
-9
-40
-8
-15
-96
-101
-106
-26
-116
-92
-87
-75
3
-88
3
-75
-77
-13
-27
-104
-44
23
-105
-37
-15
-69
-107
-98
-81
-125
-111
-83
-121
-84
-121
-49
-8
-144
40
-58
-95
-148
-92
-104
-116
-61
-60
-104
-70
-49
-95
-106
-145
-115
-27
-111
-143
29
-142
-106
-95
29
-104
-88
-101
-79
-106
-49
-106
62
-116
-111
-142
-92
-92
-23
-106
-111
-116
-143
-111
-111
-112
-106
-111
-101
-116
-55
-92
-68
-62
-112
46
-92
-78
79
128
-115
-61
-106
-79
-67
42
-106
-78
57
-106
-2
-2
-92
-38
-111
-116
-106
-71
-104
-116
-143
-116
-49
-67
-95
-55
-55
-70
-92
-61
-126
-67
-115
-61
-55
57
-116
-49
-78
-58
-62
124
-92
-97
-50
-106
-49
-70
-92
-106
-116
-78
-92
-111
-49
-92
-143
-49
-126
-78
-115
-8
-112
-115
57
-104
-142
-55
-48
-92
-92
-106
-107
-49
-112
-115
-75
-112
-106
-106
-111
-50
-50
-40
-78
-92
113
13
-104
-75
-92
57
-92
-92
135
-55
-116
-92
1
-89
-92
-58
-91
-60
-115
113
-78
-92
-49
57
-106
-55
-92
-92
-92
57
-49
-92
-106
1
-115
52
124
-91
89
-67
-49
36
113
-72
-72
-112
-92
205
-49
124
-112
-118
-92
-77
113
-106
-61
113
-112
-56
-56
-68
-112
-17
-112
-70
-116
-71
113
-83
-62
-92
78
-108
-57
-67
-83
52
-92
-69
-106
-53
90
-54
62
36
-62
-92
42
-92
-65
-53
57
-55
-112
-115
-83
-72
90
-92
-45
-68
42
113
-112
-68
-70
-116
-115
-55
113
-92
-78
113
113
-112
-106
124
-27
-92
113
-70
-67
-115
-112
-112
-106
-92
-92
-112
-92
113
113
-92
-75
-92
-91
-72
-34
-83
78
-92
-53
77
52
52
-68
-112
-70
-116
-37
113
-92
-21
-92
-112
-106
36
-92
-112
-55
-68
-8
-91
-126
-92
-53
-106
-112
52
-112
36
-112
-92
90
41
-92
-53
-64
-106
-64
9
-22
-79
113
-112
-112
-88
90
-112
-98
78
-86
-6
-54
-83
-59
-112
-54
-53
-55
-72
90
57
-115
-64
-53
-112
-126
-54
-43
-112
-53
-112
-112
-112
-95
-72
-126
-21
-98
-112
-112
-112
-106
-70
-8
-112
-143
41
-112
-112
-106
-112
-106
-106
-112
36
-53
-42
-82
78
113
113
-68
-42
-42
-112
-33
-106
-53
-112
39
-126
-112
26
-112
-106
-84
113
-30
-64
-21
-80
74
-112
-112
-4
-33
78
-75
-112
-106
-53
-45
-53
-112
-99
113
-106
-35
-112
-48
-56
-112
-43
41
-57
-79
-64
-45
74
-101
-112
-98
-20
113
-33
-56
-33
-115
-70
-10
-112
-22
77
74
79
-115
-24
101
-35
-2
74
-41
158
-36
-75
-36
113
113
37
1
113
-104
77
-112
-98
-43
-52
113
-36
-36
-36
63
77
-20
-35
-54
68
-23
-115
-8
-35
28
0
-10
-49
-10
113
-10
113
-22
-6
90
-47
-19
38
69
69
38
-31
4
74
-22
-6
74
-20
90
26
-20
74
13
-42
-58
-35
68
-36
-36
-20
-22
-111
74
-6
74
-31
38
-67
-35
113
52
31
38
-47
48
31
-42
-55
68
68
8
101
38
-11
-35
-7
-51
-40
36
80
38
-45
74
90
-36
-58
-36
38
-22
-51
-7
-36
-23
-40
-19
-45
38
36
-22
-19
-36
-33
49
-30
-41
-36
38
-36
38
20
-26
38
20
31
-21
-31
79
5
74
-56
-20
32
74
173
-111
184
-31
74
10
-52
-75
34
-47
26
79
32
-31
32
16
90
-51
5
52
113
85
74
-67
-6
68
-48
113
-30
74
10
184
-58
68
113
84
21
74
-42
-18
-47
74
-33
74
-18
16
-38
-18
13
113
-30
74
-47
113
21
171
74
21
113
-48
74
9
-46
-48
-18
74
113
-47
-18
113
15
-48
13
113
113
-38
-54
-47
-11
-34
113
113
5
-48
-23
113
113
113
113
113
-18
113
73
113
113
113
-34
113
-55
-48
113
-23
-48
113
68
-109
113
77
113
113
113
113
113
113
-11
-55
113
113
-108
113
113
113
113
77
77
104
77
187
183
113
202
182
94
96
216
113
102
108
117
110
208
152
198
107
-4
108
113
123
113
106
111
288
113
228
102
116
175
104
106
106
100
126
112
109
214
101
121
121
142
119
108
230
108
114
110
104
108
111
146
164
110
109
101
292
108
97
158
116
-82
-82
-82
-82
-82
