-112
-136
-62
-100
-47
-102
-110
-57
-75
-63
-131
-69
-67
-84
-59
-48
-78
-46
-56
-37
-126
-68
-83
-67
-54
-113
-100
-64
-44
4
-38
-43
-65
-64
-85
-137
-39
-46
-75
-64
-107
-101
-64
14
-49
-29
-83
-57
19
-64
-6
-64
-17
-75
-28
-29
-36
-45
-19
-19
-11
-42
-19
-55
-26
-19
-19
-27
-19
-43
-38
-113
-15
-25
-14
-27
-7
-15
-25
-115
-30
-15
-116
-49
-15
-17
42
-15
-27
-29
-72
-32
-20
-24
-10
-19
-19
15
-3
-7
82
-18
-19
-20
-19
12
-14
-19
67
-19
-13
-7
-27
-49
7
0
-18
-45
-45
-45
-5
-122
-89
-13
42
-16
-69
-26
-7
-43
-45
62
-45
-5
14
-43
13
-11
-1
5
7
-5
127
3
-24
88
-45
11
88
13
103
-51
-5
-43
-43
11
17
22
-5
-43
23
0
-45
-45
16
11
-45
-45
-43
10
-43
134
-35
8
81
1
-89
-45
-3
-3
99
-45
-45
-45
-45
-45
9
-43
99
9
3
9
-5
1
-22
14
-26
86
-45
30
-45
-45
11
56
24
7
20
-45
-45
3
-45
13
-45
-45
-45
-45
-45
-45
-45
-45
115
146
-1
-45
-45
-45
42
-1
106
37
14
-45
-45
-45
-43
-45
-45
-43
-45
143
-45
-45
15
-45
99
-45
13
11
-26
-45
-45
19
-45
-54
15
21
3
106
-7
99
-10
3
8
93
112
-26
-45
14
-45
20
19
17
16
180
-45
97
3
16
11
9
3
11
13
-55
-45
6
-11
-43
13
4
20
-1
1
178
11
67
144
-7
29
0
-10
94
88
92
16
3
58
13
13
9
-9
3
4
-1
3
9
4
10
88
10
5
20
21
18
11
24
-4
-4
5
19
24
24
2
19
7
11
110
86
-6
16
1
-5
25
152
-9
5
-6
8
-2
85
117
-3
151
131
153
152
127
13
0
3
15
100
-25
114
103
145
83
142
162
150
-18
10
135
-8
154
141
147
225
-10
-135
16
10
153
120
66
129
10
7
136
148
102
135
23
-2
133
139
-58
9
142
29
195
91
45
135
18
-5
136
99
120
-13
119
141
51
-24
20
44
121
94
-135
154
20
-11
-20
20
129
-24
200
-20
252
120
222
-2
312
133
143
228
93
-18
-11
-25
41
-21
131
-44
-26
134
57
133
-4
-19
221
11
-22
-19
-13
-20
-19
-42
228
-23
-30
122
98
150
123
141
-27
22
213
126
308
125
-2
-19
285
134
91
-22
16
228
-19
193
129
-15
141
88
302
112
-18
140
-31
-15
-15
-22
283
-23
1
141
215
121
9
-21
141
-30
14
129
-23
6
-26
20
-18
100
197
219
-16
46
177
138
133
-23
-26
-95
76
145
-23
5
176
120
220
-17
-31
-116
-22
129
-23
-26
133
217
73
-44
221
-20
83
-20
122
19
-35
-19
64
83
83
77
106
-23
-30
83
83
-31
145
113
-28
106
106
94
94
-40
82
-7
94
83
82
-19
83
94
83
83
83
94
83
83
-15
83
82
83
83
83
82
82
82
94
95
104
94
94
83
82
82
82
82
82
82
67
82
82
67
67
66
66
66
82
82
66
66
64
66
67
-116
88
67
67
67
82
66
64
66
66
64
64
66
64
64
64
67
64
64
-31
52
-116
-116
-53
64
64
64
-53
-116
53
-43
-53
64
-53
-116
-53
-53
-53
-53
-53
-116
-116
-53
52
-53
-82
-53
-53
-116
-114
52
64
64
52
-53
64
52
64
52
64
-116
52
-116
-116
-114
52
-116
-116
-116
-114
-48
128
78
-116
66
52
52
-114
40
40
52
52
110
66
52
78
78
52
110
66
66
66
78
80
66
-44
66
78
-114
66
40
78
78
40
66
110
78
28
78
66
28
29
110
40
21
110
81
28
110
78
78
100
100
110
110
66
28
28
29
28
29
28
29
110
29
110
28
28
110
100
28
28
28
29
28
28
29
110
29
110
28
29
29
28
28
110
110
29
28
121
29
28
28
29
110
110
110
120
28
28
110
28
28
28
110
28
28
28
28
28
-114
110
110
110
110
29
29
29
29
29
28
121
28
28
28
28
29
28
110
28
16
28
28
28
110
29
28
110
110
28
28
28
40
28
17
28
110
-95
28
29
28
29
28
28
29
28
29
110
28
29
29
110
110
28
110
28
29
29
28
28
78
29
29
28
17
29
28
28
28
28
28
66
28
28
28
28
28
110
28
28
28
28
28
29
17
28
28
28
28
28
29
9
29
40
17
17
28
28
28
28
28
28
28
17
5
29
29
16
28
17
28
17
28
28
28
28
16
21
66
28
28
110
17
66
28
28
28
110
66
110
38
28
110
28
21
95
17
39
29
-2
29
27
62
92
-95
9
51
54
-8
20
39
123
43
20
-11
42
21
92
-4
21
107
25
40
9
-33
32
40
21
4
-9
0
-7
89
-56
16
-22
68
-44
148
9
74
5
117
82
-44
65
29
1
117
101
375
-44
-44
237
143
-22
142
29
128
63
158
70
70
-44
