-70
-78
-105
-81
-74
-89
-59
-63
-142
-101
-145
-101
-57
-44
-87
-47
-63
-64
-113
-101
-97
-74
-128
-72
-112
-38
-104
-105
-90
-30
-84
-64
-27
-19
-50
-19
-55
-19
-75
-75
-27
-19
-75
-19
-19
-19
-19
-19
-95
-19
1
1
-8
-10
-54
-115
-75
1
-49
1
13
-89
-89
-49
-67
1
-75
2
-115
-10
2
-11
-49
1
-75
-49
-75
6
-75
-16
-75
-19
-95
-116
-105
-20
-115
-116
-85
-115
-64
-105
5
-116
5
-95
-116
74
-116
-115
-116
-115
-5
-115
-116
-75
-20
-64
-116
-116
-116
-74
-85
-74
-116
-85
-116
-105
-85
-116
-116
-95
-102
-84
-84
-116
-117
-95
-95
-84
-85
-105
-95
-33
-29
-84
-98
-64
-64
-8
-135
-95
-52
-89
-105
-95
-49
-95
-76
-87
-48
-49
-87
-54
-49
-108
-99
-106
-55
-48
-88
-76
-88
-48
-38
-87
-37
-49
-87
-87
-49
-87
-87
-99
-48
2
-39
-108
-87
-88
-87
-76
-7
-38
-9
-122
-59
-121
-89
-87
-37
-79
-67
-44
-7
4
-24
-91
-91
-79
-91
-79
-104
-104
-55
-104
-91
-104
-55
-57
-91
-91
-55
-67
-93
-91
-104
-55
-104
-91
-79
-97
-79
-68
-91
-67
-91
-91
-117
-7
-79
-67
-79
-79
-79
-79
-102
-114
-91
-79
-78
-79
-91
-91
-91
-79
-79
-67
-79
-79
-91
-79
-67
-91
-79
-79
-121
-91
-91
-91
-67
-79
-91
-67
-79
-79
-91
-67
-91
-79
-67
-91
-32
-91
-67
-91
-68
-90
-91
-68
-91
-91
-91
-32
-67
-56
-56
-91
-91
-90
-58
-67
-67
-54
-113
-79
-79
-91
-46
-67
-82
-93
-79
-79
-104
-78
-91
-80
-45
-79
-43
-4
-43
-79
-47
-43
-54
-80
-86
-65
-78
-56
-78
-91
-91
-34
-34
-34
-29
-87
-104
-91
-16
-45
-67
-29
-34
-19
-34
-34
-34
-104
-45
-19
-47
-16
-19
-56
-34
-82
-45
-19
-15
-29
-43
-29
4
1
140
125
-58
112
-38
-9
20
-56
-19
-23
93
-19
5
6
-34
-6
-8
106
-19
12
0
-32
-11
-32
-36
14
-9
-34
-45
-19
-3
-19
18
140
-89
-34
-17
-10
15
6
-8
-19
-104
-67
-59
-34
13
17
6
-56
-67
-78
-9
-16
-9
104
-45
8
-43
-43
-29
-43
-48
-34
7
-67
-89
-10
-56
1
-54
14
9
10
10
-8
17
3
-56
-56
-54
-54
-45
103
11
-56
7
-45
74
-27
120
16
-29
9
-59
-55
17
-75
23
5
-45
-34
140
-59
-32
-45
-45
3
16
2
-39
-113
-1
-45
-43
-56
-45
-45
-18
7
-61
-56
-45
-45
-34
-45
-3
145
-45
-4
3
-55
24
24
87
-45
-15
-56
-56
7
149
6
-34
143
26
91
5
-10
-3
-45
5
24
-10
73
-45
89
17
-4
-6
11
16
-5
-11
-45
3
9
-3
-5
24
-5
10
-2
-56
-56
7
17
17
15
-55
12
141
19
15
-45
-2
-27
20
7
13
88
7
-1
9
8
-5
0
6
-7
0
73
137
20
-12
-9
-3
-25
6
-16
-34
11
-19
-1
9
78
13
24
3
13
15
8
4
9
86
18
-7
16
154
139
40
-6
-5
10
16
42
10
-8
18
5
-23
17
-11
19
-1
9
18
1
3
-7
137
-10
10
-1
-7
10
93
-17
13
-17
19
13
11
2
19
2
11
-2
18
14
88
17
7
105
18
12
19
7
16
6
0
10
7
5
238
-13
9
16
-7
4
8
5
-2
4
13
10
2
4
10
16
-9
14
130
14
131
30
5
164
13
13
77
10
-8
-3
97
2
-8
10
37
41
12
-2
15
20
10
36
9
13
9
14
-1
12
0
11
275
-17
10
11
7
240
20
19
47
14
-8
13
21
11
5
2
8
12
152
43
245
17
22
170
147
-6
5
10
-10
-10
12
258
16
18
140
164
-7
4
3
152
-5
12
4
12
28
16
3
3
11
329
9
72
1
19
136
11
25
41
20
13
2
-114
-5
41
6
77
16
10
18
16
11
224
15
16
9
14
46
11
14
29
184
14
128
16
278
18
158
70
142
36
-25
-12
40
7
-8
128
18
27
20
122
8
22
269
10
7
25
0
0
20
13
-6
212
1
11
11
18
19
2
162
13
110
9
70
13
8
17
6
214
12
142
15
55
16
11
20
4
16
164
14
-2
9
4
19
19
-15
57
129
-7
-23
170
20
10
280
12
42
33
1
89
135
5
278
239
-21
6
164
84
39
4
324
222
559
9
-3
146
30
18
232
236
7
-20
280
32
29
15
97
280
147
20
12
12
16
-16
168
142
295
24
18
8
-4
9
13
43
25
159
11
22
0
8
11
-7
-95
17
40
39
20
50
162
93
244
96
39
243
87
312
6
1
43
21
9
353
13
278
348
186
59
19
96
123
44
137
46
15
50
368
200
15
374
21
14
88
140
175
-5
186
124
94
18
-11
226
111
20
371
363
268
122
21
136
6
13
59
294
17
24
26
21
123
105
18
135
-2
21
198
48
11
343
99
232
354
258
181
6
92
16
288
56
208
45
5
76
252
249
124
247
286
81
14
225
13
470
129
