-69
-97
-81
-84
-112
-78
-65
-112
43
-105
-74
-88
-81
-71
-101
-104
-133
-109
-87
-109
-77
-86
-104
-55
-116
-90
-117
-112
-110
-60
-102
-100
7
-66
-94
-104
-31
-82
-92
-64
-48
-81
-143
-113
-85
-109
-84
-114
-114
21
-98
-95
-59
-68
-88
-98
-88
-78
-34
-125
-110
-112
-17
-59
-104
-57
-46
-38
-73
-78
-64
-74
-116
-77
-73
-9
-76
-71
-74
-76
-106
-111
-76
-94
-112
-24
-115
-110
-125
-121
-20
-138
-94
-47
2
-33
-43
-110
-90
-25
-126
-112
-49
-71
-111
-47
-132
-55
-100
-56
-49
-18
-52
-67
-63
-110
-127
-105
-82
-53
-76
-62
-72
-38
-15
-95
-111
-93
-143
-98
27
-143
-143
-143
-82
-74
-122
-100
-99
-72
-67
-88
-110
-100
-19
-63
-84
-68
-104
11
-116
-62
-58
-100
-70
-78
-106
-61
-55
-30
-105
-115
-102
-110
-6
-115
-143
-60
-100
-25
-34
-105
-99
-102
-39
-77
-29
23
-132
-71
-18
1
-50
0
-11
-80
-17
-61
54
-36
-50
-17
1
-40
-135
-116
-120
-70
-113
-102
-83
-93
-83
-27
-56
-46
-99
-43
-77
-81
-17
-55
-91
-27
-68
-99
-25
-142
-63
-115
-8
-81
-20
-66
-53
-32
-29
-24
-51
30
-46
-29
-70
-88
-81
-112
-67
-125
-32
-42
-108
3
-93
-74
-44
22
-27
9
-40
46
-77
-14
-11
-73
-75
-20
-111
-105
-50
-67
-115
-11
-89
-16
-64
-16
-119
-112
-47
-92
-110
-83
4
-16
-67
-115
-64
-8
42
-125
-65
29
-45
-80
40
21
-61
-77
-49
-53
-97
-113
-101
-105
-15
59
3
-77
-94
-100
-30
18
-100
-116
-93
-86
46
-111
-86
-103
-64
24
1
-64
-77
-100
-133
-105
-105
-85
-53
-106
-37
-104
-105
-84
-104
-109
-92
-57
27
-58
-105
-56
-116
12
-100
3
-73
-42
-35
-105
-90
-117
-102
-61
-26
-7
-111
-7
-4
-41
-94
36
-50
-102
-3
-49
-50
-84
-106
-116
-61
-116
-116
-105
8
-16
-71
-22
-122
-71
-46
4
-104
15
-35
-104
0
-97
-116
-116
46
-116
-105
-104
-54
-43
24
-104
1
-85
-55
129
-116
-73
-116
-105
-51
-46
-116
-105
-61
-104
-117
-66
-106
-57
-93
-116
-49
-49
-116
-116
-104
-116
-116
-116
-105
-116
-9
-145
-116
-116
-28
-117
-61
18
36
-105
-116
-50
3
-116
-85
30
-8
-104
-105
-105
-24
-94
-143
-105
-94
-116
-105
-116
-49
-105
-105
-116
-105
-39
-105
-116
-116
-116
-83
-125
-104
-116
-105
-116
-104
-116
-116
-105
-116
-116
-116
-116
-115
-116
-117
-49
-116
-116
-105
-116
-94
-131
-105
-105
-105
-116
-83
-94
-116
-116
-116
-116
-116
-116
13
-94
-115
-83
-94
-94
-116
-81
-72
-83
-66
-83
-61
-116
-61
-82
-85
-55
-61
-81
-55
-66
-66
-55
-79
-61
-55
-104
-116
-79
-79
-55
-55
-83
-55
-55
-55
-55
-55
-79
-55
-60
-61
-61
-103
-83
-55
-55
-55
-55
-55
-55
-55
-55
-55
-55
-55
-55
-55
-55
-55
-55
-55
-55
-55
-55
-55
-91
-91
-55
-55
-91
-91
-91
-91
-55
-91
-55
-91
-55
-55
-55
-55
-55
-91
-143
-143
-55
-55
-91
-91
-91
-90
-91
-91
-91
-91
-49
-91
-91
-90
-90
-48
-70
-91
-67
-90
-91
-91
-91
-61
-57
-90
-90
-91
-91
-91
-1
-91
-90
-91
-91
-104
-90
-90
-90
-91
-91
-90
-67
-90
-71
-61
-55
-91
-39
-49
-57
-67
-49
-90
-49
-91
-64
-49
-49
-49
-80
-49
-49
-65
-55
-90
-48
-91
-91
35
-49
-66
-90
-70
-68
-68
-65
-70
-39
-68
-72
-69
-81
-49
-49
-81
-57
-53
-49
-68
-69
-68
-68
-67
87
-39
-57
-49
-57
-51
-57
-68
44
-57
-53
-5
-58
-69
-58
-21
-67
-38
-79
-48
-49
-57
10
18
82
8
106
115
20
232
12
-38
-7
85
111
-20
122
-7
-19
140
-16
18
10
-19
-29
-36
-115
-29
-29
-19
-19
-29
83
-22
-19
21
-13
139
-19
-39
-11
100
2
131
3
-22
46
-29
12
-19
-18
1
-19
-29
226
10
232
-18
-19
-19
238
3
100
-29
-39
-19
227
136
-10
10
-14
-12
85
-19
10
6
-19
-10
-19
-27
139
14
2
14
-13
-22
-1
10
76
-23
12
6
206
-39
117
56
136
-22
-10
143
17
-15
126
-11
-10
1
7
1
-79
2
-39
43
-119
1
-10
213
1
135
-9
5
10
148
154
52
139
152
-35
-33
-26
2
-18
-8
31
131
-11
14
-1
-14
-4
-14
-18
125
178
9
-10
-9
-14
-18
-10
137
-10
240
-10
138
2
-1
143
-1
234
-15
91
-10
22
-4
150
20
6
10
-11
0
-13
63
-58
8
127
0
146
2
16
-58
130
-31
-58
130
6
6
63
3
-43
-13
-10
75
-57
20
10
10
-14
6
10
8
-71
175
5
-7
-1
10
5
164
162
18
11
154
141
-13
18
-55
99
8
152
10
-67
18
-27
7
-27
161
-43
95
46
-58
-19
-58
-27
-69
-82
20
-5
9
0
4
156
-71
5
-43
-9
-70
-9
34
-8
158
146
14
-27
78
242
-1
-27
136
154
15
14
-55
1
-56
-13
-56
-27
-70
-71
-17
-45
-6
-56
8
136
86
35
-71
-71
14
-71
158
-75
-56
-71
32
-56
-27
-56
142
-17
3
158
149
-13
-26
12
146
146
146
165
-56
18
152
1
