-103
-94
-121
-92
-132
-121
-130
-51
-65
-103
-111
-62
-109
-112
-83
-26
-131
-54
-39
-113
-23
-61
-110
-29
-65
-53
-111
-142
-63
-71
-120
-97
-73
-72
-89
-103
-102
-88
-31
-64
-131
-93
-111
-74
-115
-64
-63
-45
-115
-92
-135
-57
-141
24
-131
-61
-123
-120
-92
-103
-88
-100
-103
-57
-85
-111
-57
-106
-121
-101
-72
-112
-88
-77
-141
-132
-84
-58
-142
-139
-122
-104
-61
-115
-98
-119
-66
-119
-145
-137
-112
-105
-116
-77
-97
-133
-73
-114
-78
-39
-97
-119
-111
-48
-77
-122
-81
-31
-98
-142
-45
-110
-64
-123
-89
-16
-89
-73
-50
-44
-111
-135
-57
-36
-107
-47
-21
-63
-137
-41
-107
-43
-42
-60
-77
-121
-67
-91
-97
-93
-63
-110
-27
-142
-77
-104
-112
-71
-40
-105
-90
-87
-73
-33
-47
-89
-112
-74
-28
-133
-113
-114
-115
-108
-114
-78
-112
-90
-66
-41
-101
-13
-106
-85
-131
-100
-88
-40
-108
-89
-38
-86
-112
-21
-47
-141
-41
-55
-101
-132
-137
-89
-131
-80
-58
-77
-84
-56
-121
-145
-104
-110
-99
-113
-110
-60
-111
-131
-41
10
-46
-83
-100
-141
-104
-131
-69
-59
-113
-112
-99
-48
-38
-96
-89
-78
-91
-67
-88
-104
-84
-43
-39
-54
-105
-85
-85
-93
-132
-150
-115
-27
-98
-57
-42
-107
-61
-95
-76
-62
-55
-60
-83
-38
-90
-77
-52
-131
-76
-109
-84
-72
-115
-122
-117
-67
-41
-102
-64
-54
-71
-113
-112
-64
-130
-77
-40
-114
-65
-80
-101
-115
-119
-94
-100
-60
-39
-38
-104
-72
-95
-29
-112
-34
-130
-71
16
-48
-69
-76
-94
-100
-90
-100
-85
-75
-111
-65
-78
-143
-101
4
-32
-76
-60
-89
-80
-46
-57
-51
-53
-9
-43
-109
-131
-67
-89
-75
-100
-146
-93
-108
-112
-112
-77
-67
-119
-54
-116
-112
-59
-65
-20
-79
-75
-82
-110
-57
-89
-57
-32
-96
-89
-112
-74
-112
-62
-90
-63
-51
-134
-111
-71
-67
-67
-46
-72
-67
-101
-113
24
-48
-107
-69
-112
-82
-67
-43
-88
-99
-113
-65
-88
-80
-119
-38
-105
-111
-82
-77
-86
-73
-46
-113
-72
-133
-16
-27
-73
-33
-27
-85
-43
-80
-94
-74
-138
-91
-39
-67
-141
-64
-77
-8
-114
-47
-67
-80
-120
-95
-54
-112
-71
-46
-7
-54
-110
-69
-104
-95
0
-88
-78
-73
-26
-99
-42
-111
-80
-111
-67
-113
-101
-68
-83
-39
-90
-112
-99
-108
-114
-110
-74
-111
-130
-71
-77
-45
-57
-31
-106
-83
-75
-35
23
-105
-128
-91
-115
-63
-66
-92
-40
-89
-117
-41
-43
-105
-87
-64
-59
1
-65
-71
-103
-53
-48
-43
-60
-57
-58
-142
20
-92
-114
-98
-66
-137
-132
30
-58
-100
-113
-105
-115
-49
-36
-95
-67
-79
-74
-78
-77
-134
1
-72
-111
-71
-119
-99
-48
-89
-75
-115
-75
-70
-94
-81
-124
-103
-83
-58
-58
-137
-36
-123
-102
-105
-89
-48
-79
-124
-76
-104
-62
-27
-97
-68
-114
-91
-83
-112
-142
-64
-91
-110
-84
-48
-36
18
-60
-99
-72
-68
3
-103
-112
-113
-133
-51
-135
-31
-121
-107
-126
-75
-70
-77
-67
-72
-145
-88
-49
-73
-65
-93
-68
-28
-10
-100
-48
-81
-7
-51
-104
-115
-38
-92
-104
-56
-84
-64
-13
-125
-112
-88
-89
-65
-142
-84
-87
-104
-64
-52
-59
-99
-77
-82
-70
-112
-43
-85
-56
11
-47
-115
-75
-5
-120
-77
-72
-76
-90
-92
24
-24
-89
-76
-88
-8
-18
-88
-88
-8
-51
-56
-31
44
-48
-62
-132
-100
-87
-44
-59
-70
-64
-124
-4
-140
-116
-56
-72
-114
-30
-112
-99
-135
-129
-47
-95
-99
-37
5
-135
-71
-135
-115
-56
-123
-69
-144
-39
-36
-76
22
-133
-110
16
-64
-84
-78
-10
-80
-65
-67
-71
-9
-66
-110
3
-52
-72
-89
-71
-105
-113
-20
-62
0
-56
-66
-43
-71
-67
-50
-18
-78
-39
-64
-91
-113
-29
-89
-112
-29
-124
-116
-142
-34
-78
-93
-5
-99
-113
-39
-139
-62
-42
-76
-9
-59
-26
-24
-102
-100
-40
-132
-90
-54
-47
-64
-45
-54
-47
-112
-49
-28
-116
-121
12
-47
-121
-66
-58
-101
204
-71
-104
-100
-121
-128
-19
-34
-45
-72
-105
-68
-81
0
-64
-94
-101
-104
-98
-38
-81
-68
-68
-1
-99
-65
-135
-41
-112
20
-20
-66
-142
-89
-20
10
-99
-52
-70
-83
-130
-36
-35
-16
-20
-76
-59
-66
-47
-112
-55
-9
-113
-10
-64
-100
18
-40
-47
16
-111
-29
-87
-104
-47
-81
-102
-124
-44
-47
-111
-98
-112
-94
-68
-90
-11
-68
78
-50
-82
-117
-104
-67
-110
-104
-11
-90
-71
-137
5
-38
-59
-100
-58
-74
24
-47
-99
-115
-87
-10
-36
-112
-40
-17
-95
-56
4
-77
3
-95
52
-28
0
-39
57
-97
-28
-58
-84
10
-63
-77
-110
-21
-39
-33
-78
-88
-103
-92
-116
-66
-82
-56
-27
73
-35
-58
-76
-51
-64
-76
-136
-114
-14
-93
-36
-29
-69
-27
-143
-131
-58
-58
-36
28
-115
-92
-72
-53
-37
-16
54
-67
-51
-77
-100
-90
-9
-66
-100
-81
-88
-112
-77
-82
-92
-114
-104
4
-110
-67
-115
-113
-83
-64
-46
-58
-65
-42
-84
-35
-115
-42
-72
-69
-67
-56
-68
-53
-67
-41
-58
-92
-66
-47
-116
-50
-113
-57
-36
-23
-25
-99
-75
-70
-56
-100
-132
-87
-96
-95
-76
1
-115
-134
-112
-126
-28
-131
-95
-88
