-120
-3
-130
-106
-67
-65
-71
-89
-89
-59
-76
-111
-87
-104
-79
-104
-136
-85
-91
-99
-71
-82
-112
-105
-85
-62
-56
-64
-61
-69
-111
-78
-46
-74
-57
-110
-85
-134
-101
-32
-68
-123
-38
-44
-5
-111
-47
-84
-129
-50
-100
-119
-121
-96
-143
-35
-31
-35
-54
-103
-30
-75
-112
-111
-28
-88
-68
-145
-119
-126
-88
-77
-110
-37
-65
-90
-100
-79
-84
-74
-101
-116
-81
-66
-38
-35
-51
-76
-142
-56
-96
-115
-62
-108
-65
-133
4
-110
-64
-79
-53
-131
-1
-67
-86
-43
143
-124
-38
-43
-77
-20
-73
-62
-89
-114
-79
-90
-82
-115
-105
-76
-21
-45
-61
-124
-126
-94
-100
-44
-79
115
-58
-116
-119
-69
-99
-50
-111
-77
-123
-18
-122
10
-133
-76
-112
-93
-111
-83
-66
-50
-122
-84
-115
-94
24
-82
-112
-50
-104
-104
-132
-50
-39
-52
39
-72
-50
-6
-11
-60
-17
-71
-66
-105
-10
-82
-114
-52
-60
-91
-143
-78
-28
-79
13
-71
22
-58
-75
-93
-115
-20
-77
-95
-26
-116
-55
-93
-88
-112
-99
-105
-36
-87
-8
-24
-61
-65
-89
-82
-76
13
-135
80
47
-70
-66
-58
-61
-145
-106
-53
-84
13
54
30
-83
-91
-134
60
-94
-111
-73
13
-27
-83
-135
-118
33
-9
-104
12
-55
-110
-93
62
1
92
-76
1
-81
-131
-93
-75
-78
-93
-95
-110
-76
-115
-114
-104
-100
-36
-94
1
-30
0
-8
-94
-64
-94
-104
-82
-86
-105
-82
-82
-116
-92
-67
-105
-104
-93
93
-116
-82
-116
-105
-115
-67
-92
-52
106
-115
-93
-111
-142
-67
-116
-55
-111
-95
-55
-67
-93
-92
-114
-111
-64
-116
-82
-95
-116
-99
-55
-103
-82
-82
-92
-112
-75
-115
-115
-115
-101
-27
-92
-94
-93
-104
-105
-111
-111
-81
124
-116
-67
-116
20
-116
-38
-49
113
-84
-112
-104
113
90
113
-92
-111
-92
-111
-82
-115
-49
-112
-104
113
-95
-104
113
113
-38
-115
-89
42
-104
113
113
-116
-79
-84
-92
113
-81
-82
113
-19
-93
-38
113
113
-38
-111
113
106
41
-81
-81
113
135
-38
-2
-2
-81
113
-38
-38
-38
-104
-81
-2
-2
-38
113
124
113
-116
-15
-2
-38
-2
135
113
113
113
-2
41
113
42
-2
-72
113
-81
-50
124
89
-50
113
-50
-81
113
90
41
-62
-92
89
113
-2
102
-2
124
-2
-51
-62
113
-50
113
90
-62
41
135
123
90
-2
135
90
41
90
-62
-2
113
41
41
41
-2
90
41
90
41
90
41
-50
41
90
-2
90
-50
-2
9
146
61
90
41
9
-50
-112
41
41
90
90
69
90
9
-2
-2
135
135
135
41
90
90
41
-2
41
100
41
-52
-52
36
-52
-41
41
41
-52
41
90
100
41
-92
90
100
42
41
42
41
-2
146
89
-50
90
-41
41
-52
41
41
-52
42
41
42
36
-41
42
-70
-55
41
-32
41
71
-81
41
41
100
41
201
-32
41
41
41
-32
-32
-32
100
-32
100
-41
-20
-32
-50
54
100
41
42
42
41
42
12
-32
-67
-32
-32
42
-50
134
-32
42
-32
42
-32
42
113
195
-32
36
-64
-32
-32
-75
-22
41
-50
-32
42
-50
42
-32
-32
-44
-55
-32
-32
101
-32
-32
-32
-50
-75
41
-32
-32
-32
42
-32
-50
-32
-41
-32
-41
-32
-32
-32
-32
41
-41
-32
-32
-32
-112
-115
-1
-32
-133
-32
-55
-32
-32
-32
-32
-75
-32
-10
-75
-9
-52
41
-32
-31
-137
-69
-75
-75
-66
-75
96
-75
-75
2
52
112
-32
21
63
-92
-115
-115
-27
-92
-12
5
-75
-93
27
42
63
-115
-112
53
53
149
-32
137
-7
41
-24
78
137
-92
-112
63
-78
53
53
53
63
-75
53
53
-67
-92
42
14
63
53
148
148
18
137
42
148
-92
148
83
-92
-92
64
100
-67
137
-92
-92
148
148
137
-92
-92
75
64
-92
64
148
-92
-92
-92
137
137
137
-92
-70
-92
-92
-92
-92
-92
-92
-66
-92
-92
-92
-92
-92
-92
-43
-92
-92
-97
-91
78
-112
-92
-92
-92
-92
-92
-92
-92
-92
-92
-92
-92
-92
-92
-92
-92
-92
-92
-92
-92
-92
-69
-92
-92
-92
-92
-92
-92
-92
-92
-92
-92
-92
-97
-92
-86
-92
-58
53
42
12
-22
-19
-65
-97
-14
2
-76
37
12
-58
2
-92
-28
-22
-22
-57
12
-92
30
2
2
-38
-27
-28
-22
-14
-58
-58
2
2
-3
-92
10
2
-3
-70
-92
-22
2
-92
-27
-8
-99
-26
-13
-8
-92
-92
-20
-92
-87
-69
2
-65
-22
-21
-45
-22
-65
-51
-92
-92
-92
-92
-92
-92
-92
-92
-92
-92
-92
-40
-40
-92
-20
-92
-87
-92
-92
-92
-58
-92
-92
-92
-92
-92
-92
-69
-92
-92
-92
-92
-92
-9
-94
-92
-92
-92
-92
-92
-92
-92
-92
-92
-92
-92
-92
-92
-92
-92
126
-73
-92
-92
-92
-92
-92
-92
-92
-92
-92
-92
-92
-92
-92
-92
-92
-92
-92
-92
-92
-92
-92
109
-92
90
-92
-92
-92
-92
-92
-92
-92
-92
-92
-92
-92
90
90
90
-92
-92
89
78
90
-39
41
90
109
42
109
126
90
90
-92
90
90
90
78
90
41
-112
99
90
90
90
90
99
89
41
41
109
126
41
126
126
126
41
