-134
-84
-49
-53
-50
-114
-93
-113
-89
-110
-105
-75
-142
-88
-110
-31
-122
-70
-104
-46
-90
-56
-111
-55
-79
-110
-95
-77
-112
-78
-73
-38
-61
-112
-55
-48
-104
-26
-121
-65
-80
-51
-76
-138
-74
-90
-29
-132
-16
-76
-36
-92
-65
-101
-134
-84
-114
-108
-70
-7
-81
-58
-71
-114
-48
-113
-37
-80
-92
-74
-15
-50
-131
-124
-7
-39
-65
-73
-110
-23
-39
-49
-115
-91
-128
-95
-101
-36
-98
-46
-89
-119
-19
-126
-84
-45
-96
-103
-98
-82
-70
-93
-114
-74
-101
-67
-65
-119
-112
-63
-53
-121
-59
-94
-75
-50
-73
-132
-131
-105
-132
-85
-90
-53
-94
-103
-102
-119
-135
-86
-115
-8
-68
-26
-104
-122
-92
-102
-135
-33
-129
-72
-122
-58
-67
-116
-101
-54
-91
-104
-94
-49
-116
-46
-143
-74
-93
-65
-115
-114
-39
-84
-34
-102
-40
-35
-38
-83
-53
-78
-39
-102
-70
-124
-94
-31
-112
-143
-36
-111
-41
-123
-54
-75
-76
-78
-92
-41
16
-67
-98
-10
-57
-98
-34
-91
-76
-77
-115
-60
-44
-44
-130
-48
-42
-69
-103
-91
-39
-107
-49
-120
-70
-124
-9
-111
-114
-110
-123
-62
3
-64
-67
-92
-49
-97
-31
-111
-129
-18
2
-64
-143
-84
-100
-65
-134
-128
-66
-74
-76
-104
-84
-109
-121
-53
-124
-29
-59
-104
-82
-88
-57
-112
-48
-51
-116
-82
-52
-29
-87
-71
-135
-27
-93
-58
-103
-40
-9
-27
-76
-61
23
-142
-114
-99
-49
-57
-89
-90
-76
-145
-38
-46
-57
-105
-112
-39
24
-116
-45
-59
-84
-78
-81
-135
-22
-49
-7
-60
-88
-101
-84
-73
-85
-94
-60
-28
-104
-77
1
-27
-63
-41
-93
-112
-7
12
-14
-120
-80
-144
-70
-60
-51
-2
-76
24
-102
-95
-39
-61
-84
-99
-92
-119
-55
-115
-72
-77
-91
-65
12
-67
-93
30
-45
-142
-70
-71
-37
3
-43
-24
-64
-125
-72
-11
-61
-47
-58
-103
-105
0
-79
-63
-38
-52
-48
-115
14
-75
-32
-135
-50
-113
-115
12
-84
-45
-102
-53
-94
-86
-139
-65
-121
-37
6
-10
-111
-76
-122
-22
-17
-49
-133
-81
-79
-73
7
-101
-139
-23
-101
-74
-65
-63
-96
-64
-116
53
-7
-124
-52
46
-64
-46
-104
1
12
-112
-64
-89
-9
22
-88
-84
-37
-104
-72
-99
-115
-33
-46
-123
-112
-30
-89
1
-100
-70
-19
-78
-115
-16
18
-75
-135
-86
-50
19
4
-74
-28
-76
-58
-84
-47
-73
-47
-50
-60
0
16
1
-37
-113
-115
-75
-104
-64
-84
-55
-57
-136
-102
25
-56
-35
-31
-65
-83
-97
-19
3
3
-99
-4
35
-20
-120
-37
4
70
-59
-144
-105
-104
-74
-79
-95
-60
-32
2
-65
-83
-64
-51
-73
-75
1
-110
-61
3
-112
-9
-75
-60
-24
-56
-78
-103
3
-71
-42
-105
-54
-64
-88
-135
-147
-91
-45
-110
-146
-132
-58
-48
-13
-59
-148
30
-142
-81
47
-94
-64
-65
-83
-74
-86
-116
-75
-63
-7
-111
-100
-116
-116
-77
-89
5
-30
0
-105
-27
-14
-61
-113
-131
-87
-112
-85
-45
-142
11
-66
-66
-95
-136
-58
24
-72
-17
2
-48
-111
-109
-14
-90
-101
-119
47
-74
-75
36
-120
-85
-84
0
-112
-64
-86
13
-35
-20
-93
-78
4
-75
-46
-116
-94
-135
-115
-20
-104
-44
-78
-14
-116
-38
-84
-111
-64
-111
-112
-25
-111
-131
-82
-115
-115
-41
-4
24
3
12
-40
-67
36
-116
-131
-78
11
-94
-105
-110
-75
52
-115
-66
-100
40
-121
-63
-74
-12
-24
-111
7
-20
-52
5
-74
-77
-116
-81
-24
24
-76
-10
-111
-64
-58
-67
-76
-56
24
-81
-115
-4
-24
11
-110
-116
-67
36
-117
3
-66
-49
-99
-127
-135
-59
-105
24
-11
12
-101
26
-93
-35
-18
-14
-130
-105
-110
-145
-48
-89
-39
-115
13
-24
-27
-4
-66
21
-111
36
-21
-72
-111
-103
-98
-36
-131
44
-63
-3
11
-53
-58
96
-66
-88
-14
-59
-116
-116
12
-117
-20
-55
-94
-105
-100
-24
-33
-13
-132
-125
-22
-35
-39
-135
-11
-87
-111
-113
-101
-100
-101
1
-5
-8
-142
-111
-111
25
-69
-115
-62
-100
-29
-121
-114
-112
-100
-111
-104
-56
-132
-115
-8
-78
-111
-66
-132
0
-143
-112
-123
-101
-111
-71
-143
-3
3
-116
-110
-93
-81
-99
-111
-10
-115
-8
-111
-15
-142
-102
37
-111
-81
-133
-72
-120
68
-126
-25
-110
-87
-116
36
-116
-124
-110
-104
-13
-142
-69
-104
-78
36
47
-55
-62
-111
40
-104
-131
-104
-111
-116
-116
-105
-99
-103
-14
-8
-143
-61
-59
-53
-104
-111
-103
-105
-112
-105
-104
-105
-33
-103
-111
-101
-61
-111
2
-106
-71
-26
-52
35
-116
-106
-102
-94
-102
-94
-104
-102
-59
-102
-103
-103
1
-60
-105
-102
-115
-104
-112
-104
-143
-102
-104
-116
-49
-111
-116
19
-111
-78
-103
-100
-79
-8
-74
-26
11
91
-144
-111
-102
-90
-116
-102
-38
-116
-111
-17
-104
-104
-103
-91
-116
-61
-103
-103
-116
-114
-116
-102
-102
-79
-116
-38
-44
-104
-61
-70
-61
-91
-61
-104
4
-38
-103
-78
-116
-112
-61
-61
-66
36
-146
-67
-91
20
-61
-38
-61
-91
-61
-66
-55
26
-26
-44
-112
-61
-61
-38
-26
-76
-67
-38
-38
-112
-55
-66
-71
-67
-38
-38
-55
36
-66
-78
-66
-38
19
-76
-61
-67
