-56
-111
-113
33
-100
-93
-131
-99
-44
-95
-128
-77
-143
-64
-70
-144
-91
-53
-36
-99
-60
-16
-77
-113
-101
-32
-131
-130
-58
-105
-120
-61
-74
-87
3
-40
-47
-49
-127
-75
-57
-69
-71
-22
-48
46
-57
-89
-113
-113
-33
-28
-72
-75
-92
-88
27
-14
-68
-81
-112
-111
-92
17
-116
-42
-64
-105
44
-104
-37
-106
-64
-47
-37
-64
-8
-19
-64
-39
-39
-64
-48
-104
-28
-58
-38
-8
-19
-114
-75
-49
-106
-82
-49
-27
-49
-75
-94
-19
-56
-8
-21
55
-44
-28
-49
-32
-116
-116
-30
-19
-67
-19
-38
47
-35
77
-8
-17
48
-116
-116
-116
42
46
-38
-103
-87
-126
-43
-105
-102
-64
-114
-13
-144
-126
-116
-48
-116
-28
-31
-23
-116
-5
0
-64
-29
-46
-28
-10
-115
-28
-19
118
-32
-82
-2
-62
-116
152
-116
-116
6
-116
-22
-105
-116
-64
-64
-72
-118
-116
-72
-7
-75
-22
-10
-116
-116
-116
-116
-105
-116
-55
-64
-83
-116
-22
-116
-7
-115
-75
-72
-8
1
-38
-115
-81
-80
-80
-79
-75
-18
-116
-116
-52
-115
-115
-118
-116
-19
-96
-80
-116
-80
-79
-116
-116
-116
-116
-80
-80
-32
-116
-2
-115
-116
-16
-82
-82
-81
-72
-116
-83
-80
-116
-81
-81
-80
8
-53
-51
-82
-82
-116
-95
-116
-116
-116
-82
-82
-82
-82
-81
-105
-116
-82
-81
-82
-82
-82
-40
-116
-81
-82
-81
-80
-116
-82
-80
-29
-71
-82
-82
-50
-75
-32
-29
-29
-64
-32
-26
-142
-53
-55
-53
-60
-40
-39
-50
-40
-40
-72
-116
-2
-2
63
-53
-53
-116
-43
-54
-72
-61
-116
-26
-142
-42
-53
-51
-43
-9
-54
-72
-54
-19
-105
-44
-94
-30
-30
-53
-54
-30
-53
-53
-72
-30
-54
-30
-92
-49
-29
-30
-30
-92
-29
-105
-53
-24
-43
-105
-49
-94
-51
-49
-49
-51
-61
-53
-49
-29
-40
-94
-49
-43
-51
-19
-51
-83
-19
-43
-143
-38
29
-79
-40
-90
-69
-50
-50
-79
-39
-7
-82
-29
-19
-29
-20
-94
-22
6
5
-19
-26
-19
-40
-116
-5
-27
-5
22
-4
-49
4
-5
-20
-19
-11
-12
9
-19
8
-6
-7
6
18
-13
-4
-72
1
0
85
127
14
-12
-12
4
10
14
7
99
-49
-49
106
10
18
10
-8
-6
-8
13
4
17
-4
-30
-49
29
89
14
16
8
13
-22
-2
273
14
-49
12
-4
-13
19
13
10
10
-11
2
0
-10
19
-5
3
18
8
-6
-7
-7
-11
14
-9
-3
-9
-6
-49
18
17
-9
11
-64
18
1
88
49
18
13
1
-49
0
-25
14
3
58
-1
10
-49
2
0
4
115
8
-91
-16
-8
-49
19
144
-61
9
-8
15
-15
-3
10
-49
15
-13
20
23
79
-7
4
0
-22
11
11
12
29
152
357
123
-7
-26
150
0
17
-11
146
11
3
9
5
6
25
-39
44
21
10
12
-76
-53
-11
-18
12
6
-18
-20
4
13
-67
36
6
20
-62
14
-3
-2
-11
-8
90
4
123
6
14
-4
27
5
5
11
-9
5
18
11
8
-55
-3
3
2
14
-11
-2
10
-38
-8
-4
20
9
8
5
14
151
3
4
-17
-17
6
-15
105
4
10
59
-8
14
7
3
25
159
-11
9
11
114
3
5
15
18
-3
115
-6
-6
-1
-16
3
21
19
-11
-8
17
19
-5
31
8
169
0
-2
22
22
21
9
-15
-23
-7
20
16
11
12
67
145
71
156
11
158
17
-1
144
13
27
145
8
4
183
15
-31
11
61
9
9
-15
-13
111
18
12
18
16
88
-115
16
14
22
2
45
-2
15
-9
149
155
43
-7
-2
12
9
-11
12
125
150
13
106
17
46
28
0
184
12
9
9
-15
40
14
158
20
8
-12
-1
-19
20
-13
-22
-11
-32
-8
3
-3
-15
-44
8
13
1
-7
-8
25
81
5
-22
29
-3
19
-10
14
12
10
16
67
185
-6
-5
12
44
-33
104
54
-16
16
123
-22
8
91
119
6
136
-16
-2
-20
7
5
5
20
20
5
-18
5
147
17
6
-1
2
-15
128
77
3
-22
21
13
11
-27
12
-7
-31
22
36
13
46
-16
145
30
-7
-24
44
-115
18
-7
-7
-15
-18
5
18
-16
361
1
19
-22
84
-8
4
-21
6
33
62
8
19
40
5
22
-11
-25
16
18
103
-12
245
12
14
11
46
2
40
5
-10
-24
16
173
142
20
15
148
42
14
20
17
135
13
36
139
16
16
20
-1
-8
168
14
14
-8
5
21
20
64
5
24
-4
14
10
168
9
-22
19
18
56
19
125
7
35
11
-49
1
5
8
26
16
113
11
68
4
-16
-5
-2
122
16
1
45
4
29
7
28
59
-11
-32
20
20
18
11
12
4
21
126
16
7
-21
41
11
39
5
21
18
121
137
18
14
82
32
11
127
19
3
16
-11
66
17
3
48
6
16
10
9
-10
-13
-10
24
12
129
-19
12
7
-9
-9
120
5
-19
3
6
-24
68
188
11
30
133
18
-22
121
-17
24
168
19
-19
35
14
1
14
16
128
23
3
43
11
17
67
141
2
13
53
-18
12
